20
12 10
4 18 5 11 10 7 6 17 14 8 
8 11
13 19 14 11 15 10 0 12 9 3 18 
14 5
7 10 8 9 12 
17 7
9 3 1 18 5 12 13 
6 9
7 3 11 9 2 19 12 16 4 
7 7
14 13 6 16 12 11 1 
19 6
13 10 8 3 9 6 
9 12
17 4 10 15 13 14 6 1 3 19 11 8 
4 6
2 9 12 18 6 15 
16 6
7 13 0 5 3 6 
2 7
4 11 13 3 1 6 0 
10 7
19 8 9 14 12 11 0 
0 7
1 18 5 8 16 2 10 
11 10
2 12 6 8 7 15 10 5 3 9 
15 5
8 11 9 5 4 
18 8
12 13 17 5 1 4 0 8 
3 10
6 1 19 2 13 17 9 8 16 11 
5 9
13 12 15 0 17 18 1 16 11 
13 10
2 19 7 8 16 5 18 3 9 17 
1 8
0 9 17 3 18 5 2 7 
