100
63 4
48 33 62 95 
95 3
57 3 63 
62 5
55 11 63 14 46 
93 7
86 4 24 6 57 46 80 
80 5
23 20 42 93 25 
46 10
13 17 79 26 93 24 37 88 99 62 
57 7
95 97 93 8 68 79 47 
6 3
18 93 9 
23 4
80 31 99 29 
29 5
18 0 88 23 49 
99 6
71 27 23 69 46 55 
31 6
94 23 37 14 47 79 
94 7
0 72 31 28 85 18 83 
83 4
19 7 94 59 
85 9
9 52 73 26 37 10 70 1 94 
28 8
22 4 94 79 42 71 37 56 
34 5
13 70 77 54 9 
9 8
85 84 71 36 72 20 34 6 
54 8
37 98 90 34 7 50 72 69 
88 6
25 78 40 22 46 29 
22 9
28 56 76 92 60 88 2 71 37 
68 3
66 57 4 
4 9
70 67 93 28 72 21 43 18 68 
66 6
32 17 68 53 33 13 
69 9
76 55 99 90 70 65 81 2 54 
72 9
44 54 4 59 89 36 9 94 82 
50 4
87 67 16 54 
7 7
20 83 87 0 54 32 24 
14 7
86 62 38 97 67 65 31 
65 5
14 32 79 69 49 
67 14
4 51 97 1 40 92 14 39 50 42 74 36 76 82 
38 8
5 13 15 91 86 37 14 96 
36 5
71 9 67 72 41 
41 3
96 79 36 
8 3
47 57 56 
56 4
60 22 28 8 
47 5
10 8 31 74 57 
35 6
60 87 45 59 37 5 
5 5
38 92 16 10 35 
37 12
79 10 89 35 54 38 46 85 31 28 17 22 
59 4
72 35 19 83 
45 3
33 35 70 
91 4
11 89 25 38 
25 6
88 2 70 91 10 80 
89 5
44 96 37 72 91 
11 6
62 12 91 92 55 32 
39 4
84 97 67 86 
86 7
93 19 14 40 92 39 38 
13 8
46 73 34 42 78 38 1 66 
33 7
45 27 48 10 63 60 66 
53 8
77 82 24 10 92 27 26 66 
70 9
4 25 40 34 1 69 45 85 75 
75 2
98 70 
1 6
13 90 70 67 85 3 
10 8
33 47 53 85 48 25 37 5 
87 6
43 50 7 35 26 73 
73 7
85 13 98 16 77 79 87 
26 7
85 92 53 64 46 87 71 
19 5
2 83 86 71 59 
16 6
40 58 73 50 76 5 
51 6
24 32 58 2 67 61 
97 8
76 57 30 67 2 39 14 20 
40 10
16 24 92 88 43 86 67 70 0 15 
92 9
40 26 67 5 18 22 53 86 11 
42 4
13 80 67 28 
74 3
21 67 47 
61 2
96 51 
96 5
41 61 38 89 48 
15 3
52 38 40 
0 10
94 24 2 29 79 60 40 90 58 7 
58 4
30 51 16 0 
90 8
54 1 43 20 69 0 44 78 
79 11
20 37 49 41 28 31 73 46 0 57 65 
18 6
94 6 3 4 29 92 
71 8
36 22 99 28 9 19 26 12 
12 3
82 11 71 
20 8
79 9 43 7 80 60 90 97 
2 8
0 25 76 51 22 19 69 97 
30 3
58 17 97 
49 3
79 29 65 
64 3
81 26 76 
76 8
97 67 69 2 84 64 22 16 
81 5
21 69 64 48 17 
82 4
12 67 53 72 
98 6
54 27 75 44 73 21 
21 4
81 74 4 98 
44 4
89 72 98 90 
27 6
24 33 98 32 99 53 
24 9
0 40 27 46 93 51 53 7 84 
55 6
11 62 17 48 69 99 
3 4
78 18 1 95 
17 7
66 55 30 52 46 37 81 
78 4
88 3 13 90 
32 7
27 51 66 77 7 65 11 
43 5
87 20 90 40 4 
84 4
9 39 76 24 
77 5
73 34 53 32 48 
48 7
81 55 63 10 33 96 77 
52 3
15 85 17 
60 6
35 56 0 33 20 22 
