50
20 3
48 30 45 
45 3
42 40 20 
38 6
8 33 36 13 7 40 
40 3
45 42 38 
48 6
9 20 37 24 8 44 
44 4
1 35 48 28 
29 2
13 19 
19 4
4 37 24 29 
46 2
8 12 
12 7
6 4 1 18 22 37 46 
7 5
39 9 38 35 2 
2 2
33 7 
10 3
21 35 32 
32 5
18 33 27 10 36 
43 4
21 1 41 27 
27 6
25 42 9 32 49 43 
28 3
47 5 44 
41 2
43 23 
23 5
25 31 4 5 41 
37 4
14 48 19 12 
8 5
46 9 48 38 18 
18 3
32 12 8 
13 9
11 38 29 22 26 35 34 14 5 
5 3
28 23 13 
24 5
25 47 48 19 6 
4 6
12 33 31 19 26 23 
26 2
13 4 
36 3
3 38 32 
33 8
38 1 32 4 9 17 30 2 
11 2
13 15 
15 2
9 11 
39 3
6 7 1 
1 7
43 47 33 44 25 39 12 
9 8
48 27 7 49 8 33 34 15 
34 2
13 9 
25 6
27 47 23 24 1 14 
22 3
13 12 21 
21 3
10 43 22 
31 4
14 23 4 49 
49 3
27 9 31 
14 4
37 31 13 25 
30 2
20 33 
17 5
0 33 16 47 42 
42 5
27 17 45 0 40 
0 2
17 42 
47 5
25 1 24 28 17 
16 1
17 
6 3
39 12 24 
35 5
10 7 13 44 3 
3 2
36 35 
