50
48 14
25 30 22 13 5 45 44 33 27 46 28 2 49 24 
30 11
13 47 9 48 44 16 15 29 23 22 21 
13 14
33 7 29 48 1 9 41 10 27 8 30 19 2 34 
5 11
32 10 33 47 49 45 19 40 25 48 37 
45 7
40 47 5 48 17 41 38 
24 10
34 14 40 32 3 37 48 28 9 41 
41 11
22 14 39 11 21 24 44 2 45 13 25 
9 9
31 17 13 23 30 33 26 24 6 
37 11
43 29 19 33 31 24 39 34 25 23 5 
4 14
12 49 39 23 36 25 14 26 6 42 10 22 0 31 
49 12
22 27 48 5 25 33 46 44 34 40 39 4 
14 14
21 26 35 4 41 19 6 25 11 24 7 28 0 1 
22 12
21 46 31 48 27 30 41 7 34 39 49 4 
23 12
9 10 29 30 39 40 3 4 8 16 21 37 
25 21
48 32 39 35 12 17 7 6 4 5 26 37 14 43 36 49 2 42 41 27 10 
26 10
14 25 18 4 43 15 27 9 31 46 
6 12
36 15 14 34 19 47 4 25 1 28 9 27 
42 10
29 0 17 18 38 25 34 4 44 8 
10 15
34 5 44 4 16 3 13 47 35 36 23 7 17 25 21 
0 10
7 19 11 12 42 4 8 33 14 34 
31 10
17 9 43 4 37 44 33 22 36 26 
36 11
39 11 47 4 6 7 10 25 17 31 19 
33 14
13 28 31 27 48 32 0 9 1 5 37 2 49 47 
28 13
43 48 3 1 24 21 40 14 6 32 7 46 33 
27 15
6 47 43 25 26 49 2 33 22 17 48 13 29 20 21 
2 13
48 17 27 47 25 35 16 33 13 41 7 11 21 
32 15
5 12 7 28 17 1 8 33 20 39 43 24 19 15 25 
1 13
14 40 3 35 46 16 33 6 32 28 17 13 15 
20 7
21 27 32 44 19 39 47 
47 13
5 10 6 45 2 33 8 16 36 30 27 39 20 
39 14
20 18 49 4 36 43 47 22 23 41 7 32 25 37 
19 16
3 0 34 20 6 32 5 36 43 12 7 13 14 37 18 11 
44 11
10 12 42 49 30 35 41 20 31 48 17 
40 10
45 21 24 28 23 29 1 5 49 43 
21 17
14 8 20 2 30 22 23 10 27 41 28 17 7 3 43 15 40 
7 19
39 10 16 2 19 14 28 17 38 32 25 0 22 36 21 15 29 13 18 
35 11
25 38 1 14 34 44 8 2 10 15 11 
46 9
1 49 29 22 38 16 48 28 26 
34 12
13 22 49 24 37 42 35 19 17 6 10 0 
43 14
40 39 11 21 37 26 19 25 32 27 28 31 38 8 
12 8
4 44 16 25 19 0 29 32 
38 7
29 46 42 43 7 35 45 
11 9
0 41 36 14 2 19 35 43 17 
15 10
7 32 6 30 21 29 26 35 3 1 
17 18
31 2 25 32 44 34 11 21 7 3 9 1 36 45 29 27 10 42 
18 8
7 19 26 29 42 16 8 39 
8 10
21 0 43 47 23 13 35 18 42 32 
29 14
23 12 13 15 40 30 18 42 27 37 38 7 17 46 
16 10
12 7 2 1 18 47 30 23 46 10 
3 9
19 1 23 24 21 15 10 28 17 
