50
9 6
48 11 24 12 18 1 
1 6
21 10 8 30 43 9 
12 10
14 29 43 32 21 35 19 22 9 33 
24 10
11 2 9 30 36 34 39 16 15 0 
48 10
19 42 9 36 30 22 49 47 33 8 
13 9
18 35 34 20 15 49 37 11 6 
6 7
21 28 2 18 7 13 29 
11 12
24 29 33 46 8 2 9 31 41 13 32 14 
37 9
25 26 31 36 13 16 8 0 5 
27 6
38 40 22 30 15 5 
5 9
32 18 33 0 29 45 37 28 27 
15 7
42 13 0 28 27 40 24 
30 8
38 24 26 2 27 48 1 3 
35 7
19 13 12 18 8 29 31 
31 6
20 37 11 26 35 36 
29 13
19 35 11 14 40 12 42 23 38 5 16 28 6 
8 12
47 25 16 36 22 37 11 35 39 40 1 48 
18 9
13 49 9 23 35 5 6 16 20 
45 9
7 38 40 46 33 28 3 5 32 
0 6
15 5 7 46 37 24 
33 9
11 21 45 34 20 5 3 48 12 
40 15
45 25 21 17 42 27 10 15 29 4 49 43 36 8 38 
22 7
47 39 34 8 12 27 48 
36 12
7 25 43 14 40 2 48 31 8 37 24 3 
16 8
43 8 46 37 24 29 25 18 
47 6
22 8 25 19 20 48 
49 6
43 18 40 48 13 41 
39 11
8 22 7 41 38 24 2 19 32 20 10 
2 7
39 36 30 24 11 21 6 
25 8
37 36 40 47 8 44 16 26 
26 8
37 43 10 30 7 17 31 25 
44 5
7 28 38 25 32 
21 7
6 46 33 1 12 2 40 
20 10
31 13 42 33 46 14 39 47 18 19 
23 3
18 29 28 
28 11
5 4 6 14 44 15 29 45 7 41 23 
38 9
44 27 45 30 39 40 7 42 29 
42 6
48 20 40 15 29 38 
7 10
36 44 6 45 26 38 0 28 39 34 
41 4
39 11 28 49 
19 9
35 46 48 47 12 39 20 29 10 
14 6
12 20 28 29 36 11 
46 10
45 19 16 0 32 21 11 43 17 20 
17 3
26 46 40 
43 8
49 12 36 26 40 16 46 1 
32 8
12 5 3 46 44 39 11 45 
10 6
26 19 1 40 34 39 
4 3
28 40 34 
34 8
24 22 33 3 10 13 7 4 
3 6
45 32 36 30 34 33 
