50
31 2
12 26 
26 4
4 22 20 31 
12 7
31 9 32 41 7 38 45 
1 2
24 35 
35 4
42 9 38 1 
24 4
1 22 20 14 
36 5
30 45 28 6 11 
11 4
32 41 36 22 
6 7
39 20 23 36 22 33 42 
28 3
36 30 10 
45 3
2 36 12 
30 2
36 28 
39 2
6 20 
20 8
6 41 5 24 0 29 39 26 
22 10
24 11 34 17 19 26 6 41 46 33 
41 8
25 21 11 22 12 20 43 46 
32 6
40 11 12 48 17 38 
18 2
19 46 
46 3
22 41 18 
19 5
15 18 22 40 21 
2 2
45 7 
7 3
21 12 2 
25 4
0 41 38 47 
47 3
21 25 8 
38 5
33 12 35 32 25 
0 2
25 20 
40 3
32 10 19 
10 5
3 33 40 28 27 
17 4
32 22 5 44 
44 2
29 17 
5 5
42 20 33 48 17 
14 3
13 24 37 
34 2
22 8 
8 3
23 47 34 
37 2
4 14 
13 3
14 3 33 
4 3
37 26 3 
33 7
38 22 3 5 10 6 13 
3 6
13 10 49 4 33 9 
29 3
44 15 20 
15 3
29 19 43 
43 4
21 41 16 15 
49 2
3 16 
16 3
9 43 49 
42 3
5 35 6 
21 6
47 43 9 7 41 19 
9 6
16 27 35 21 12 3 
27 2
9 10 
48 3
32 5 23 
23 3
8 6 48 
