100
81 2
62 15 
15 5
45 81 71 95 30 
62 4
79 81 73 2 
69 2
45 14 
14 4
75 26 73 69 
45 5
15 69 35 85 80 
95 3
33 56 15 
56 6
95 22 37 85 98 20 
33 3
58 95 92 
19 2
79 93 
93 3
67 26 19 
79 4
10 19 62 46 
39 2
86 17 
17 6
12 94 73 87 44 39 
86 7
24 39 60 12 42 73 66 
94 5
27 17 61 29 23 
23 2
40 94 
29 9
9 22 52 65 94 32 78 58 83 
61 6
84 94 1 25 98 28 
27 2
94 48 
25 6
65 43 66 61 32 67 
67 3
93 8 25 
32 5
22 60 98 29 25 
66 5
7 83 25 86 84 
43 3
20 25 78 
65 2
25 29 
7 2
66 71 
71 6
18 87 15 80 7 12 
34 4
38 2 11 22 
22 9
32 56 29 57 42 26 80 59 34 
11 6
35 2 48 34 98 70 
2 9
78 11 34 54 62 5 4 91 55 
38 4
34 74 6 0 
73 9
53 86 51 64 62 72 98 14 17 
98 12
92 8 32 56 54 61 80 41 11 73 52 88 
72 4
5 63 73 58 
64 2
4 73 
51 4
70 76 44 73 
53 4
52 49 73 26 
48 5
77 11 21 35 27 
35 4
11 45 48 76 
21 2
78 48 
77 4
36 55 48 26 
44 6
42 90 40 17 31 51 
76 5
89 9 87 51 35 
70 3
51 11 75 
74 4
10 24 37 38 
37 2
56 74 
24 3
86 54 74 
10 6
74 9 96 79 42 54 
13 2
1 75 
75 3
14 70 13 
1 7
3 13 47 61 50 60 85 
55 2
77 2 
3 3
1 26 8 
8 6
50 88 67 98 3 18 
26 9
68 3 14 59 36 22 53 93 77 
63 3
57 52 72 
52 6
53 29 63 98 28 89 
57 5
63 22 99 92 96 
80 5
28 98 22 45 71 
28 4
97 80 52 61 
46 4
85 12 79 82 
20 2
43 56 
85 4
46 45 56 1 
82 2
41 46 
12 4
17 86 71 46 
36 3
26 77 88 
84 2
61 66 
83 2
66 29 
60 3
32 86 1 
50 2
8 1 
47 2
1 78 
87 3
71 76 17 
9 4
29 10 90 76 
89 3
76 52 90 
90 4
0 44 9 89 
0 2
90 38 
91 2
92 2 
4 4
64 40 97 2 
5 4
72 2 97 16 
54 4
98 10 2 24 
78 5
21 2 29 47 43 
88 4
41 8 98 36 
41 3
82 88 98 
42 4
44 22 10 86 
97 4
4 31 28 5 
40 3
23 4 44 
92 4
91 98 57 33 
18 3
99 71 8 
99 2
18 57 
16 3
59 5 68 
58 4
33 29 49 72 
96 3
30 57 10 
31 2
97 44 
59 4
6 16 26 22 
68 2
26 16 
30 2
96 15 
6 2
59 38 
49 2
53 58 
