20
8 10
7 16 9 4 11 10 1 3 18 5 
5 11
13 7 9 15 14 3 18 4 2 8 16 
18 11
4 3 5 8 17 9 13 19 2 14 6 
10 11
14 1 3 13 7 0 15 16 8 17 9 
9 13
13 16 8 14 0 15 10 1 5 3 18 12 6 
6 9
7 17 9 4 2 19 1 18 14 
12 9
15 16 11 13 7 4 14 17 9 
3 12
8 14 2 19 13 18 5 17 9 10 15 0 
15 12
12 14 19 10 9 17 4 5 3 1 11 7 
0 6
13 10 9 4 1 3 
4 10
7 8 12 6 2 15 0 18 1 5 
1 12
14 8 16 6 9 17 19 4 13 10 0 15 
13 10
7 12 0 10 5 3 1 18 9 17 
16 9
7 19 8 10 12 9 14 1 5 
2 9
19 17 7 6 4 11 3 18 5 
11 6
17 12 8 19 2 15 
19 8
2 16 15 11 3 1 18 6 
14 11
10 15 9 16 7 12 1 3 5 18 6 
17 10
12 11 2 3 18 1 6 10 15 13 
7 11
13 6 4 16 8 5 12 2 14 10 15 
