30
8 5
3 29 25 28 7 
7 8
11 25 20 6 28 9 17 8 
28 3
7 23 8 
25 5
10 7 13 8 18 
29 8
17 8 24 11 2 0 1 4 
15 4
4 1 0 2 
2 11
6 23 22 29 15 10 14 5 17 19 21 
0 4
15 10 29 27 
13 5
1 9 17 6 25 
6 8
24 21 2 26 7 13 23 9 
17 5
29 7 13 1 2 
9 5
14 16 13 7 6 
4 3
23 15 29 
1 6
13 3 17 24 15 29 
11 2
7 29 
24 6
6 29 14 1 22 16 
22 6
10 16 19 2 24 27 
27 5
0 23 22 19 20 
19 3
22 2 27 
16 7
14 9 22 18 5 3 24 
3 4
5 1 8 16 
10 4
22 25 0 2 
23 6
18 4 2 28 27 6 
5 5
3 14 2 26 16 
26 2
6 5 
21 3
20 6 2 
14 6
9 16 5 24 2 12 
20 4
21 18 7 27 
18 5
16 23 12 20 25 
12 2
18 14 
