30
14 9
21 22 28 1 12 25 19 7 8 
8 9
29 7 21 11 17 28 16 20 14 
7 11
25 12 22 11 26 8 27 20 14 10 5 
19 10
15 26 16 13 14 23 22 6 12 21 
27 13
10 0 11 24 22 23 7 2 1 18 5 9 20 
20 14
26 12 6 27 21 9 0 29 15 28 7 18 5 8 
9 5
18 3 20 6 27 
5 14
24 28 7 26 16 27 10 15 25 23 1 22 21 20 
2 7
21 22 25 27 1 15 4 
4 6
22 28 0 10 21 2 
21 16
14 2 3 23 19 8 5 22 1 0 4 12 20 15 29 13 
10 13
6 1 5 18 4 11 24 7 27 28 25 15 16 
12 11
28 7 25 15 0 1 3 19 21 14 20 
6 11
16 13 18 1 3 0 10 22 9 19 20 
22 13
5 18 4 27 14 11 21 6 2 19 26 7 13 
18 11
6 22 13 20 9 27 17 24 15 10 1 
1 12
13 12 6 27 14 2 26 5 18 21 10 29 
11 12
28 27 7 13 22 29 10 15 0 8 26 3 
3 7
0 9 17 6 12 21 11 
26 10
20 25 19 7 17 28 5 1 11 22 
0 10
4 27 20 3 6 15 12 13 21 11 
15 11
20 12 5 18 25 11 21 0 10 19 2 
16 8
6 19 5 25 13 24 8 10 
24 6
5 18 16 10 27 17 
13 9
6 1 18 11 21 19 0 16 22 
25 10
7 26 2 17 5 12 14 16 15 10 
29 6
8 28 11 21 20 1 
28 12
12 20 14 11 5 26 4 17 23 8 29 10 
23 6
19 5 17 27 28 21 
17 8
8 26 25 23 3 18 28 24 
