50
8 2
18 23 
23 9
9 31 19 3 5 34 32 6 8 
38 6
42 37 5 36 47 33 
33 3
3 22 38 
37 7
38 12 45 17 11 40 4 
4 9
13 18 28 32 47 0 29 26 37 
5 4
16 38 23 42 
42 6
38 6 14 46 35 5 
13 5
4 47 32 3 14 
14 2
42 13 
3 6
23 45 33 49 10 13 
46 4
29 12 42 22 
22 11
29 33 46 41 6 45 26 19 17 34 24 
43 3
41 35 21 
21 6
40 41 7 9 43 47 
29 5
22 4 15 46 44 
44 4
9 28 15 29 
15 6
44 6 12 45 19 29 
19 5
11 23 22 18 15 
48 2
6 32 
32 11
35 0 13 4 23 28 17 48 12 11 40 
20 3
26 39 6 
6 13
18 48 42 2 41 7 11 15 22 36 23 20 39 
47 5
13 38 4 24 21 
9 7
23 21 26 35 27 44 16 
7 2
6 21 
41 5
43 6 22 21 25 
16 3
5 10 9 
27 1
9 
35 7
0 32 43 40 17 9 42 
24 4
31 47 22 1 
34 2
23 22 
17 5
49 35 37 22 32 
26 5
9 20 39 22 4 
0 5
35 28 32 4 25 
25 2
41 0 
40 4
21 37 35 32 
18 8
6 4 49 1 10 8 30 19 
11 5
10 37 19 6 32 
12 6
46 45 37 15 32 31 
2 2
6 45 
45 9
15 12 28 37 39 3 22 36 2 
28 6
0 45 4 32 44 36 
36 6
10 38 6 28 45 30 
10 5
36 11 16 18 3 
1 2
18 24 
30 2
18 36 
49 3
17 18 3 
31 3
24 23 12 
39 4
26 45 20 6 
