30
5 6
0 27 28 12 2 6 
6 5
25 12 11 27 5 
2 7
25 16 23 10 5 11 27 
22 3
4 0 11 
11 11
12 24 21 0 10 2 25 17 6 3 22 
0 7
5 8 29 22 11 20 25 
9 7
20 10 21 28 16 23 25 
25 10
6 2 11 14 10 0 9 23 1 16 
23 8
24 4 2 19 20 28 9 25 
16 8
12 20 14 10 9 25 2 19 
28 4
23 5 9 19 
21 7
18 9 11 12 29 4 26 
1 4
17 20 14 25 
14 6
17 12 1 25 16 20 
17 5
15 14 3 1 11 
20 9
1 9 16 8 23 10 0 15 14 
19 6
4 18 13 23 16 28 
26 4
12 15 8 21 
4 6
19 15 23 22 8 21 
29 3
0 10 21 
12 9
5 26 16 27 6 14 11 21 13 
15 4
17 4 26 20 
10 11
25 2 3 29 9 27 16 7 11 24 20 
8 6
0 26 7 13 4 20 
7 2
8 10 
24 4
23 11 10 18 
27 6
12 5 18 10 6 2 
3 3
17 10 11 
18 5
13 19 27 21 24 
13 4
18 19 12 8 
