50
4 7
8 33 40 9 11 22 18 
18 8
37 25 48 27 9 1 3 4 
9 7
12 4 16 37 3 18 23 
23 9
36 34 16 12 11 7 1 28 9 
43 9
34 15 1 21 26 2 33 46 16 
16 10
25 23 34 39 42 9 46 15 24 43 
48 7
18 29 26 8 46 27 17 
17 6
36 15 5 3 24 48 
20 4
44 13 37 6 
6 6
0 45 1 12 11 20 
44 5
30 24 20 39 26 
26 7
43 48 11 1 3 30 44 
12 8
34 31 27 9 6 3 23 22 
22 12
31 25 4 30 3 13 7 41 15 29 45 12 
31 6
22 49 12 5 32 40 
40 10
25 2 4 46 14 29 7 36 28 31 
3 11
41 38 12 36 22 9 27 17 26 1 18 
2 5
47 43 8 40 14 
14 6
32 40 11 1 2 42 
25 10
13 28 18 16 37 22 40 34 10 35 
35 6
45 27 46 10 11 25 
10 7
30 42 28 1 35 38 25 
46 9
40 35 48 16 29 36 43 49 32 
32 11
1 30 14 7 37 31 27 0 29 8 46 
27 11
35 15 8 12 18 3 32 48 49 37 24 
24 8
1 39 27 28 17 44 8 16 
49 7
34 36 46 29 31 27 37 
28 10
25 42 1 0 15 10 40 30 23 24 
41 3
3 7 22 
42 7
28 15 10 8 16 39 14 
37 12
20 25 13 32 36 29 27 9 11 18 5 49 
29 12
15 13 48 45 37 39 40 46 36 22 32 49 
36 10
23 17 49 5 3 29 37 33 46 40 
1 12
24 18 3 43 28 32 6 10 19 26 23 14 
19 3
7 33 1 
45 7
35 6 29 47 30 22 8 
7 9
19 32 11 15 41 23 22 40 47 
13 12
0 29 5 37 21 11 33 22 25 38 20 34 
0 7
28 13 6 32 39 21 15 
15 13
42 22 43 27 17 28 7 38 16 33 29 0 39 
34 7
23 16 43 49 12 25 13 
38 6
3 13 21 11 15 10 
33 7
8 43 4 36 13 19 15 
39 8
16 44 42 24 11 29 0 15 
11 12
4 37 26 35 7 13 23 14 39 38 5 6 
5 6
36 13 31 17 37 11 
8 9
32 42 4 33 27 48 24 2 45 
47 4
45 2 7 21 
21 5
13 0 38 43 47 
30 7
32 44 10 28 22 45 26 
