30
16 6
20 13 4 26 2 28 
28 6
23 6 27 14 13 16 
13 6
5 16 4 6 27 28 
6 7
19 28 27 0 10 7 13 
29 5
7 14 27 4 11 
11 6
25 12 15 10 29 19 
15 8
20 1 3 2 9 17 11 10 
10 10
8 9 20 4 11 24 6 1 7 15 
3 5
15 5 2 17 23 
23 6
28 0 7 20 12 3 
17 4
15 0 18 3 
2 9
14 16 27 4 15 0 26 3 18 
19 5
14 22 5 6 11 
18 4
2 9 17 27 
27 8
8 29 2 28 6 13 5 18 
14 6
29 12 28 19 2 26 
26 7
16 1 12 20 14 2 21 
21 3
20 4 26 
20 6
16 21 23 15 10 26 
12 7
5 14 23 0 11 9 26 
25 2
11 4 
4 10
21 16 2 13 9 29 10 0 25 22 
22 6
19 8 7 4 1 5 
0 8
23 8 6 5 17 2 12 4 
9 5
18 15 10 12 4 
1 5
22 26 7 15 10 
5 7
19 13 12 0 27 3 22 
7 6
6 1 23 22 29 10 
24 2
10 8 
8 5
27 10 0 22 24 
