30
4 15
24 11 18 1 22 23 2 14 12 29 27 10 25 19 6 
1 11
29 0 16 19 2 11 24 9 18 12 4 
18 14
12 16 8 26 1 4 20 21 13 27 17 25 19 6 
22 11
6 5 24 21 19 23 20 0 10 4 12 
23 15
6 25 2 28 26 14 0 22 8 4 20 21 15 16 3 
19 16
24 7 12 5 3 6 2 4 15 20 1 9 22 18 11 8 
2 11
16 23 11 4 5 1 19 17 27 29 6 
27 10
28 0 10 6 20 18 3 4 26 2 
14 13
17 16 7 13 11 21 4 23 5 29 0 15 12 
12 15
18 11 22 1 5 14 20 4 7 28 17 8 19 15 13 
5 16
24 2 11 26 14 15 29 8 3 16 19 6 28 7 12 22 
6 14
2 19 22 9 27 17 24 16 8 5 18 4 29 23 
15 12
5 17 9 12 23 25 0 19 20 14 16 8 
20 16
23 25 18 3 8 12 7 29 15 13 27 0 9 22 19 21 
9 11
21 25 8 6 19 20 15 29 1 3 17 
11 10
4 8 14 7 2 19 1 3 5 12 
28 8
5 27 7 12 23 10 29 24 
24 11
4 22 29 10 6 19 26 5 1 8 28 
29 14
24 2 28 5 9 1 3 4 14 21 20 25 13 6 
25 11
16 8 7 18 4 9 29 15 10 20 23 
8 15
25 24 20 11 18 5 3 12 7 15 13 19 6 9 23 
7 10
12 25 19 5 28 11 8 16 14 20 
13 9
12 8 29 0 3 18 14 20 26 
0 10
16 13 1 23 22 15 14 20 27 17 
17 9
14 6 18 12 2 9 15 10 0 
10 10
28 27 17 4 16 24 21 22 25 26 
3 10
29 19 8 23 13 20 11 5 27 9 
16 14
25 21 7 23 10 15 2 18 0 1 5 6 26 14 
21 10
9 20 14 18 10 29 22 23 16 26 
26 9
24 21 16 23 27 5 18 13 10 
