50
33 10
47 31 40 34 2 12 5 16 44 38 
38 12
1 22 13 27 6 29 10 47 49 40 12 33 
44 12
13 21 18 14 34 35 2 33 42 25 27 9 
24 6
3 48 21 22 41 4 
4 12
2 26 29 13 17 47 8 16 24 39 20 14 
41 7
24 11 15 29 0 6 46 
8 10
30 21 37 49 4 32 2 19 17 15 
15 7
27 12 32 11 41 13 8 
17 11
40 25 4 43 5 18 3 37 28 27 8 
19 7
42 14 49 3 46 8 26 
2 13
4 31 26 33 8 44 32 12 42 3 34 14 40 
21 13
42 24 11 32 18 1 3 8 44 16 43 39 40 
40 13
33 16 5 18 22 17 9 39 38 13 26 2 21 
43 9
21 27 17 31 12 3 29 10 35 
23 4
31 34 13 6 
6 9
25 38 18 5 41 7 16 23 0 
13 14
42 31 32 12 9 22 23 40 15 4 49 47 44 38 
12 12
2 15 33 37 14 47 49 43 13 3 30 38 
49 14
8 38 25 12 34 39 19 45 42 10 37 5 29 13 
47 14
35 45 38 4 48 27 42 12 22 26 14 33 13 29 
3 15
24 11 29 12 43 16 28 17 1 22 2 19 20 21 32 
42 14
13 36 11 37 26 19 44 21 20 47 2 49 28 7 
32 11
31 3 11 21 15 8 13 7 26 35 2 
25 10
6 36 49 10 44 18 11 17 31 48 
48 8
24 16 39 22 47 0 9 25 
31 10
29 2 30 23 32 33 16 43 25 13 
11 11
42 32 15 3 1 34 14 21 37 25 41 
18 11
6 29 46 44 21 37 40 34 1 17 25 
10 11
27 37 20 1 38 25 35 45 26 49 43 
37 14
45 39 34 8 12 9 46 17 5 11 18 42 10 49 
39 9
4 49 48 7 34 40 36 21 37 
46 9
19 20 30 36 18 1 41 37 28 
9 10
5 1 14 40 13 7 48 37 16 44 
26 11
32 40 30 5 10 42 45 2 19 4 47 
45 10
37 47 49 34 22 26 35 1 10 28 
7 7
5 16 42 39 9 6 32 
14 9
44 9 35 2 19 12 11 47 4 
20 6
46 10 3 22 42 4 
16 13
33 7 9 48 31 21 1 3 40 34 22 6 4 
22 12
29 38 45 24 47 40 20 48 27 3 13 16 
27 8
38 15 10 43 47 44 22 17 
30 5
31 46 8 26 12 
35 7
10 14 32 45 44 47 43 
36 5
25 46 42 5 39 
28 6
17 1 3 46 45 42 
0 4
48 34 41 6 
34 12
23 45 2 49 37 11 18 39 0 33 44 16 
1 11
38 45 21 11 10 9 28 16 46 18 3 
29 11
31 38 22 47 49 4 43 41 18 5 3 
5 11
40 49 7 9 17 6 33 37 29 26 36 
