100
39 1
50 
50 2
7 39 
24 1
44 
44 2
49 24 
93 1
96 
96 3
72 55 93 
48 1
15 
15 4
23 12 84 48 
97 1
49 
49 3
6 44 97 
78 1
52 
52 2
66 78 
5 1
60 
60 3
30 5 19 
82 1
46 
46 2
38 82 
63 1
45 
45 2
68 63 
42 1
6 
6 4
81 35 49 42 
4 1
71 
71 4
73 1 59 4 
14 1
36 
36 2
79 14 
29 1
89 
89 2
92 29 
99 2
8 26 
26 1
99 
8 2
54 99 
41 1
90 
90 2
84 41 
9 1
1 
1 2
71 9 
25 1
81 
81 3
83 6 25 
19 1
60 
30 3
76 77 60 
18 1
35 
35 2
6 18 
80 1
87 
87 2
43 80 
92 3
38 89 22 
98 1
94 
94 7
72 28 85 73 20 98 64 
77 1
30 
43 2
28 87 
74 1
11 
11 4
69 83 10 74 
13 1
76 
76 3
28 30 13 
16 1
20 
20 3
94 40 16 
32 1
23 
23 6
72 15 0 7 17 32 
75 1
31 
31 2
83 75 
66 2
67 52 
53 1
72 
72 6
23 94 68 69 53 96 
65 1
3 
3 4
17 56 47 65 
7 4
23 50 70 33 
33 1
7 
70 1
7 
22 1
92 
85 3
94 38 95 
95 1
85 
38 3
85 46 92 
17 2
23 3 
0 2
23 61 
21 2
40 37 
37 2
21 86 
40 2
20 21 
88 2
91 67 
67 3
88 79 66 
91 4
12 88 54 58 
2 1
84 
84 3
15 2 90 
83 4
11 81 31 57 
57 1
83 
69 2
72 11 
68 2
72 45 
55 1
96 
47 1
3 
56 2
86 3 
62 1
28 
28 5
94 62 43 51 76 
12 2
15 91 
58 1
91 
54 2
91 8 
64 2
94 27 
73 2
94 71 
10 2
11 34 
59 1
71 
86 2
56 37 
51 1
28 
61 1
0 
34 1
10 
27 1
64 
79 2
67 36 
