100
14 6
13 32 49 64 88 39 
39 4
9 86 99 14 
88 3
35 14 36 
36 3
16 4 88 
68 4
40 72 5 46 
46 5
55 12 25 8 68 
75 4
55 7 41 37 
37 4
44 7 31 75 
17 3
59 19 13 
13 5
14 38 65 69 17 
19 6
4 55 33 84 59 17 
87 4
71 54 45 85 
85 2
34 87 
60 2
3 56 
56 5
55 22 83 92 60 
42 5
4 25 69 12 96 
96 4
26 28 22 42 
23 1
90 
90 5
22 23 92 11 54 
99 7
53 30 27 35 16 40 39 
73 2
89 25 
25 4
42 31 46 73 
94 2
6 74 
74 3
20 1 94 
77 1
24 
24 4
76 70 53 77 
41 4
83 54 75 52 
52 3
71 33 41 
9 2
39 64 
64 4
76 14 62 9 
97 5
83 54 93 78 48 
48 6
95 10 0 12 97 26 
4 4
42 19 66 36 
28 4
61 96 82 51 
51 3
62 22 28 
0 3
95 48 92 
92 4
90 56 0 57 
91 2
2 76 
76 6
30 8 24 64 3 91 
2 3
8 55 91 
71 3
87 52 95 
95 4
48 0 55 71 
26 4
47 18 96 48 
12 6
57 67 42 58 46 48 
66 3
79 6 4 
93 4
86 97 33 79 
79 3
66 31 93 
33 7
19 35 93 40 1 63 52 
82 3
28 61 62 
62 6
84 89 51 64 82 45 
70 3
24 81 29 
29 3
34 89 70 
6 5
32 94 49 72 66 
63 4
5 1 33 49 
49 5
81 14 6 63 58 
1 5
63 33 72 78 74 
34 5
69 29 57 7 85 
7 8
57 69 75 50 61 37 21 34 
57 4
7 12 34 92 
45 4
30 87 98 62 
31 9
37 44 79 25 72 38 61 3 43 
43 1
31 
3 5
60 18 76 35 31 
61 5
82 7 28 31 10 
38 3
13 31 67 
72 4
68 1 6 31 
67 3
12 58 38 
50 3
7 22 89 
89 4
73 50 62 29 
22 6
40 90 50 96 51 56 
59 3
40 17 19 
8 4
2 10 76 46 
35 9
20 88 3 33 44 55 99 53 86 
86 4
39 93 35 81 
53 4
99 35 78 24 
44 3
31 35 37 
78 4
53 97 1 65 
65 2
13 78 
55 10
75 35 19 2 56 15 98 46 18 95 
10 4
8 48 84 61 
27 2
99 69 
69 6
42 7 13 34 40 27 
40 10
58 59 99 33 30 22 20 69 68 5 
98 4
11 45 55 80 
80 2
98 30 
5 3
63 68 40 
20 4
35 16 74 40 
15 1
55 
30 6
76 45 99 40 80 47 
58 4
40 67 12 49 
47 2
26 30 
84 3
62 10 19 
21 1
7 
18 3
3 26 55 
81 3
70 49 86 
54 4
87 97 41 90 
11 3
98 90 32 
32 3
6 14 11 
16 3
36 20 99 
83 3
97 41 56 
