20
2 12
6 8 13 7 19 17 3 1 5 12 11 10 
10 14
12 2 13 7 5 18 11 4 3 16 1 0 19 6 
11 12
8 12 5 4 0 10 7 14 19 2 17 9 
12 17
10 8 14 5 0 9 1 2 13 15 19 6 4 3 16 18 11 
5 14
0 10 4 8 15 13 7 12 16 3 2 11 19 6 
1 7
17 8 2 19 10 12 13 
17 11
6 9 11 13 19 2 0 16 3 1 18 
0 13
12 10 11 14 4 6 7 13 16 8 9 17 5 
4 11
9 11 12 8 7 6 0 10 15 18 5 
8 15
11 5 19 2 15 13 7 14 3 16 4 1 0 9 12 
16 12
12 13 15 10 0 19 8 3 5 6 14 17 
13 15
19 2 5 18 10 15 8 3 16 7 17 1 0 9 12 
7 12
14 8 4 6 5 11 13 2 19 0 10 15 
3 10
2 12 17 5 18 15 10 13 16 8 
19 14
8 16 10 13 15 5 2 7 17 1 9 12 18 11 
14 8
6 7 8 16 0 15 11 12 
9 10
19 13 4 17 8 0 12 18 11 6 
15 11
8 16 6 5 3 12 19 4 14 13 7 
6 13
2 14 5 18 4 7 12 10 15 0 16 17 9 
18 9
10 19 12 13 4 6 3 9 17 
