100
71 1
12 
12 9
1 34 42 63 87 88 30 59 71 
64 4
39 31 66 95 
95 7
98 11 1 97 62 58 64 
89 3
56 28 61 
61 8
92 70 15 19 69 74 31 89 
79 3
92 39 86 
86 5
46 58 14 34 79 
56 6
89 22 6 81 63 33 
33 7
7 98 58 88 0 91 56 
23 5
98 49 65 35 2 
2 10
28 50 13 7 20 30 22 23 24 0 
27 3
65 69 7 
7 9
80 44 33 2 73 69 22 52 27 
44 8
7 75 17 16 1 78 24 21 
21 5
74 81 29 16 44 
24 4
80 2 92 44 
10 3
88 82 39 
39 6
64 79 81 94 87 10 
94 4
85 30 19 39 
41 7
13 51 53 29 15 36 88 
88 12
12 10 70 99 35 26 16 33 50 72 13 41 
68 4
80 37 47 85 
85 7
94 91 29 84 49 83 68 
45 6
17 67 4 53 55 46 
46 5
86 76 9 97 45 
57 4
55 75 52 20 
20 4
8 2 36 57 
31 3
64 91 61 
72 5
37 78 34 67 88 
25 1
93 
93 5
77 22 48 4 25 
98 7
67 33 92 95 23 22 6 
6 4
56 1 66 98 
22 8
7 56 63 93 2 32 60 98 
54 3
62 3 48 
48 6
17 14 93 55 42 54 
8 6
50 20 90 63 47 4 
4 6
60 29 15 45 93 8 
35 6
43 5 23 88 29 15 
15 9
18 83 74 41 61 4 90 35 16 
17 5
48 45 58 44 32 
32 8
55 83 70 67 81 22 75 17 
37 7
72 19 68 66 29 0 99 
99 5
87 13 88 9 37 
9 8
5 82 99 96 46 97 19 67 
87 8
19 78 12 39 55 99 82 29 
29 11
35 85 36 80 41 4 37 21 78 91 87 
82 10
26 9 76 43 47 5 18 0 10 87 
36 9
41 78 11 20 29 5 77 67 81 
81 10
66 21 43 47 56 91 77 32 36 39 
77 6
14 47 93 81 36 84 
5 9
9 1 82 59 35 73 76 30 36 
78 8
72 36 44 76 53 87 29 13 
13 11
41 96 70 91 99 2 60 88 30 53 78 
59 6
16 11 40 5 53 12 
30 6
2 5 94 13 12 65 
84 3
74 85 77 
1 7
12 6 44 5 66 95 40 
40 4
59 90 96 1 
66 11
70 50 81 73 37 64 60 6 55 18 1 
76 7
69 78 46 47 43 5 82 
11 6
59 95 36 74 16 51 
51 6
41 92 14 83 49 11 
90 5
50 80 40 8 15 
92 5
61 98 79 51 24 
67 9
60 98 69 45 72 36 32 74 9 
50 7
88 75 90 66 8 2 97 
97 5
9 46 65 95 50 
91 8
13 81 85 31 33 29 70 63 
63 6
12 47 22 8 56 91 
70 6
66 13 32 88 61 91 
42 4
12 43 74 48 
55 7
32 57 87 45 66 3 48 
58 5
17 33 86 65 95 
65 5
27 97 58 23 30 
16 7
88 59 11 21 43 44 15 
26 2
82 88 
53 7
59 78 45 83 41 13 34 
34 4
72 12 53 86 
74 7
67 15 11 21 84 42 61 
69 6
67 76 27 7 62 61 
38 4
83 0 28 96 
96 4
9 13 40 38 
28 4
89 2 47 38 
0 5
82 33 37 2 38 
73 4
7 80 66 5 
62 4
54 69 52 95 
3 3
54 55 19 
19 8
9 87 37 61 94 18 83 3 
52 5
83 62 57 7 14 
14 6
77 48 75 86 51 52 
49 3
23 51 85 
60 7
67 22 13 66 83 4 75 
75 6
44 50 32 57 14 60 
83 9
52 38 85 32 15 19 60 53 51 
80 6
68 7 90 24 29 73 
18 4
66 15 19 82 
47 8
77 68 81 28 63 76 8 82 
43 6
81 35 42 16 76 82 
