50
13 4
1 43 10 31 
31 4
24 35 4 13 
5 2
36 43 
43 8
25 22 17 13 0 42 47 5 
20 1
10 
10 6
28 7 13 25 38 20 
8 4
21 18 49 45 
45 3
27 7 8 
49 5
4 47 48 6 8 
37 5
44 26 7 39 3 
3 2
14 37 
39 11
40 47 46 23 15 32 1 41 9 37 26 
23 3
29 39 33 
33 4
12 38 24 23 
21 4
8 12 42 19 
19 4
44 16 14 21 
4 6
49 1 29 38 17 31 
22 5
40 43 41 48 27 
27 4
47 45 22 7 
48 10
11 15 0 29 44 49 12 22 2 28 
36 4
15 14 5 47 
47 6
27 38 39 49 43 36 
1 7
4 13 32 0 39 30 35 
35 3
31 0 1 
30 2
24 1 
40 3
22 39 28 
28 4
10 48 11 40 
17 4
15 4 43 9 
9 2
39 17 
0 4
35 43 1 48 
14 3
36 3 19 
16 2
19 25 
44 4
37 29 48 19 
26 4
37 29 7 39 
32 2
1 39 
6 1
49 
11 3
46 48 28 
41 3
22 39 46 
15 4
36 17 48 39 
46 3
11 39 41 
7 5
10 37 45 26 27 
38 5
33 18 10 47 4 
42 4
21 12 43 34 
34 1
42 
12 5
21 18 48 42 33 
25 4
43 2 10 16 
2 2
25 48 
24 3
31 30 33 
29 5
23 4 44 26 48 
18 3
12 8 38 
