50
13 10
5 29 10 33 36 23 26 19 14 39 
39 13
25 49 17 48 9 42 0 16 24 21 30 1 13 
19 6
35 48 28 34 36 13 
23 9
14 48 36 43 49 4 15 21 13 
36 19
4 35 23 46 44 9 0 6 19 24 21 43 2 49 18 13 40 25 30 
33 11
22 28 0 11 21 44 13 7 2 35 47 
10 9
3 5 25 38 48 37 13 0 4 
29 8
38 25 13 49 47 30 45 11 
11 9
20 17 5 18 49 47 33 44 29 
45 9
47 3 28 12 34 38 29 15 6 
30 13
38 9 37 3 18 47 43 39 14 20 29 36 12 
47 15
1 26 35 45 29 31 33 17 28 46 24 11 18 30 12 
9 12
7 31 26 30 36 22 14 39 44 3 1 24 
24 13
38 21 6 46 40 39 14 47 4 36 22 7 9 
1 6
47 26 35 14 39 9 
3 10
30 45 20 34 10 6 32 42 8 9 
44 9
8 33 16 0 34 9 36 11 42 
18 10
32 35 46 11 14 20 47 49 30 36 
49 15
39 29 15 36 23 37 20 35 11 18 5 38 7 28 31 
20 12
41 11 21 40 26 2 30 3 18 49 38 32 
14 15
5 26 12 24 18 16 30 9 1 22 23 46 17 13 41 
22 8
33 25 38 48 9 14 40 24 
40 7
24 34 20 41 36 22 8 
8 8
44 43 7 17 27 34 40 3 
27 7
0 41 7 16 8 21 37 
7 12
32 6 46 8 33 4 49 21 24 9 27 17 
42 4
43 39 3 44 
15 6
6 23 16 45 43 49 
37 10
30 34 43 49 28 48 27 31 25 10 
35 11
32 19 36 12 34 47 49 18 1 33 17 
5 9
14 11 13 4 49 28 10 25 38 
38 10
24 30 22 31 45 49 29 10 20 5 
28 10
33 0 49 47 37 5 17 45 19 41 
17 10
8 11 14 39 47 43 4 28 7 35 
34 12
31 37 40 8 16 44 2 45 35 26 19 3 
41 7
27 48 28 21 20 14 40 
25 9
39 5 26 29 10 21 37 22 36 
31 6
9 34 38 49 47 37 
48 10
22 23 39 41 16 46 19 10 37 21 
43 13
17 8 21 37 42 12 4 23 30 36 15 26 6 
2 10
12 0 26 21 36 6 33 16 34 20 
4 8
7 5 36 23 17 43 24 10 
16 9
32 27 48 15 14 34 39 2 44 
26 12
1 13 0 25 9 2 46 34 20 14 47 43 
46 10
7 18 24 26 48 47 32 6 36 14 
6 10
15 0 24 36 3 2 45 43 46 7 
12 8
2 45 35 0 47 43 14 30 
0 11
6 26 2 12 27 28 39 36 33 44 10 
21 13
24 43 25 33 2 36 23 7 41 20 39 27 48 
32 7
35 7 16 46 18 3 20 
