50
13 13
4 5 30 16 46 17 27 28 31 20 14 34 12 
12 12
14 21 32 22 29 48 42 16 46 33 13 38 
34 12
5 25 43 49 28 33 41 7 13 30 22 42 
14 16
28 12 25 13 1 3 19 45 43 39 27 41 42 37 48 11 
31 14
38 10 3 1 20 13 4 7 28 18 48 2 32 6 
28 14
44 34 39 14 37 11 48 17 31 22 40 13 36 43 
27 9
14 46 18 42 22 13 7 0 15 
10 12
0 18 22 16 46 37 21 25 38 20 48 31 
3 10
14 15 7 41 49 42 16 24 37 31 
20 9
11 13 41 10 40 9 31 35 45 
4 10
49 13 18 21 11 16 38 9 31 23 
5 11
9 13 34 40 29 37 6 30 23 36 43 
43 14
34 23 30 5 1 47 42 29 7 17 28 48 14 26 
36 12
32 42 15 29 16 24 22 49 47 35 28 5 
23 14
37 4 43 33 16 29 22 0 9 1 5 8 38 45 
6 8
19 31 17 33 8 5 1 49 
9 11
0 42 41 4 23 40 20 39 17 5 18 
18 11
10 42 4 46 30 38 35 2 31 27 9 
17 13
43 13 21 24 6 42 1 2 19 48 28 9 46 
39 14
45 28 7 41 22 9 1 32 15 29 26 37 14 44 
45 8
22 23 37 33 8 14 39 20 
40 11
46 24 29 15 9 28 5 1 20 7 35 
41 14
33 46 44 39 14 34 20 21 29 22 9 25 3 47 
8 8
46 48 22 23 6 32 49 45 
49 11
4 30 36 34 3 35 0 48 6 8 11 
32 12
36 15 12 48 31 35 39 1 8 16 21 47 
22 16
0 8 37 25 48 28 23 36 19 45 34 39 12 41 27 10 
25 11
15 10 41 35 1 21 44 16 34 14 22 
48 22
10 43 31 8 38 32 30 15 29 33 44 12 49 2 17 46 28 22 0 1 37 14 
19 13
38 6 2 47 42 17 22 33 44 16 14 21 0 
1 17
43 21 31 17 48 0 42 6 35 23 40 39 32 30 25 14 37 
42 12
36 19 9 27 17 18 3 1 12 43 14 34 
7 9
16 3 26 43 34 40 39 31 27 
0 15
19 26 35 48 10 27 22 1 9 23 21 49 46 44 38 
21 11
12 17 4 1 25 41 10 0 19 32 46 
16 13
7 13 12 10 33 46 3 4 36 23 19 25 32 
44 9
0 25 41 39 37 48 28 35 19 
33 14
41 23 30 24 38 12 35 45 11 48 34 16 19 6 
24 7
17 3 40 37 36 33 38 
38 14
19 24 12 4 10 29 0 33 23 30 18 48 31 35 
30 15
34 1 48 18 5 37 49 2 35 47 43 38 13 15 33 
15 13
25 3 36 30 46 32 2 48 27 39 40 37 11 
29 11
38 5 41 12 43 40 39 36 23 48 11 
2 9
46 19 26 15 30 17 31 48 18 
37 15
15 23 3 5 39 14 48 28 45 30 1 22 44 10 24 
35 15
44 20 33 46 36 40 38 30 25 32 18 11 1 0 49 
46 16
8 35 17 21 48 18 16 27 41 10 0 40 13 15 12 2 
11 9
33 14 20 35 28 15 29 4 49 
26 5
43 7 2 39 0 
47 6
41 19 43 30 36 32 
