20
12 14
8 15 7 17 18 0 9 1 16 3 5 6 19 4 
8 15
2 12 5 1 19 6 13 17 7 11 14 10 3 16 4 
15 12
14 4 16 6 9 3 18 0 11 7 12 19 
9 9
6 11 13 7 12 2 14 15 0 
18 11
13 14 5 1 16 19 12 0 15 4 11 
1 10
6 12 18 3 8 16 13 7 0 10 
17 11
4 12 6 2 3 0 10 16 8 7 13 
3 13
14 11 6 7 12 17 15 10 5 1 4 8 16 
6 13
12 9 17 14 7 13 8 16 15 0 1 3 5 
16 15
6 10 4 17 7 15 13 5 3 0 1 11 18 12 8 
10 9
13 2 19 17 1 3 14 8 16 
11 12
2 7 13 14 9 0 15 8 16 3 5 18 
4 12
12 17 15 0 7 13 18 3 19 2 8 16 
7 15
5 3 16 8 17 6 19 2 15 1 9 0 4 11 12 
13 14
2 16 8 4 17 10 1 9 0 14 18 11 6 19 
5 9
7 12 11 2 18 3 8 16 6 
19 10
8 14 12 4 18 0 10 15 13 7 
0 14
1 9 4 17 7 15 13 6 19 12 14 16 11 18 
2 10
8 11 13 7 5 14 10 17 9 4 
14 12
8 3 18 19 2 11 6 13 15 0 10 9 
