20
14 4
1 13 9 17 
17 4
18 12 8 14 
13 10
12 7 19 14 0 15 4 18 3 1 
10 7
11 19 7 5 1 4 12 
12 11
4 17 19 15 10 0 13 7 1 18 11 
4 10
16 9 12 7 13 15 10 5 1 3 
1 12
9 5 14 16 4 6 11 0 10 15 12 13 
7 9
19 3 8 11 4 13 10 12 9 
8 8
7 3 16 0 15 17 2 19 
19 8
2 7 13 12 10 15 8 6 
15 10
6 12 2 19 18 5 1 13 4 8 
0 9
6 16 8 9 13 12 3 1 5 
9 8
1 11 16 14 4 0 7 2 
2 6
15 8 19 5 18 9 
11 7
9 10 7 5 18 1 12 
6 5
16 0 15 1 19 
5 9
11 2 4 1 3 10 15 0 16 
16 9
0 4 6 9 8 18 1 3 5 
3 7
0 7 13 8 16 5 4 
18 7
13 16 17 15 2 11 12 
