20
10 8
1 17 7 19 0 6 12 14 
14 11
11 7 4 9 5 3 18 12 16 15 10 
12 12
7 2 19 9 17 1 5 4 15 0 10 14 
6 10
19 10 0 4 17 9 3 18 1 16 
4 10
16 8 14 7 6 12 5 1 18 0 
0 13
2 19 12 18 16 8 6 17 9 4 13 10 15 
18 11
0 11 7 17 9 14 19 2 1 4 6 
7 11
13 16 14 10 12 4 9 19 18 5 1 
5 9
14 16 4 9 13 7 3 19 12 
1 10
2 11 8 4 10 15 12 18 6 7 
17 6
18 10 0 6 12 2 
9 15
14 5 7 0 13 15 18 11 8 3 16 12 19 6 2 
19 12
2 6 15 0 10 9 12 18 3 5 13 7 
2 11
19 0 15 12 9 17 16 8 1 18 3 
3 8
14 19 2 15 9 6 5 8 
13 7
7 19 5 15 0 11 9 
11 7
14 1 18 8 16 9 13 
15 10
2 19 12 14 3 1 16 9 13 0 
16 11
5 7 4 2 11 0 15 9 8 6 14 
8 8
11 4 0 9 2 16 1 3 
