50
25 12
13 39 40 32 36 23 31 19 29 8 46 37 
37 10
34 17 21 29 1 35 2 43 4 25 
46 12
5 34 42 21 25 31 48 9 17 16 36 30 
2 9
36 39 14 49 47 37 41 31 33 
33 8
44 34 12 3 30 10 26 2 
31 14
5 1 47 2 49 18 48 8 46 25 10 41 13 21 
41 10
32 9 31 14 43 8 5 2 19 36 
4 10
3 49 43 28 17 16 23 36 39 37 
39 8
25 20 12 19 2 45 4 6 
36 14
22 23 12 4 19 6 14 26 2 41 10 46 32 25 
32 8
41 9 25 34 40 30 36 22 
22 12
34 24 35 18 7 0 47 6 32 36 48 38 
30 14
18 35 19 26 32 28 17 46 33 49 12 34 10 15 
40 6
49 25 16 26 35 32 
34 13
18 5 26 28 17 15 22 30 33 46 32 37 21 
26 12
29 6 3 18 34 40 44 33 8 30 36 21 
21 10
24 37 46 19 26 13 31 27 28 34 
43 15
8 38 37 12 11 48 20 9 1 47 4 41 17 7 29 
1 8
38 6 43 31 27 37 42 12 
14 8
6 15 41 2 12 3 5 36 
12 14
16 7 24 9 1 20 14 39 19 43 36 30 10 33 
6 13
26 27 42 15 29 1 5 18 22 36 14 20 39 
10 15
31 23 36 30 33 16 8 27 42 12 18 11 49 28 7 
38 10
45 43 47 9 17 1 18 3 22 15 
48 8
43 46 29 24 11 31 22 3 
47 13
20 13 8 3 5 43 38 42 31 22 35 2 19 
0 4
22 19 28 27 
7 10
43 16 44 45 19 20 10 23 22 12 
28 11
45 34 4 30 10 0 18 3 24 21 42 
42 6
1 47 46 10 6 28 
3 13
26 24 13 47 4 14 33 8 28 48 38 18 5 
19 13
8 5 39 25 7 41 15 0 12 36 30 21 47 
5 12
19 46 16 31 47 41 34 14 20 3 18 6 
11 6
29 10 49 43 48 23 
23 8
10 36 4 25 7 35 27 11 
18 18
34 49 26 28 31 6 30 22 5 35 45 3 16 44 10 29 8 38 
20 9
15 39 6 47 43 7 13 12 5 
15 9
30 20 14 34 17 19 13 6 38 
27 8
21 45 6 44 1 10 0 23 
35 7
37 47 40 22 23 30 18 
45 8
7 28 27 38 39 18 24 44 
16 8
7 12 10 40 4 46 5 18 
8 10
25 10 43 47 41 19 26 31 3 18 
44 6
33 7 27 18 26 45 
29 8
26 43 11 37 48 25 18 6 
24 8
3 21 22 17 28 48 12 45 
13 8
31 25 3 20 15 21 47 49 
49 9
11 2 40 18 4 10 31 30 13 
17 9
34 15 43 4 37 24 38 30 46 
9 6
32 41 38 43 46 12 
