30
27 10
25 11 1 18 3 0 15 14 7 12 
12 8
3 4 2 15 11 21 17 27 
7 10
11 10 15 14 2 1 25 27 9 13 
14 7
2 23 15 7 3 27 21 
15 12
16 0 25 12 3 18 9 27 7 14 20 24 
0 6
15 3 9 27 17 11 
3 15
23 5 11 17 27 10 13 15 1 0 25 6 14 4 12 
18 12
2 21 11 8 28 9 17 27 10 15 22 23 
1 13
24 3 13 7 25 6 27 9 17 8 22 23 2 
13 8
16 10 29 3 5 1 25 7 
9 11
21 11 24 28 18 1 22 7 15 0 29 
25 14
27 21 11 2 19 28 7 22 1 8 3 16 13 15 
2 8
28 14 12 25 7 4 18 1 
10 6
13 7 18 3 8 6 
6 9
22 1 3 16 8 10 26 19 4 
8 9
4 16 25 18 1 21 6 20 10 
21 11
18 5 9 29 8 12 11 19 25 22 14 
11 12
7 26 27 9 25 12 21 5 18 3 0 16 
29 8
13 4 26 22 17 9 21 24 
24 7
16 23 9 29 15 1 5 
17 9
12 23 22 18 1 3 29 0 16 
22 9
25 20 29 6 1 18 17 9 21 
26 4
11 29 28 6 
20 5
5 23 22 8 15 
5 7
20 13 21 11 24 28 3 
28 9
23 16 9 18 5 2 19 26 25 
4 6
8 12 29 3 2 6 
23 9
19 20 14 24 28 17 3 18 1 
16 10
19 15 25 13 8 6 28 17 24 11 
19 6
16 25 23 28 21 6 
