50
38 2
42 7 
7 6
26 23 9 0 42 38 
8 1
34 
34 3
19 26 8 
18 1
37 
37 3
25 3 18 
25 2
6 37 
46 1
32 
32 5
15 27 20 49 46 
16 3
48 36 44 
44 1
16 
36 3
6 19 16 
47 1
2 
2 2
1 47 
12 1
1 
1 6
10 26 2 31 28 12 
22 1
14 
14 3
29 22 30 
5 1
49 
49 3
42 32 5 
9 1
7 
42 3
38 49 7 
33 4
20 48 10 29 
29 2
33 14 
48 5
11 24 16 33 39 
20 3
33 32 4 
4 1
20 
26 4
1 7 43 34 
43 1
26 
27 2
32 17 
15 2
10 32 
39 2
48 40 
24 4
48 41 35 45 
11 4
13 10 48 3 
35 2
24 19 
19 4
34 36 21 35 
17 2
13 27 
28 1
1 
41 1
24 
30 3
23 40 14 
3 2
37 11 
45 1
24 
6 3
10 25 36 
10 5
33 11 15 1 6 
21 1
19 
13 2
17 11 
31 1
1 
0 1
7 
23 2
30 7 
40 2
30 39 
