30
12 7
21 29 17 2 25 20 16 
16 7
11 17 0 29 20 1 12 
20 4
26 6 16 12 
25 7
17 27 1 3 18 26 12 
2 8
13 26 12 22 23 0 24 21 
19 5
10 13 24 23 9 
9 9
24 6 29 0 27 7 14 19 4 
23 6
0 2 19 24 5 7 
24 7
13 9 28 23 19 2 3 
6 4
9 14 20 1 
1 7
25 16 13 0 11 22 6 
3 11
25 11 24 4 15 0 29 7 13 17 28 
28 5
26 24 29 15 3 
13 11
24 11 22 2 19 1 3 5 8 0 15 
29 9
28 9 12 16 15 11 4 5 3 
0 15
13 11 17 27 26 2 4 5 9 1 22 23 21 3 16 
4 6
8 29 15 0 3 9 
22 7
2 8 14 13 17 0 1 
11 7
16 13 0 29 26 3 1 
14 9
18 7 22 8 6 27 9 15 26 
7 5
14 3 27 9 23 
17 7
25 16 3 12 22 15 0 
26 8
28 2 20 14 0 10 25 11 
15 8
3 17 28 29 10 14 4 13 
27 6
7 25 9 14 0 10 
10 5
8 15 19 26 27 
8 6
22 5 14 10 4 13 
5 6
21 8 29 0 13 23 
21 5
12 5 18 0 2 
18 3
14 21 25 
