50
33 4
23 34 28 7 
7 2
21 33 
9 3
15 49 19 
19 4
36 15 11 9 
38 2
26 42 
42 2
14 38 
43 2
8 48 
48 5
29 21 39 47 43 
8 3
13 43 18 
18 7
37 23 36 41 2 8 28 
13 3
8 17 14 
14 3
37 42 13 
5 2
21 39 
39 3
47 48 5 
0 2
11 28 
28 3
33 18 0 
17 3
40 13 36 
36 4
19 18 32 17 
40 3
17 26 47 
47 5
48 41 45 39 40 
35 1
10 
10 2
20 35 
27 2
11 23 
23 6
37 33 16 18 34 27 
22 3
31 4 25 
25 2
34 22 
4 5
6 20 31 15 22 
49 2
9 15 
15 4
9 4 49 19 
41 2
18 47 
21 3
5 48 7 
20 4
16 4 10 6 
29 2
46 48 
46 2
34 29 
37 4
23 18 16 14 
16 5
23 37 1 20 26 
34 6
25 23 30 33 46 12 
12 3
1 34 24 
30 2
34 44 
2 2
31 18 
45 1
47 
26 4
38 1 40 16 
1 3
26 12 16 
6 2
4 20 
44 2
32 30 
24 1
12 
32 2
44 36 
31 4
2 22 4 3 
3 1
31 
11 3
0 27 19 
