100
88 5
96 93 15 29 90 
90 11
99 5 98 76 97 56 91 10 15 36 88 
79 5
36 45 17 16 44 
44 3
16 61 79 
56 7
23 0 42 51 61 90 39 
39 10
52 78 71 21 82 99 1 3 34 56 
54 3
49 1 63 
63 6
35 23 15 13 68 54 
92 5
14 34 18 80 46 
46 5
68 95 8 27 92 
24 8
93 78 11 89 48 5 1 10 
10 6
6 13 90 42 71 24 
98 5
40 90 22 12 21 
21 6
75 59 72 42 39 98 
13 9
52 97 64 78 27 10 63 83 68 
68 9
1 66 46 16 27 64 29 63 13 
74 7
53 48 19 35 78 95 40 
40 7
43 98 71 52 23 96 74 
53 5
74 49 1 37 22 
22 4
70 98 52 53 
12 5
69 86 32 98 34 
34 7
82 75 92 39 4 18 12 
71 7
38 93 10 40 39 49 77 
77 5
15 2 19 67 71 
2 3
70 77 45 
45 8
25 51 79 8 73 81 2 85 
67 6
1 80 23 43 58 77 
19 6
59 74 16 99 77 1 
15 6
88 77 3 58 63 90 
49 4
53 54 71 42 
42 11
38 82 28 18 5 89 21 47 49 56 10 
96 5
88 11 85 9 40 
91 4
90 60 38 8 
8 9
1 82 46 0 91 45 11 37 23 
78 7
4 76 39 24 13 74 27 
27 8
47 29 13 66 68 84 78 46 
17 5
0 79 18 41 69 
69 4
12 80 64 17 
41 8
38 25 97 60 59 89 70 17 
89 4
42 24 47 41 
5 5
90 24 3 42 58 
58 8
31 94 67 15 86 5 30 57 
25 5
45 4 41 76 33 
33 3
52 0 25 
76 10
86 84 78 16 82 95 36 90 20 25 
28 3
99 82 42 
70 4
22 2 4 41 
60 5
3 50 91 41 6 
97 4
47 90 13 41 
3 5
15 5 60 20 39 
99 9
59 48 28 47 64 90 39 35 19 
83 5
13 48 16 73 29 
29 8
27 7 1 68 83 65 88 52 
87 4
16 51 64 95 
95 5
86 76 46 74 87 
64 11
14 16 68 85 75 87 99 69 26 13 80 
52 8
72 13 33 40 39 14 29 22 
57 3
94 20 58 
31 3
37 58 86 
86 8
66 59 76 12 95 58 75 31 
37 6
53 61 8 94 85 31 
85 6
37 64 96 61 38 45 
81 4
50 1 6 45 
62 3
47 51 11 
11 4
8 96 24 62 
51 8
18 45 56 87 9 50 62 30 
55 4
7 47 26 36 
36 7
79 90 76 0 55 72 59 
30 5
32 9 73 58 51 
9 6
84 30 38 82 51 96 
1 11
8 53 68 39 24 54 48 29 81 67 19 
20 5
57 7 3 76 43 
82 8
34 39 94 8 76 28 9 42 
16 10
64 87 6 79 19 80 44 76 83 68 
32 3
30 12 4 
4 7
78 25 70 47 14 34 32 
80 5
69 67 92 16 64 
61 9
56 85 48 37 84 50 66 44 65 
84 7
76 94 93 9 27 61 7 
23 6
56 63 67 40 48 8 
0 9
17 56 7 36 33 8 93 14 38 
35 7
63 59 74 99 47 43 26 
26 5
50 55 47 64 35 
75 6
21 34 86 64 47 48 
48 8
99 61 24 83 1 23 74 75 
47 11
42 99 55 89 35 26 97 4 62 27 75 
59 7
86 99 19 35 21 41 36 
72 3
21 52 36 
43 4
67 35 40 20 
94 5
57 58 82 84 37 
93 5
88 71 24 84 0 
38 7
71 42 41 9 85 91 0 
14 6
92 64 4 52 0 73 
65 2
29 61 
66 4
86 27 68 61 
50 5
51 60 81 26 61 
73 4
45 30 83 14 
18 5
42 51 17 92 34 
7 5
55 20 0 29 84 
6 4
16 10 81 60 
