30
24 7
18 3 17 27 11 21 19 
19 8
0 15 12 8 11 24 5 1 
21 6
28 13 18 3 2 24 
11 9
2 19 23 4 12 24 13 18 3 
27 3
13 24 2 
28 6
2 23 6 21 16 10 
10 4
2 14 17 28 
16 11
6 4 18 5 3 14 22 23 8 28 0 
9 6
4 14 17 26 2 13 
13 7
11 21 27 9 14 20 29 
2 7
10 11 21 23 28 27 9 
26 7
7 25 17 9 1 3 29 
17 5
24 26 10 15 9 
14 6
10 20 9 13 16 4 
1 5
22 3 20 26 19 
20 5
0 15 14 1 13 
22 6
6 16 7 1 5 18 
18 5
16 11 24 21 22 
5 5
4 19 16 8 22 
7 7
26 8 6 3 23 22 12 
6 7
16 25 28 22 7 0 15 
15 6
20 29 19 8 17 6 
0 5
19 6 20 12 16 
12 5
11 0 19 3 7 
3 8
1 7 12 26 24 21 11 16 
29 4
15 13 26 25 
25 4
8 6 26 29 
8 6
25 5 7 16 19 15 
4 5
5 11 9 16 14 
23 5
11 28 7 2 16 
