20
4 8
11 13 2 17 12 6 8 16 
16 9
17 6 14 15 10 1 5 8 4 
9 5
0 11 2 5 6 
6 13
15 10 2 16 4 14 11 17 9 5 1 18 3 
1 8
19 8 16 6 3 5 0 11 
11 9
4 12 15 13 9 17 6 18 1 
0 5
14 9 17 1 10 
10 8
6 5 18 17 16 7 0 15 
8 6
17 12 5 1 4 16 
5 11
6 12 10 2 3 1 17 9 8 16 14 
14 7
17 7 2 0 6 16 5 
15 7
6 18 16 11 19 7 10 
7 7
14 3 2 12 15 10 13 
17 12
14 8 16 3 5 18 13 4 11 0 10 6 
18 9
17 6 13 15 10 12 19 2 11 
3 7
19 17 1 5 7 13 6 
12 6
8 11 7 4 5 18 
2 9
13 7 14 4 6 9 5 18 19 
19 6
18 1 3 15 13 2 
13 8
11 2 19 4 17 3 18 7 
