20
12 9
19 6 3 1 18 17 9 15 8 
8 9
14 11 13 6 1 5 3 17 12 
15 10
16 6 9 3 18 0 11 7 12 19 
9 8
11 13 7 12 2 14 15 0 
18 10
13 14 5 1 16 19 12 15 4 11 
1 8
12 18 3 8 16 13 7 10 
17 10
4 12 6 2 3 0 10 8 7 13 
3 11
6 7 12 17 15 10 5 1 4 8 16 
6 10
12 17 14 13 8 16 15 0 3 5 
16 11
18 1 3 5 13 7 4 11 15 10 6 
10 8
13 2 19 17 1 3 14 16 
11 8
7 13 14 9 15 8 16 18 
4 9
17 0 7 13 18 3 19 2 16 
7 11
11 4 0 15 2 19 17 9 16 3 1 
13 13
19 11 6 14 0 10 9 17 4 18 1 8 16 
5 6
2 18 3 8 16 6 
19 7
12 4 18 10 15 13 7 
0 7
13 7 4 15 6 17 9 
2 7
7 5 14 10 17 9 4 
14 8
8 18 2 11 6 13 10 9 
