50
15 3
41 13 49 
49 7
3 18 26 15 9 46 4 
13 3
4 43 15 
41 7
35 5 15 20 22 17 6 
42 5
3 22 30 16 32 
32 2
16 42 
16 8
32 21 11 19 4 18 31 42 
30 6
27 9 28 12 42 21 
22 7
41 39 6 31 21 42 26 
3 5
49 46 44 42 18 
4 4
13 8 16 49 
46 5
17 3 49 44 33 
9 4
24 31 49 30 
26 3
14 49 22 
18 5
16 19 25 49 3 
20 2
41 25 
25 3
17 18 20 
21 7
16 29 7 43 30 22 19 
31 7
1 9 16 44 22 19 11 
6 2
22 41 
39 6
40 22 11 10 47 7 
17 6
10 29 25 38 46 41 
2 2
12 8 
8 6
23 37 4 35 2 40 
12 3
2 45 30 
44 4
46 0 3 31 
0 7
47 28 45 36 44 5 34 
45 3
0 37 12 
33 3
36 46 48 
19 6
16 18 35 31 37 21 
7 2
21 39 
47 3
0 39 1 
10 2
17 39 
11 4
16 31 27 39 
40 2
39 8 
27 3
30 11 14 
37 5
8 19 45 5 38 
35 4
41 19 8 23 
29 2
21 17 
43 3
34 21 13 
38 3
5 37 17 
5 5
14 38 41 37 0 
48 2
36 33 
36 5
48 28 33 0 24 
1 2
31 47 
14 3
26 5 27 
28 3
0 30 36 
23 2
8 35 
24 2
9 36 
34 2
43 0 
