100
80 5
49 62 27 33 16 
16 8
33 21 79 15 63 5 68 80 
51 4
7 37 30 98 
98 6
76 63 94 7 2 51 
60 4
48 45 71 24 
24 9
89 11 75 58 41 65 52 34 60 
26 6
75 50 53 1 0 91 
91 7
65 88 54 0 45 26 77 
21 2
16 3 
3 5
58 42 38 72 21 
34 5
43 22 24 61 87 
87 8
81 1 70 95 30 38 14 34 
39 6
10 93 40 20 92 6 
6 6
13 68 66 22 48 39 
15 4
53 63 16 46 
46 5
33 66 41 9 15 
89 4
59 24 8 48 
48 13
60 27 63 50 69 81 5 66 1 32 6 71 89 
52 8
77 86 44 25 72 11 24 40 
14 4
87 17 49 69 
69 8
33 10 19 12 9 48 99 14 
77 4
52 5 18 91 
97 2
40 54 
54 7
8 12 91 67 97 36 65 
78 3
7 79 47 
47 7
40 61 62 33 84 78 35 
79 5
25 16 1 11 78 
20 6
76 40 39 75 86 62 
62 10
41 80 84 61 63 47 66 92 20 28 
86 9
59 13 5 20 52 45 67 75 31 
31 2
41 86 
67 5
44 76 66 54 86 
42 5
90 0 3 27 93 
93 6
39 33 76 50 49 42 
36 6
7 54 32 70 92 40 
40 12
47 72 97 35 11 52 36 5 83 20 39 90 
1 9
63 87 12 79 19 73 26 28 48 
76 5
67 93 98 20 92 
92 5
36 39 62 10 76 
45 8
86 72 50 7 60 55 91 33 
2 4
17 9 64 98 
29 2
56 53 
53 11
71 88 99 26 66 15 70 63 56 29 44 
99 4
22 74 53 69 
10 9
32 69 84 96 44 49 39 92 27 
71 7
84 53 60 38 48 85 70 
70 5
53 36 75 87 71 
85 3
71 32 57 
65 6
24 12 91 74 13 54 
7 7
36 51 45 98 5 78 59 
59 3
89 86 7 
5 11
77 40 16 48 9 81 7 64 86 4 22 
44 7
67 13 66 10 52 43 53 
27 7
8 19 37 42 80 48 10 
33 8
25 80 16 46 47 69 93 45 
25 7
79 33 52 88 22 66 37 
37 5
27 51 73 55 25 
66 10
6 55 48 62 25 44 46 58 53 67 
64 5
12 5 8 56 2 
22 7
43 73 34 99 6 25 5 
57 4
41 56 58 85 
32 5
10 36 48 85 74 
23 5
84 19 96 63 95 
95 4
68 87 8 23 
63 14
23 55 1 96 16 38 8 11 48 62 53 15 35 98 
61 5
58 47 62 34 96 
96 6
23 41 10 63 50 61 
38 5
3 82 71 63 87 
4 6
55 13 17 9 84 5 
81 4
87 48 84 5 
88 5
73 91 53 25 50 
50 9
83 96 58 48 45 26 19 93 88 
9 6
12 69 2 5 4 46 
41 6
62 57 31 24 96 46 
72 6
40 0 45 52 58 3 
28 3
1 35 62 
55 7
4 37 68 66 63 45 17 
17 5
4 14 2 55 82 
11 7
24 83 40 63 0 79 52 
8 6
27 54 89 95 63 64 
35 4
63 40 28 47 
83 4
50 11 94 40 
90 3
42 40 13 
13 6
44 6 4 86 65 90 
0 7
72 26 18 91 11 42 12 
58 10
73 57 24 3 66 82 94 61 50 72 
94 5
12 98 56 83 58 
30 4
75 51 87 82 
82 4
58 38 17 30 
84 8
10 71 23 62 47 4 81 73 
73 7
58 88 22 19 1 37 84 
56 7
57 29 94 53 64 75 18 
19 6
27 1 23 69 73 50 
49 4
80 10 14 93 
12 8
94 64 65 1 9 54 69 0 
75 8
86 26 30 18 20 24 70 56 
68 4
95 6 55 16 
74 4
65 99 32 43 
18 4
75 77 0 56 
43 4
34 44 22 74 
