50
29 7
35 4 28 8 21 15 5 
5 10
20 3 43 32 16 25 19 26 15 29 
18 7
11 14 19 47 28 27 17 
17 4
31 38 37 18 
35 5
29 11 42 28 44 
44 5
27 25 42 33 35 
27 6
2 7 18 44 36 22 
22 7
33 12 11 20 13 3 27 
4 11
3 29 14 42 21 24 6 32 26 25 47 
47 7
10 20 34 12 18 38 4 
19 10
20 0 11 24 49 26 7 5 18 3 
3 11
25 4 6 5 21 40 39 34 31 22 19 
31 6
17 16 41 3 49 43 
43 8
23 5 33 12 31 24 11 21 
48 3
38 8 9 
9 8
33 25 38 6 11 37 48 7 
26 10
37 4 41 34 19 45 42 10 5 30 
14 7
18 7 4 36 12 40 11 
11 13
18 9 19 35 2 23 22 49 43 7 37 40 14 
34 10
36 47 24 6 42 3 1 2 26 0 
0 7
19 16 24 30 13 41 34 
20 10
19 37 47 6 40 22 5 1 12 42 
42 12
4 12 23 37 45 35 2 26 16 44 34 20 
36 5
15 34 14 27 46 
46 6
38 37 13 41 1 36 
1 6
20 34 38 46 16 28 
28 8
38 7 29 33 24 35 18 1 
16 9
31 42 0 33 30 32 25 5 1 
13 13
46 37 7 45 6 32 12 40 22 23 10 0 15 
7 12
38 14 49 41 13 15 19 24 11 28 27 9 
37 10
26 20 39 6 13 46 42 11 9 17 
10 6
32 13 47 26 45 25 
25 10
9 6 12 4 49 44 16 3 5 10 
45 6
32 42 23 13 26 10 
49 6
11 31 19 7 25 12 
12 12
24 20 14 23 22 42 33 25 13 47 43 49 
2 8
27 40 34 11 42 6 32 8 
41 7
31 7 26 46 6 0 24 
40 9
3 2 21 11 13 38 14 20 39 
39 8
23 3 24 37 38 8 6 40 
38 11
7 24 46 28 48 17 9 1 39 40 47 
15 5
5 36 29 7 13 
23 8
43 45 39 11 24 12 42 13 
32 7
10 4 16 5 45 2 13 
30 3
16 0 26 
8 5
29 39 33 48 2 
24 12
12 19 39 34 0 43 4 38 28 23 7 41 
6 11
3 37 25 4 2 9 20 34 39 13 41 
21 5
40 3 29 4 43 
33 8
22 9 28 43 12 16 8 44 
