50
13 2
48 12 
12 7
44 33 23 43 32 26 13 
47 2
2 4 
4 4
22 18 2 47 
16 7
27 19 38 44 6 1 3 
3 5
0 28 43 44 16 
31 3
41 49 22 
22 9
2 1 4 49 43 34 20 9 31 
24 3
29 14 34 
34 7
14 36 30 22 2 45 24 
11 2
36 26 
26 4
0 49 12 11 
39 3
15 36 1 
1 8
23 22 16 37 38 35 2 39 
20 3
33 17 22 
17 4
8 14 20 15 
15 6
39 14 38 48 17 8 
40 5
42 8 46 49 30 
30 4
38 32 34 40 
0 4
7 3 26 25 
25 5
49 8 46 29 0 
8 6
44 17 25 40 7 15 
33 5
20 49 12 21 27 
27 5
21 32 42 16 33 
18 2
4 5 
5 3
45 46 18 
48 4
45 15 13 7 
7 4
0 8 32 48 
43 6
49 38 12 46 22 3 
37 5
44 46 1 35 41 
41 5
29 38 31 28 37 
35 7
29 10 6 1 45 37 23 
32 5
7 12 30 36 27 
36 6
34 39 11 21 32 45 
10 3
21 35 19 
19 3
16 49 10 
29 5
41 35 24 38 25 
38 7
41 16 30 43 29 15 1 
9 4
22 14 46 28 
28 5
14 3 42 41 9 
46 8
45 25 40 43 5 9 37 21 
21 7
10 6 27 36 49 33 46 
49 11
25 31 22 21 43 26 19 40 14 33 44 
2 5
22 34 1 47 4 
45 6
46 48 5 36 35 34 
42 5
40 23 28 27 6 
6 4
21 35 16 42 
44 6
12 37 3 8 16 49 
14 7
34 15 24 17 28 9 49 
23 4
1 42 12 35 
