100
82 1
40 
40 4
94 82 15 87 
9 2
69 19 
19 2
44 9 
60 3
22 75 42 
42 2
78 60 
80 1
16 
16 3
62 43 80 
87 2
66 40 
73 3
51 74 63 
63 5
75 81 69 73 53 
75 3
60 63 4 
4 2
90 75 
68 1
85 
85 3
49 0 68 
51 2
73 91 
91 3
93 99 51 
22 2
60 20 
20 5
83 89 79 65 22 
0 5
18 72 8 55 85 
99 2
47 91 
55 4
77 56 0 46 
74 3
23 73 39 
39 5
1 62 49 12 74 
13 3
76 56 61 
61 3
45 90 13 
2 4
64 15 29 11 
11 5
76 7 52 69 2 
78 2
44 42 
24 2
27 8 
8 5
0 83 1 71 24 
44 7
62 43 3 5 69 19 78 
23 2
74 15 
15 6
2 40 48 56 25 23 
92 1
62 
62 7
27 48 16 44 39 92 83 
29 3
2 41 96 
96 1
29 
41 3
43 14 29 
47 2
64 99 
53 2
45 63 
94 5
86 5 34 40 70 
25 2
52 15 
70 1
94 
5 4
44 36 35 94 
72 2
0 6 
6 4
84 97 81 72 
21 1
56 
56 6
13 34 15 32 55 21 
26 1
1 
1 4
32 39 8 26 
76 3
13 11 97 
97 4
6 66 65 76 
36 2
5 10 
10 2
93 36 
69 8
11 44 9 54 50 63 49 64 
81 3
6 63 37 
52 3
25 57 11 
57 3
84 52 77 
65 3
20 7 97 
66 3
87 97 14 
83 3
62 20 8 
12 1
39 
49 4
69 85 39 71 
71 4
8 33 49 86 
14 2
66 41 
31 2
33 30 
30 3
89 93 31 
77 2
55 57 
84 7
43 48 54 38 3 6 57 
45 5
61 3 53 28 34 
34 4
94 56 98 45 
28 3
43 45 17 
90 4
48 18 4 61 
18 2
0 90 
48 5
90 84 62 15 7 
17 1
28 
43 5
41 84 44 16 28 
89 2
20 30 
98 3
34 32 58 
58 1
98 
32 6
1 56 54 50 98 95 
95 1
32 
64 3
2 69 47 
37 1
81 
7 3
65 11 48 
38 1
84 
35 1
5 
46 1
55 
3 5
88 44 84 45 67 
67 1
3 
79 2
20 33 
86 2
94 71 
54 5
69 84 88 32 27 
27 3
24 62 54 
88 2
3 54 
50 2
69 32 
33 3
31 71 79 
93 4
91 10 30 59 
59 1
93 
