50
5 16
46 19 31 26 49 2 4 25 38 33 16 10 15 40 20 1 
31 12
7 8 46 44 37 49 20 34 10 27 5 45 
26 12
11 19 2 14 48 41 13 49 46 16 10 5 
2 14
19 41 17 7 0 29 40 4 23 30 5 18 14 26 
4 18
21 23 12 45 5 46 44 8 36 41 27 35 47 2 49 32 30 25 
25 12
11 15 12 4 30 44 1 5 35 34 20 27 
33 10
14 30 27 28 17 16 49 5 24 21 
16 17
36 28 30 38 10 15 5 35 47 34 33 26 1 22 9 20 21 
15 11
32 25 13 12 42 48 28 16 5 18 36 
10 16
39 19 44 49 26 16 8 46 5 21 24 11 31 34 12 0 
40 7
13 5 30 47 35 2 34 
21 12
4 20 30 19 35 9 41 11 0 10 16 33 
49 14
7 33 48 31 23 47 4 43 38 26 39 5 10 42 
17 9
36 47 32 44 33 0 7 19 2 
7 10
8 6 49 47 18 31 17 19 2 12 
0 11
37 21 32 8 47 10 28 17 34 1 2 
34 18
38 46 12 25 18 16 44 39 37 47 40 29 1 0 9 10 27 31 
47 24
12 45 4 39 32 48 11 8 36 43 49 19 0 22 1 16 3 41 28 17 7 34 13 40 
30 14
19 16 33 9 42 40 14 25 2 21 23 4 11 18 
1 12
25 16 19 41 13 47 43 0 22 34 5 3 
36 10
16 37 32 23 27 17 47 4 3 15 
3 10
42 13 8 47 37 22 36 1 39 20 
22 11
27 42 44 16 14 39 47 43 3 1 38 
43 15
39 49 48 22 1 47 32 44 8 46 45 29 13 41 14 
13 8
40 15 37 26 43 47 3 1 
41 11
42 27 21 18 1 4 43 47 46 26 2 
38 13
12 5 19 48 27 49 24 29 34 14 16 46 22 
39 15
32 11 28 34 20 44 22 37 49 35 47 43 3 42 10 
20 10
28 31 16 39 14 5 3 21 11 25 
11 12
25 32 26 45 30 21 37 10 29 47 39 20 
14 11
33 43 12 2 26 23 22 30 38 20 27 
19 16
2 30 47 44 38 48 46 7 17 9 1 5 26 21 27 10 
44 14
17 29 10 19 34 39 24 43 4 32 25 8 22 31 
46 16
34 12 5 38 32 48 28 31 29 41 10 4 43 6 19 26 
48 12
9 38 23 15 35 19 26 47 49 43 46 42 
32 12
39 11 36 17 15 0 42 4 47 43 46 44 
8 10
7 31 44 3 4 43 47 0 10 23 
23 12
36 30 14 28 48 2 4 49 18 42 24 8 
28 12
47 23 45 16 33 46 0 15 29 20 39 6 
35 8
48 16 21 6 4 25 40 39 
42 10
41 49 3 22 30 23 32 48 39 15 
29 11
45 2 43 6 46 44 11 34 38 9 28 
37 10
0 36 12 45 31 13 3 39 34 11 
18 8
24 34 2 30 23 41 7 15 
12 12
46 37 38 25 34 14 10 15 27 7 47 4 
9 8
48 19 24 21 16 29 30 34 
6 6
7 35 24 29 46 28 
24 8
9 18 6 38 10 33 44 23 
45 8
29 37 11 28 31 47 43 4 
27 12
19 22 36 41 33 4 34 14 38 25 12 31 
