20
8 6
18 13 4 15 19 11 
11 12
14 0 5 1 3 13 7 2 19 16 8 6 
19 10
4 18 3 0 10 6 8 12 11 9 
4 11
19 14 8 6 18 3 17 9 12 10 0 
0 11
19 2 11 3 5 18 7 15 10 4 17 
12 7
17 19 2 10 4 18 3 
9 8
6 16 1 18 13 7 4 19 
6 9
5 18 9 4 19 7 15 10 11 
10 11
4 1 5 3 17 19 2 6 12 0 16 
3 11
2 19 0 10 11 4 12 14 5 18 1 
2 12
14 11 16 3 5 18 1 15 0 10 17 12 
17 8
12 13 4 1 18 10 0 2 
16 9
2 9 11 18 5 1 14 15 10 
7 8
9 6 18 1 0 15 11 13 
18 17
8 5 16 3 13 15 1 0 9 17 7 2 4 19 6 12 14 
5 10
11 6 16 2 15 10 0 14 3 18 
1 12
17 9 10 15 11 2 16 7 13 18 3 14 
14 10
2 11 4 16 15 13 18 5 3 1 
13 8
9 17 8 11 18 1 14 7 
15 10
2 5 1 18 0 6 8 16 14 7 
