30
12 5
14 6 1 5 10 
10 8
26 23 6 13 4 1 8 12 
19 4
20 23 28 27 
27 6
1 26 19 7 20 17 
14 6
12 2 23 25 15 6 
6 6
10 12 20 14 1 3 
15 5
2 1 4 20 14 
26 4
10 29 11 27 
4 6
7 23 25 29 10 15 
8 3
13 21 10 
1 9
24 12 6 13 27 29 10 15 2 
13 7
10 0 23 1 24 8 16 
16 3
23 7 13 
24 7
2 22 7 13 1 18 11 
23 8
4 10 11 19 16 14 7 13 
29 7
4 26 18 1 3 5 28 
28 3
19 25 29 
5 4
20 9 12 29 
3 4
17 6 29 22 
17 3
0 3 27 
20 5
15 5 19 6 27 
7 6
24 4 16 23 27 0 
2 7
15 14 18 1 24 21 25 
9 2
5 0 
0 5
25 13 7 17 9 
22 3
24 11 3 
11 4
26 23 22 24 
18 3
29 2 24 
21 2
8 2 
25 5
0 4 28 14 2 
