50
31 4
35 26 39 11 
11 5
22 20 31 38 10 
39 5
31 49 6 15 23 
26 5
24 21 25 10 31 
35 6
31 47 37 14 6 16 
37 5
6 45 35 10 42 
42 6
48 17 15 25 37 34 
10 9
17 28 34 18 33 26 37 11 23 
45 7
37 27 15 7 41 2 49 
6 7
39 37 4 44 7 0 35 
29 8
49 47 43 12 16 2 25 1 
1 5
3 9 19 29 20 
25 6
23 42 29 26 7 48 
2 5
17 41 45 21 29 
16 4
12 29 35 13 
12 7
43 49 16 27 18 41 29 
43 7
46 8 33 30 12 47 29 
47 10
27 9 35 40 14 22 29 18 4 43 
49 7
9 39 29 15 22 45 12 
38 3
4 11 7 
20 7
9 46 11 4 30 1 18 
22 5
11 4 47 49 7 
23 9
4 25 3 46 10 15 30 39 14 
15 9
48 45 42 3 5 8 49 39 23 
48 4
42 15 36 25 
36 4
41 40 48 28 
30 4
43 20 23 5 
33 6
44 27 28 0 10 43 
8 4
43 15 34 9 
5 5
32 13 18 15 30 
3 8
15 0 1 23 7 27 28 19 
18 5
10 5 12 47 20 
13 3
5 27 16 
27 10
12 47 46 33 45 19 0 3 32 13 
32 4
5 27 28 7 
7 8
45 41 3 32 6 25 38 22 
4 9
47 38 22 23 20 9 17 28 6 
46 7
43 19 27 20 23 24 44 
44 5
33 46 6 0 9 
24 5
26 0 14 46 28 
19 5
46 14 1 3 27 
28 7
10 33 3 24 4 32 36 
17 4
10 2 4 42 
9 10
20 40 49 4 47 1 44 8 41 21 
41 8
36 12 40 14 7 2 45 9 
14 6
24 41 19 35 23 47 
40 4
41 47 36 9 
34 4
21 10 8 42 
21 4
34 2 26 9 
0 6
33 44 24 27 6 3 
