50
18 4
3 38 30 46 
46 3
27 41 18 
30 5
1 18 37 2 47 
38 7
14 45 4 10 18 33 23 
29 8
13 2 48 23 39 40 43 12 
12 5
44 33 42 48 29 
43 6
23 9 5 47 42 29 
40 3
26 28 29 
39 8
26 37 9 41 1 32 15 29 
23 10
43 20 33 16 22 29 0 9 5 38 
48 12
28 26 2 22 12 49 44 33 29 0 15 14 
24 4
4 11 33 36 
36 3
47 22 24 
33 7
23 24 38 12 2 19 48 
2 7
33 37 48 30 29 15 26 
26 5
48 13 40 39 2 
15 3
39 48 2 
25 6
41 16 21 1 45 35 
35 5
14 1 25 32 11 
1 5
7 35 30 39 25 
21 5
19 0 10 41 25 
16 6
31 25 19 23 4 3 
10 3
20 38 21 
4 4
24 31 38 16 
41 5
25 46 39 20 21 
32 3
8 39 35 
42 4
34 43 12 3 
44 4
12 19 48 37 
37 7
3 39 28 2 45 30 44 
19 8
6 31 21 14 16 44 33 22 
34 3
42 22 7 
7 3
1 27 34 
22 7
27 48 28 23 36 19 34 
14 4
38 35 19 48 
45 4
38 25 8 37 
28 8
40 11 37 48 17 31 22 13 
3 5
18 5 37 16 42 
8 4
45 49 32 6 
6 4
19 49 5 8 
49 4
8 6 48 0 
27 5
20 46 7 13 22 
20 4
27 23 10 41 
11 3
24 28 35 
9 4
43 17 39 23 
5 4
3 43 23 6 
0 4
48 23 21 49 
47 3
36 30 43 
31 5
19 16 13 4 28 
13 5
29 26 31 28 27 
17 2
9 28 
