50
48 9
45 26 30 25 40 47 16 31 32 
32 9
34 22 23 5 15 9 27 48 4 
31 15
3 23 4 5 9 48 6 17 7 29 13 44 33 34 12 
16 12
21 35 41 13 36 48 0 15 33 8 3 1 
47 5
21 11 48 22 23 
34 11
32 43 25 20 8 9 31 18 5 1 22 
22 11
32 37 25 10 20 34 7 41 47 49 26 
1 6
29 34 11 37 16 27 
14 8
30 40 9 6 4 41 0 46 
46 12
7 33 23 36 38 45 15 29 11 24 5 14 
0 11
25 14 3 5 18 41 16 33 9 26 19 
4 7
8 49 35 14 30 31 32 
30 9
38 48 14 39 40 19 4 21 24 
9 11
32 35 49 41 34 14 24 15 0 38 31 
38 14
30 9 24 21 37 35 45 46 39 12 10 41 5 3 
24 11
12 49 38 27 9 23 30 15 3 46 35 
37 11
38 8 5 1 22 36 23 10 15 20 6 
6 9
7 41 45 12 10 29 14 31 37 
20 8
8 35 34 41 7 22 29 37 
15 15
9 32 37 24 42 10 41 7 46 16 3 29 40 43 36 
23 13
32 2 29 46 33 44 37 24 17 28 31 18 47 
36 10
28 42 15 5 40 13 37 16 46 33 
33 13
39 2 26 8 46 44 16 31 23 36 29 0 13 
13 6
31 40 36 16 33 43 
29 15
2 44 23 46 33 18 1 41 20 15 40 45 26 6 31 
10 9
37 28 22 18 43 6 38 26 15 
7 11
6 46 8 22 19 45 40 20 17 31 15 
41 14
6 45 15 29 14 20 18 44 16 38 25 22 0 9 
3 12
45 44 16 38 31 43 49 0 15 21 24 12 
5 11
34 38 36 26 37 21 32 0 31 8 46 
18 9
49 41 42 34 39 10 29 0 23 
39 8
33 21 40 30 38 18 12 2 
8 13
4 7 5 37 19 27 17 33 16 20 34 40 25 
11 6
1 46 2 45 47 25 
27 6
25 8 32 24 21 1 
21 12
47 49 16 39 25 38 30 27 17 3 5 42 
35 12
16 26 19 38 20 40 12 4 43 9 28 24 
28 7
25 10 45 35 26 36 23 
43 7
25 34 3 15 10 35 13 
12 9
24 42 6 38 17 31 35 3 39 
26 10
35 33 42 5 0 10 29 22 48 28 
49 7
4 9 18 3 21 24 22 
45 13
6 3 25 38 48 28 44 46 11 29 7 41 42 
17 8
25 19 23 12 7 8 31 21 
44 8
3 29 41 33 45 19 31 23 
40 11
39 14 29 15 7 13 48 35 36 30 8 
19 9
17 35 7 44 8 42 25 30 0 
25 14
43 21 8 19 45 34 11 48 17 28 22 0 27 41 
2 5
29 33 11 23 39 
42 8
36 12 15 18 26 19 45 21 
