50
4 1
34 
34 6
1 32 49 43 4 21 
5 1
19 
19 2
44 5 
48 1
20 
20 2
37 48 
44 3
37 27 19 
38 1
10 
10 3
1 38 41 
46 2
13 45 
45 2
2 46 
33 1
7 
7 2
3 33 
23 2
13 12 
12 1
23 
13 3
46 16 23 
21 2
34 25 
25 1
21 
9 1
31 
31 5
6 40 28 9 26 
8 1
0 
0 2
37 8 
47 1
30 
30 2
37 47 
16 4
17 14 13 3 
3 2
16 7 
14 2
16 22 
17 3
6 16 35 
41 1
10 
28 1
31 
26 1
31 
40 1
31 
6 4
32 31 17 24 
37 6
32 0 20 30 11 44 
11 1
37 
32 4
34 37 15 6 
36 1
24 
24 2
6 36 
1 2
34 10 
22 1
14 
15 2
32 2 
2 2
15 45 
35 2
17 29 
29 1
35 
42 2
43 18 
18 2
42 39 
43 2
34 42 
49 1
34 
39 1
18 
27 1
44 
