50
8 2
18 23 
23 4
34 32 6 8 
38 2
47 33 
33 3
3 22 38 
37 4
17 11 40 4 
4 6
32 47 0 29 26 37 
5 1
42 
42 2
35 5 
13 2
3 14 
14 1
13 
3 5
45 33 49 10 13 
46 1
22 
22 10
33 46 41 6 45 26 19 17 34 24 
43 2
35 21 
21 5
41 7 9 43 47 
29 3
4 15 44 
44 2
28 29 
15 4
6 12 19 29 
19 4
11 22 18 15 
48 1
32 
32 7
4 23 17 48 12 11 40 
20 2
39 6 
6 6
15 22 36 23 20 39 
47 3
38 4 21 
9 4
21 35 27 16 
7 1
21 
41 3
22 21 25 
16 2
10 9 
27 1
9 
35 5
43 40 17 9 42 
24 2
22 1 
34 2
23 22 
17 4
35 37 22 32 
26 3
39 22 4 
0 2
4 25 
25 2
41 0 
40 3
37 35 32 
18 4
10 8 30 19 
11 3
37 19 32 
12 3
15 32 31 
2 1
45 
45 5
39 3 22 36 2 
28 2
44 36 
36 4
6 28 45 30 
10 3
16 18 3 
1 1
24 
30 2
18 36 
49 1
3 
31 1
12 
39 4
26 45 20 6 
