30
12 5
18 17 8 26 20 
20 14
11 12 5 28 8 27 10 24 1 9 22 23 25 2 
26 8
2 15 10 12 14 11 21 4 
8 9
15 13 7 16 9 25 20 12 21 
17 11
0 23 13 12 6 27 11 21 24 4 2 
16 7
27 1 8 10 15 11 25 
25 12
28 7 13 20 1 19 2 11 21 8 16 23 
11 13
25 26 2 7 10 0 17 27 21 24 16 20 14 
15 11
0 5 9 26 19 21 24 13 6 8 16 
10 9
1 28 20 16 0 11 21 2 26 
21 11
6 28 17 9 2 26 25 11 15 10 8 
9 7
21 15 29 8 14 20 2 
27 9
16 19 20 17 28 11 0 29 1 
1 11
10 16 3 18 24 25 27 14 20 13 2 
29 7
14 3 23 7 9 27 2 
0 8
14 17 27 15 10 3 6 11 
28 10
25 19 7 21 10 23 20 27 3 5 
14 9
29 0 23 9 5 1 11 26 19 
24 8
23 7 18 1 20 17 15 11 
7 9
25 28 8 24 11 29 2 23 22 
18 8
6 24 12 3 1 19 2 4 
4 5
23 17 26 3 18 
2 14
26 29 10 25 7 17 5 18 11 9 1 22 21 20 
19 8
28 27 15 25 23 5 18 14 
13 7
8 17 6 25 3 1 15 
22 6
6 5 3 2 20 7 
3 8
1 18 4 22 29 0 13 28 
5 8
15 22 23 2 19 20 14 28 
23 11
24 7 5 4 14 20 29 19 17 28 25 
6 7
21 18 22 13 17 0 15 
