100
48 1
53 
53 2
0 48 
40 1
39 
39 2
19 40 
18 1
85 
85 3
80 0 18 
14 1
34 
34 2
21 14 
49 1
61 
61 3
23 82 49 
82 1
61 
12 1
51 
51 5
35 45 56 86 12 
52 1
50 
50 2
80 52 
73 1
1 
1 2
44 73 
19 3
42 44 39 
77 1
89 
89 2
84 77 
5 1
29 
29 4
16 93 5 74 
4 1
80 
80 5
42 85 50 81 4 
28 1
15 
15 3
35 28 59 
0 2
85 53 
75 1
88 
88 2
65 75 
65 3
97 54 88 
59 1
15 
35 5
97 51 7 90 15 
94 1
7 
7 2
35 94 
23 4
97 43 61 37 
37 1
23 
43 1
23 
97 4
95 65 23 35 
71 1
54 
54 2
65 71 
84 4
60 30 89 26 
78 1
95 
95 7
64 58 67 97 32 99 78 
2 1
9 
9 2
91 2 
21 2
47 34 
60 3
11 84 33 
33 1
60 
11 3
68 60 69 
26 1
84 
47 4
67 87 83 21 
22 1
87 
87 3
47 22 79 
3 1
93 
93 3
29 36 3 
62 1
45 
45 2
51 62 
55 1
64 
64 4
95 16 31 55 
86 1
51 
20 1
67 
67 5
95 27 58 47 20 
81 1
80 
42 4
58 80 19 72 
72 1
42 
58 4
67 95 42 10 
17 3
13 6 70 
70 1
17 
6 1
17 
13 3
16 17 91 
31 1
64 
16 4
64 13 29 38 
83 2
47 92 
92 1
83 
36 1
93 
91 3
13 9 8 
44 3
19 46 1 
69 1
11 
99 1
95 
32 1
95 
98 1
25 
25 3
68 63 98 
24 1
63 
63 2
25 24 
8 1
91 
90 1
35 
79 1
87 
41 2
27 96 
96 1
41 
27 4
67 68 66 41 
74 1
29 
68 3
27 11 25 
56 2
51 76 
30 1
84 
10 1
58 
57 1
66 
66 2
27 57 
38 1
16 
76 1
56 
46 1
44 
