20
4 12
7 13 14 15 0 10 8 16 3 5 17 2 
2 12
11 8 6 9 18 3 1 0 10 15 19 4 
17 13
19 13 7 9 10 0 12 4 6 16 5 3 14 
5 10
11 17 14 19 13 7 4 10 15 6 
6 13
15 19 2 12 9 17 18 1 5 16 13 7 11 
15 12
16 4 12 13 11 0 6 14 3 5 19 2 
10 13
16 8 17 9 4 14 5 1 12 13 19 2 0 
7 14
19 6 5 12 17 1 0 8 3 16 14 18 11 4 
12 10
3 16 8 13 7 6 15 10 17 14 
14 14
12 10 5 9 18 11 4 17 7 15 13 3 16 19 
8 10
18 3 10 0 4 7 11 2 9 12 
16 13
7 14 10 15 0 19 4 11 12 9 17 6 18 
9 12
17 1 18 2 19 10 0 6 11 14 16 8 
3 9
15 2 12 4 8 7 13 14 17 
13 14
19 6 10 1 0 15 11 18 3 5 12 4 14 17 
18 11
2 6 14 11 0 13 7 8 16 1 9 
11 14
19 6 7 16 8 14 13 15 18 9 0 1 5 2 
19 13
11 6 14 5 16 0 10 15 17 9 2 7 13 
0 13
16 8 4 11 18 7 13 17 9 19 2 15 10 
1 8
11 13 7 10 9 6 2 18 
