50
24 5
21 36 27 9 6 
6 6
31 8 41 22 34 24 
9 8
8 30 49 31 24 5 35 45 
36 9
34 24 0 33 27 28 48 25 35 
34 8
38 36 0 43 2 48 6 20 
20 7
29 4 28 23 25 41 34 
48 7
7 35 33 36 34 4 47 
2 8
41 7 18 8 12 11 34 31 
43 6
8 13 21 34 0 15 
0 15
29 41 47 28 45 25 30 43 36 23 16 44 5 34 14 
14 7
23 27 5 26 41 0 29 
29 7
46 32 0 17 21 20 14 
41 12
25 6 27 17 22 20 14 15 0 5 2 35 
26 6
15 22 4 49 14 39 
5 12
18 35 0 10 37 11 41 38 14 44 16 9 
27 8
41 14 24 11 36 30 25 42 
1 7
15 46 4 49 47 31 25 
25 11
0 41 8 16 20 18 1 17 27 11 36 
31 9
6 11 19 2 22 44 16 9 1 
47 7
45 1 40 39 0 48 22 
35 11
48 9 5 3 49 4 23 36 8 19 41 
28 10
38 12 11 40 20 22 36 30 0 13 
33 6
11 48 46 22 36 19 
4 9
20 1 26 35 49 16 8 13 48 
16 14
40 38 0 25 32 19 4 5 11 18 17 31 42 12 
38 9
34 49 28 17 37 5 3 16 12 
11 11
39 28 27 31 33 16 44 25 5 2 19 
37 9
17 40 38 3 5 45 19 8 15 
10 6
30 22 39 17 5 18 
12 11
42 8 16 28 18 7 40 30 45 2 38 
3 9
37 22 35 18 42 44 46 49 38 
17 9
37 41 44 46 16 38 25 29 10 
15 10
26 32 1 39 30 49 43 13 41 37 
21 9
42 24 19 22 30 43 7 29 18 
13 8
30 40 15 43 4 18 28 7 
8 12
12 9 25 6 40 2 35 43 4 37 23 7 
19 9
7 21 37 11 31 35 18 16 33 
45 5
47 12 37 0 9 
23 8
30 0 49 35 8 14 20 39 
42 9
21 12 32 16 30 22 18 3 27 
30 11
23 13 21 42 12 28 9 27 10 15 0 
18 12
42 12 5 3 49 25 2 19 16 10 21 13 
39 13
32 7 47 49 15 10 11 22 23 40 44 46 26 
7 8
48 12 19 2 39 21 13 8 
49 12
38 23 4 46 9 15 35 26 1 18 3 39 
22 14
44 47 40 39 6 31 28 21 26 41 42 10 33 3 
40 9
47 28 37 13 12 16 8 39 22 
32 6
15 29 39 42 16 44 
46 7
29 33 49 1 3 17 39 
44 9
22 17 31 5 3 0 11 39 32 
