50
31 4
48 16 1 25 
25 6
33 38 37 6 35 31 
1 14
23 20 39 15 0 37 26 2 10 27 31 28 12 8 
13 4
9 29 11 33 
33 8
4 25 10 29 0 48 16 13 
11 11
46 16 22 49 47 3 5 48 10 13 42 
23 9
47 44 29 12 7 1 6 26 2 
2 6
35 49 47 1 23 38 
6 5
36 23 25 15 10 
7 12
34 8 16 41 38 42 0 9 22 23 26 32 
21 4
37 19 8 46 
46 8
44 27 4 32 35 11 37 21 
19 7
39 17 38 35 21 36 43 
10 10
12 33 35 6 1 15 37 11 36 30 
36 10
28 42 37 49 16 19 32 6 3 10 
45 5
18 4 35 24 29 
29 7
17 13 23 14 33 44 45 
24 8
43 20 8 42 45 41 48 17 
3 7
26 17 27 44 11 32 36 
32 18
30 18 38 8 12 35 3 27 39 20 15 40 36 43 49 7 17 46 
30 4
32 44 14 10 
14 6
17 5 30 22 29 35 
41 10
20 15 7 9 48 24 49 43 12 42 
42 9
36 15 27 9 34 7 41 24 11 
43 9
24 12 34 39 26 19 32 41 22 
28 3
36 1 18 
18 8
26 45 32 37 22 27 17 28 
40 7
26 5 32 34 39 48 17 
17 10
29 19 16 3 18 27 32 14 40 24 
39 7
12 19 43 40 48 1 32 
0 7
27 48 7 1 16 33 44 
44 8
23 30 48 3 46 16 0 29 
27 10
0 46 42 38 17 32 3 18 1 49 
35 14
8 4 47 46 25 32 19 49 2 45 10 12 14 37 
48 11
31 0 41 40 34 39 44 33 24 11 22 
5 5
8 14 40 49 11 
15 7
42 49 41 6 32 10 1 
4 6
49 33 46 20 45 35 
49 10
15 35 2 4 11 41 36 5 32 27 
22 7
7 11 14 34 43 48 18 
26 9
23 40 34 43 7 18 3 1 38 
37 8
10 21 35 36 1 18 25 46 
12 8
10 39 41 35 43 23 1 32 
20 7
41 24 4 32 1 16 8 
38 7
32 27 25 7 19 2 26 
34 10
7 42 40 8 26 22 43 47 48 9 
9 5
42 13 41 7 34 
47 5
23 11 35 2 34 
8 10
35 7 16 32 24 21 5 1 34 20 
16 10
0 7 31 17 20 11 8 44 33 36 
