50
19 2
48 36 
36 2
24 19 
43 2
34 16 
16 5
11 35 13 7 43 
20 2
2 35 
35 3
16 17 20 
46 1
22 
22 3
49 15 46 
48 2
19 15 
15 7
29 45 26 4 18 22 48 
47 1
45 
45 4
15 1 2 47 
7 2
30 16 
26 1
15 
32 1
34 
34 3
43 18 32 
9 3
5 13 6 
6 3
30 9 21 
5 3
9 29 10 
10 1
5 
29 6
24 11 15 31 49 5 
8 2
33 44 
44 1
8 
33 2
1 8 
37 1
14 
14 3
24 37 41 
18 3
15 34 23 
23 1
18 
1 4
45 42 39 33 
39 3
0 1 38 
42 2
1 27 
24 6
29 36 30 14 12 13 
25 1
49 
49 3
22 29 25 
2 3
20 45 3 
3 1
2 
4 1
15 
31 2
29 28 
28 1
31 
11 2
16 29 
13 3
16 9 24 
12 2
24 17 
30 3
24 6 7 
27 1
42 
41 2
14 40 
40 2
38 41 
17 2
12 35 
38 3
40 39 0 
0 2
39 38 
21 1
6 
