30
19 7
8 5 29 14 20 17 27 
27 4
3 8 19 25 
20 8
23 22 6 14 16 19 21 10 
14 9
12 28 16 7 20 19 15 10 0 
29 3
19 21 24 
10 8
26 0 6 22 14 20 3 18 
21 3
18 20 29 
16 5
22 11 14 20 5 
6 9
24 5 3 0 10 20 22 12 7 
22 10
13 23 3 16 4 15 10 20 2 6 
23 7
22 8 11 2 0 15 20 
15 7
2 12 14 0 9 22 23 
0 7
6 17 23 13 10 15 14 
2 5
7 15 23 22 28 
18 7
1 13 17 10 21 11 26 
7 5
12 2 26 14 6 
26 5
10 7 17 28 18 
28 6
24 14 13 2 26 3 
12 5
8 14 7 15 6 
24 7
6 28 17 25 1 3 29 
9 3
1 15 8 
13 8
22 28 17 18 5 0 11 4 
4 2
22 13 
11 8
23 16 8 3 5 18 1 13 
5 6
6 19 11 8 16 13 
17 6
0 26 19 24 18 13 
1 4
18 9 24 11 
8 7
12 23 19 5 27 9 11 
3 7
22 6 11 24 10 27 28 
25 2
24 27 
