30
14 5
3 21 17 2 26 
26 11
24 20 14 17 2 19 16 29 0 10 3 
2 6
7 26 8 14 6 0 
17 5
15 14 20 26 25 
20 6
26 27 17 10 29 21 
21 6
0 27 4 14 20 22 
29 9
26 8 16 28 27 18 10 20 7 
27 11
7 10 29 16 20 3 5 21 11 6 28 
24 6
26 10 1 5 4 8 
8 7
29 25 22 9 2 24 16 
4 7
9 19 16 24 21 0 10 
5 11
16 12 6 28 27 9 15 19 24 3 18 
1 7
28 22 23 24 15 10 7 
10 10
20 25 27 24 26 19 23 1 29 4 
16 12
5 4 28 27 26 19 25 29 0 13 23 8 
23 5
1 10 11 6 16 
13 6
25 15 0 16 28 9 
0 8
4 15 13 21 26 2 28 16 
25 7
13 10 16 8 17 12 19 
19 10
22 7 18 5 4 16 10 6 26 25 
28 9
13 22 1 5 11 16 0 29 27 
9 5
4 8 5 15 13 
15 7
13 0 3 1 5 17 9 
7 6
27 19 2 12 29 1 
22 6
19 6 1 28 8 21 
6 6
5 27 19 2 22 23 
11 4
28 27 23 12 
3 5
14 15 27 26 5 
18 3
19 29 5 
12 4
5 25 7 11 
