30
4 5
20 16 2 26 12 
12 12
1 26 2 6 14 9 17 11 23 22 0 4 
26 10
13 12 2 21 14 1 0 6 22 4 
16 12
19 2 23 8 20 18 3 29 0 4 9 27 
20 8
6 23 4 16 0 15 2 9 
28 9
13 17 8 23 21 15 10 2 19 
19 7
16 13 2 6 9 28 5 
10 10
11 0 2 3 1 18 23 8 17 28 
21 8
26 25 24 11 27 28 23 15 
14 13
13 7 26 2 12 27 17 15 29 11 24 1 18 
18 9
9 2 16 11 1 10 15 29 14 
24 11
25 3 21 6 8 22 27 9 29 0 14 
29 10
6 16 1 18 5 14 24 11 0 22 
15 14
21 20 14 3 11 18 6 27 8 28 7 13 9 0 
17 7
7 9 28 3 10 12 14 
27 10
21 24 0 15 9 14 22 23 7 16 
22 11
25 27 5 7 23 8 24 11 26 12 29 
3 8
24 2 17 16 13 5 10 15 
6 10
20 24 12 8 19 26 29 15 7 25 
0 15
9 1 16 23 29 15 5 12 24 11 25 26 10 27 20 
11 14
8 7 10 13 29 15 12 21 0 22 23 18 25 14 
5 8
23 22 3 0 29 7 2 19 
13 8
14 28 15 26 19 7 3 11 
23 12
5 20 16 22 12 11 21 28 27 0 10 7 
25 6
22 24 11 21 0 6 
9 11
15 0 16 24 12 19 17 27 20 18 1 
1 9
12 0 29 10 14 26 2 18 9 
7 11
11 14 15 13 17 27 5 8 22 23 6 
8 9
11 24 16 28 22 6 7 15 10 
2 13
4 16 26 19 12 28 5 18 3 1 10 14 20 
