20
19 8
13 14 10 18 1 16 8 17 
17 8
6 16 1 18 5 10 9 19 
8 11
11 4 12 15 10 0 13 16 3 14 19 
1 10
17 14 7 13 10 4 6 5 19 2 
18 9
14 6 7 17 9 19 15 10 4 
10 15
2 6 19 5 13 7 17 18 11 8 16 4 1 9 0 
14 9
0 6 2 19 11 18 1 5 8 
6 10
17 14 18 5 1 13 7 12 10 15 
15 9
13 9 16 8 0 11 3 18 6 
12 10
4 0 11 8 16 7 2 5 3 6 
7 11
13 4 2 0 10 12 6 16 18 1 3 
16 13
2 19 3 0 15 10 13 7 8 17 9 12 11 
11 9
12 13 14 2 0 10 15 8 16 
9 8
18 5 2 17 15 10 16 13 
3 8
2 5 15 0 16 8 12 7 
5 11
2 6 3 1 12 17 9 0 10 14 13 
4 7
12 7 8 10 2 1 18 
2 12
16 14 0 10 7 11 9 12 4 3 5 1 
13 11
6 19 7 11 15 10 16 8 9 1 5 
0 11
11 7 12 14 5 3 2 10 15 16 8 
