30
5 11
14 7 25 11 3 0 27 28 12 2 6 
6 9
29 15 10 14 25 12 11 27 5 
2 9
25 16 23 29 10 5 11 28 27 
22 5
25 4 10 0 11 
11 17
5 3 17 25 2 6 19 10 1 22 0 29 15 20 21 24 12 
0 10
27 5 8 29 22 24 21 11 20 25 
9 11
19 3 14 20 29 10 21 28 16 23 25 
25 13
6 2 11 14 10 0 17 9 22 23 5 1 16 
23 13
7 1 8 10 29 24 4 2 19 20 28 9 25 
16 10
24 12 20 14 29 10 9 25 2 19 
28 8
10 4 23 18 5 9 2 19 
21 11
8 1 18 9 11 12 10 0 29 4 26 
1 10
29 23 21 11 24 27 17 20 14 25 
14 12
13 6 9 17 12 5 18 1 25 8 16 20 
17 9
7 25 8 15 20 14 3 1 11 
20 13
11 18 1 17 9 16 8 23 29 10 0 15 14 
19 9
11 4 18 7 13 23 16 9 28 
26 6
18 12 10 15 8 21 
4 8
28 19 10 15 23 22 8 21 
29 13
9 2 6 18 1 16 12 23 20 0 10 11 21 
12 10
29 5 26 16 27 6 14 11 21 13 
15 7
13 6 11 17 4 26 20 
10 19
23 26 6 4 21 20 24 11 28 7 27 13 29 16 3 2 25 9 22 
8 11
18 21 23 17 0 26 7 13 4 14 20 
7 6
17 5 19 23 8 10 
24 8
13 16 23 11 0 10 1 18 
27 8
12 1 5 18 0 10 6 2 
3 5
5 9 17 10 11 
18 11
29 8 20 14 13 26 19 28 27 21 24 
13 8
24 14 15 10 18 19 12 8 
