100
92 2
88 76 
76 3
11 40 92 
48 1
13 
13 5
50 70 47 53 48 
23 4
14 89 21 59 
59 3
68 45 23 
82 3
24 79 47 
47 4
30 13 82 43 
91 3
27 26 95 
95 3
18 79 91 
2 4
65 79 60 54 
54 5
6 12 72 96 2 
61 2
58 63 
63 3
33 42 61 
38 2
99 88 
88 3
92 96 38 
96 3
89 54 88 
53 1
13 
78 1
34 
34 3
18 84 78 
83 2
26 44 
44 3
74 10 83 
1 2
30 81 
81 3
22 25 1 
40 3
31 67 76 
4 1
31 
31 5
40 20 60 68 4 
39 2
56 36 
36 5
18 41 98 39 35 
12 3
86 54 20 
20 6
21 24 31 3 14 12 
98 1
36 
71 2
32 5 
5 4
16 29 71 22 
28 2
65 90 
90 2
19 28 
66 3
18 30 57 
57 2
66 37 
18 9
93 36 95 34 87 0 89 51 66 
70 3
7 13 94 
94 2
67 70 
67 4
26 9 40 94 
73 1
17 
17 3
29 3 73 
65 4
28 52 2 19 
19 5
46 49 93 90 65 
7 3
45 70 80 
80 4
68 97 84 7 
9 1
67 
93 6
50 55 3 18 69 19 
69 1
93 
3 7
20 93 6 99 8 87 17 
24 6
82 27 20 26 15 72 
72 3
54 24 32 
15 1
24 
26 8
91 83 84 24 77 16 33 67 
27 2
91 24 
64 1
52 
52 4
65 85 64 29 
35 1
36 
8 4
3 16 51 49 
49 2
19 8 
16 3
5 26 8 
29 3
17 52 5 
85 4
55 14 52 30 
51 2
8 18 
89 6
32 23 37 18 96 50 
0 2
45 18 
22 3
81 6 5 
30 4
1 66 85 47 
14 5
23 43 20 56 85 
41 3
74 75 36 
75 1
41 
74 4
79 77 41 44 
10 1
44 
50 3
93 13 89 
45 3
7 0 59 
68 5
31 59 46 80 58 
37 2
89 57 
60 2
2 31 
97 1
80 
62 1
6 
6 5
22 3 55 54 62 
87 2
18 3 
99 2
38 3 
55 3
85 93 6 
86 2
12 33 
33 3
26 63 86 
58 2
61 68 
46 3
19 68 11 
79 4
74 2 82 95 
56 3
39 14 25 
25 2
56 81 
11 2
76 46 
21 3
23 20 77 
77 3
26 74 21 
84 3
34 26 80 
42 1
63 
32 3
89 71 72 
43 2
14 47 
