50
31 1
13 
13 2
6 31 
4 1
29 
29 2
17 4 
33 1
24 
24 2
7 33 
6 8
23 22 18 32 38 14 27 13 
17 2
12 29 
15 2
0 1 
1 1
15 
0 2
2 15 
8 1
9 
9 2
2 8 
19 1
49 
49 2
2 19 
43 1
38 
38 5
6 28 26 5 43 
25 1
20 
20 2
11 25 
2 5
7 49 9 39 0 
39 1
2 
7 3
23 2 24 
37 3
23 21 3 
3 1
37 
21 1
37 
23 3
6 7 37 
11 3
28 20 30 
30 1
11 
28 4
38 11 10 34 
18 2
6 47 
47 3
18 12 44 
48 1
12 
12 3
47 48 17 
16 1
5 
5 4
38 42 40 16 
44 1
47 
41 2
36 42 
42 2
5 41 
34 2
28 45 
10 2
28 36 
46 2
32 35 
35 1
46 
32 2
6 46 
40 1
5 
26 1
38 
45 1
34 
27 1
6 
14 1
6 
22 1
6 
36 2
41 10 
