20
13 9
6 7 4 10 0 15 18 3 5 
5 11
15 14 11 8 1 18 6 4 7 13 9 
15 14
5 3 16 8 0 1 9 13 17 7 14 12 10 11 
3 10
1 18 16 4 7 13 6 9 15 19 
1 8
8 16 17 3 5 18 12 15 
16 12
6 12 3 1 19 2 8 17 9 0 15 11 
9 13
14 3 5 7 10 0 15 11 8 16 12 6 2 
11 8
14 19 15 5 7 17 9 16 
18 7
4 13 3 5 1 19 14 
14 9
11 7 9 10 0 15 12 5 18 
19 8
16 10 11 4 7 3 18 12 
2 8
12 7 0 4 6 16 8 9 
8 8
1 5 7 16 2 9 15 0 
7 13
13 12 14 15 10 8 11 3 5 2 19 9 4 
17 8
4 16 10 15 11 1 12 6 
6 10
16 13 2 5 3 9 17 4 0 10 
12 11
16 7 14 15 10 4 1 17 9 2 19 
4 12
17 10 0 2 19 18 3 5 12 6 13 7 
10 11
19 14 4 17 9 13 7 15 0 12 6 
0 10
4 13 2 14 15 10 9 6 16 8 
