30
11 7
28 17 26 2 29 3 18 
18 7
2 1 8 10 25 12 11 
26 4
24 11 27 15 
15 6
24 29 0 20 26 17 
27 6
5 1 9 14 26 23 
14 5
16 6 22 1 27 
24 5
26 15 25 16 22 
22 2
14 24 
16 6
14 9 5 4 24 8 
20 6
23 6 2 0 15 17 
17 6
12 11 1 0 15 20 
4 5
5 1 7 8 16 
29 8
11 19 15 0 5 1 9 28 
28 3
7 11 29 
1 9
4 27 17 3 18 13 14 29 2 
0 8
3 20 17 9 15 29 13 6 
13 2
1 0 
9 8
16 25 5 27 29 10 0 7 
7 6
8 25 4 12 28 9 
10 2
9 18 
5 6
29 4 16 27 9 21 
2 5
25 11 20 18 1 
23 2
20 27 
8 5
7 18 4 25 16 
21 1
5 
12 4
17 7 18 19 
25 7
24 2 7 9 8 18 3 
6 3
14 20 0 
19 2
29 12 
3 4
0 1 11 25 
