20
14 7
12 1 4 2 11 10 0 
0 13
12 4 5 18 3 13 7 16 8 19 14 9 17 
11 11
4 2 16 8 1 18 3 17 10 15 14 
2 10
9 19 11 8 4 13 7 14 18 3 
4 15
12 11 7 13 2 8 16 3 5 10 14 19 6 0 9 
1 7
5 8 11 14 7 10 19 
10 13
15 19 14 13 4 3 5 1 12 8 11 17 9 
9 9
2 4 5 3 12 0 15 10 6 
8 11
11 4 2 17 7 15 10 0 1 18 6 
12 11
4 16 14 9 18 5 3 0 10 19 6 
5 11
12 4 13 9 16 1 18 0 15 10 19 
13 9
4 2 0 10 15 7 18 5 3 
6 7
4 7 12 9 15 16 8 
18 8
12 7 13 0 5 11 8 2 
15 8
10 8 5 11 9 6 7 13 
7 12
17 15 0 13 8 18 1 3 6 2 19 4 
17 8
7 19 11 16 8 3 10 0 
19 11
4 2 17 10 0 7 12 3 5 1 16 
16 8
11 12 0 5 6 17 4 19 
3 11
10 0 12 11 4 13 7 9 17 19 2 
