100
89 3
52 11 49 
49 7
3 61 10 29 89 67 45 
11 6
15 24 89 45 81 72 
22 5
52 75 85 69 59 
59 4
81 9 22 20 
69 8
92 21 77 1 3 22 94 53 
85 6
19 39 40 22 96 33 
75 9
62 58 63 70 66 95 22 6 24 
52 10
89 10 29 79 99 32 62 22 20 73 
33 6
61 4 95 57 9 85 
40 7
85 48 6 94 38 95 15 
73 10
82 99 26 2 66 4 25 54 30 52 
20 7
26 38 52 29 59 99 58 
7 5
38 15 17 65 36 
36 5
66 55 7 79 9 
17 9
46 55 90 79 51 9 27 7 57 
15 5
11 21 40 7 12 
38 7
28 76 7 40 20 94 6 
65 6
7 57 95 84 62 61 
61 7
33 71 49 51 97 95 65 
84 11
70 37 39 98 65 31 48 27 96 47 83 
95 10
32 33 97 65 75 60 40 13 0 61 
71 4
91 61 37 26 
26 9
73 20 32 58 13 42 10 70 71 
37 7
80 9 84 71 96 66 93 
50 2
48 81 
81 11
18 67 93 64 59 11 55 96 30 62 50 
48 8
50 62 1 18 84 40 2 93 
67 7
81 49 62 92 27 12 42 
42 5
44 26 67 78 21 
27 7
17 19 67 21 84 86 51 
92 6
28 99 91 69 67 4 
9 8
33 17 5 41 37 59 54 36 
21 8
69 62 39 27 87 15 46 42 
78 9
88 42 29 3 68 66 32 98 28 
44 3
42 13 41 
0 8
32 90 57 95 43 72 28 74 
74 5
66 39 62 2 0 
72 6
46 99 0 11 4 31 
43 5
46 90 0 54 94 
57 7
65 19 33 0 17 90 68 
97 5
58 95 61 96 76 
76 9
55 13 30 10 56 38 25 46 97 
96 10
85 34 30 1 6 97 81 84 37 10 
79 9
10 17 47 34 45 1 52 36 8 
55 8
76 17 36 23 83 1 81 77 
87 3
21 68 98 
98 6
12 60 5 84 78 87 
68 3
87 78 57 
93 7
41 28 48 81 19 24 37 
2 7
91 74 48 46 86 64 73 
18 5
81 77 63 10 48 
62 9
8 21 65 52 75 74 48 67 81 
4 5
33 73 25 72 92 
64 3
81 2 51 
51 5
24 17 27 61 64 
66 7
37 78 73 74 75 36 30 
46 8
70 43 17 72 99 76 2 21 
13 8
35 26 88 95 10 1 76 44 
1 7
48 69 79 96 13 5 55 
10 11
52 26 79 82 76 96 13 80 49 18 39 
86 4
27 23 2 70 
54 5
9 43 80 73 3 
3 7
12 49 56 78 69 54 25 
80 7
37 12 70 10 16 54 88 
83 3
30 55 84 
30 6
76 96 83 66 81 73 
25 4
4 73 76 3 
19 5
57 85 27 35 93 
53 2
29 69 
94 5
41 38 40 69 43 
77 3
18 69 55 
39 5
85 74 84 21 10 
90 4
0 17 43 57 
5 4
9 98 1 32 
56 3
3 6 76 
70 8
84 46 12 60 80 75 26 86 
60 4
98 95 70 32 
91 6
71 92 63 16 2 35 
35 5
13 19 24 6 91 
16 3
31 80 91 
63 6
45 58 75 18 6 91 
8 3
62 45 79 
45 6
63 11 8 28 79 49 
6 9
40 35 96 75 47 63 56 38 82 
24 5
51 11 93 35 75 
28 6
38 92 0 93 45 78 
41 4
94 9 93 44 
32 7
0 95 52 26 5 60 78 
82 5
31 73 10 99 6 
29 5
52 53 49 20 78 
88 4
14 78 13 80 
12 6
3 98 67 80 70 15 
23 2
86 55 
31 4
82 16 84 72 
58 5
75 63 97 26 20 
47 3
79 6 84 
99 8
52 46 82 72 73 92 20 34 
34 4
96 79 99 14 
14 2
88 34 
