30
29 11
22 10 15 28 27 17 12 2 19 13 7 
7 14
24 19 29 16 3 28 4 25 11 21 23 12 26 14 
13 7
27 21 5 0 29 15 25 
19 18
23 7 28 9 4 20 21 24 29 8 11 18 16 3 2 14 10 27 
2 9
6 25 1 3 19 16 15 29 23 
12 9
7 16 11 17 28 9 29 22 23 
17 9
12 27 20 29 16 8 5 3 1 
27 13
20 13 19 0 15 29 4 28 17 9 3 11 25 
28 13
22 29 10 27 19 16 12 7 20 14 4 25 18 
18 6
15 23 3 14 19 28 
25 11
0 1 23 16 2 4 28 27 7 13 14 
4 9
7 23 22 25 11 26 19 27 28 
14 13
7 16 15 0 19 26 28 18 1 20 24 11 25 
26 12
24 16 8 4 20 14 9 6 15 22 23 7 
23 14
4 12 2 26 6 19 3 5 18 9 0 7 25 21 
22 8
29 28 12 1 4 26 24 11 
15 9
18 6 29 27 14 2 26 13 24 
6 6
11 15 8 2 26 23 
9 8
20 21 16 27 19 26 12 23 
20 13
24 11 19 26 14 9 27 28 17 10 0 1 5 
8 7
10 6 26 19 17 24 21 
24 9
7 22 8 14 20 21 26 19 15 
11 11
6 12 7 4 20 14 27 19 0 10 22 
1 6
2 25 22 20 14 17 
0 10
27 25 10 23 11 21 14 20 13 3 
21 11
23 9 24 7 13 0 5 3 19 16 8 
10 8
28 29 0 8 20 19 5 11 
16 11
21 14 12 25 17 28 9 26 2 19 7 
3 9
7 21 18 17 27 2 19 23 0 
5 6
17 13 21 10 23 20 
