30
13 7
8 12 19 3 1 24 0 
0 9
18 8 19 25 20 24 11 22 13 
24 7
22 23 18 0 10 11 13 
1 6
25 14 17 6 13 26 
19 9
18 3 11 0 28 16 23 13 14 
12 6
13 11 21 14 6 2 
8 7
0 20 4 13 7 26 18 
16 8
19 25 9 17 27 10 14 18 
18 10
19 0 23 24 28 27 14 8 16 7 
14 11
6 20 16 25 1 18 12 21 11 2 19 
10 13
22 26 20 24 11 7 16 28 27 29 5 3 25 
27 8
4 22 7 2 6 10 18 16 
17 6
29 22 21 11 1 16 
9 7
25 23 16 28 11 21 3 
25 13
26 6 4 16 1 23 9 28 0 10 14 20 11 
28 6
10 18 20 19 9 25 
3 8
19 13 11 21 10 9 22 5 
21 10
26 4 29 12 11 17 9 6 14 3 
23 8
18 4 24 25 9 20 19 2 
11 14
12 14 24 21 10 2 25 17 19 6 3 0 9 22 
22 8
26 27 17 24 11 10 0 3 
20 10
2 28 14 15 0 10 23 8 6 25 
26 7
22 25 21 8 10 15 1 
6 9
25 5 1 27 11 21 12 14 20 
15 3
20 26 7 
2 8
27 11 5 20 14 4 12 23 
7 6
27 10 15 29 8 18 
29 4
17 21 10 7 
4 7
27 5 23 25 21 8 2 
5 5
4 10 6 2 3 
