30
22 8
17 28 0 18 25 23 16 8 
8 12
13 4 12 1 3 25 22 9 26 2 21 24 
1 5
16 8 14 18 10 
10 8
21 4 2 19 26 23 5 1 
9 10
12 28 27 0 15 29 2 5 16 8 
23 8
13 16 4 19 22 10 21 11 
11 6
18 4 28 27 16 23 
21 9
24 13 10 8 16 23 17 27 4 
4 11
8 2 25 12 29 10 23 14 3 11 21 
27 10
12 28 9 26 16 20 5 11 21 6 
20 4
5 13 16 27 
29 7
14 4 16 9 28 3 18 
18 7
25 16 11 22 3 1 29 
28 6
11 27 9 22 25 29 
16 18
3 23 13 29 25 19 26 2 27 1 22 0 9 18 11 24 21 20 
15 3
9 19 5 
5 9
20 2 3 6 17 9 27 10 15 
13 7
20 23 2 21 6 8 16 
6 7
0 5 2 19 12 13 27 
26 9
14 24 12 25 27 8 16 10 3 
3 11
17 18 5 24 14 29 12 16 8 4 26 
14 6
29 1 3 4 26 2 
2 11
6 10 5 4 13 7 17 9 16 8 14 
24 5
21 26 3 16 8 
25 10
0 18 4 26 22 16 8 28 17 12 
0 6
9 6 25 19 22 16 
19 7
12 6 23 15 0 10 16 
17 7
22 2 21 3 5 12 25 
7 2
2 12 
12 11
4 19 26 27 9 17 6 8 3 25 7 
