50
33 2
44 38 
38 5
47 49 40 12 33 
44 7
35 2 33 42 25 27 9 
24 2
41 4 
4 5
47 16 24 20 14 
41 5
24 11 0 6 46 
8 4
2 19 17 15 
15 2
13 8 
17 5
18 3 37 27 8 
19 3
3 8 26 
2 6
8 44 32 42 3 40 
21 2
43 40 
40 5
39 38 13 2 21 
43 6
21 31 12 3 10 35 
23 2
13 6 
6 5
41 7 16 23 0 
13 7
15 23 22 40 12 32 31 
12 6
49 43 13 3 30 38 
49 2
12 38 
47 3
4 38 26 
3 10
19 2 22 17 28 16 43 12 1 29 
42 7
20 44 26 2 37 28 36 
32 3
13 7 2 
25 6
10 44 18 11 31 48 
48 3
0 9 25 
31 3
43 25 13 
11 4
14 37 25 41 
18 2
17 25 
10 4
25 45 26 43 
37 6
17 9 11 42 46 39 
39 3
40 36 37 
46 5
36 1 41 37 28 
9 4
7 48 37 44 
26 6
30 5 10 42 19 47 
45 2
10 28 
7 3
9 6 32 
14 2
11 4 
20 2
42 4 
16 6
1 3 34 22 6 4 
22 4
27 3 13 16 
27 3
44 22 17 
30 2
26 12 
35 2
44 43 
36 4
46 42 5 39 
28 5
1 3 46 45 42 
0 4
48 34 41 6 
34 2
0 16 
1 4
28 16 46 3 
29 2
5 3 
5 3
29 26 36 
