100
5 4
15 13 25 72 
72 7
85 12 39 73 56 63 5 
54 7
97 73 46 91 47 22 98 
98 14
91 92 20 8 32 56 54 61 62 80 11 73 2 74 
17 1
12 
12 5
72 56 23 86 17 
23 5
56 12 4 37 40 
40 3
48 4 23 
60 7
53 14 65 78 84 91 32 
32 4
96 98 60 22 
29 4
38 87 15 9 
9 8
94 82 30 58 86 76 90 29 
99 7
65 39 97 93 82 6 18 
18 3
83 71 99 
15 9
5 11 62 94 29 63 26 2 45 
45 3
85 69 15 
82 7
9 37 78 99 20 50 41 
41 4
13 48 88 82 
71 11
6 86 39 14 67 93 74 88 87 68 18 
87 7
29 70 79 6 55 76 71 
88 7
24 71 74 2 56 8 41 
78 7
8 60 82 49 77 2 21 
21 7
14 46 43 13 2 57 78 
2 11
43 67 75 15 25 65 88 98 34 21 78 
0 3
49 25 90 
90 5
97 20 9 44 0 
89 4
81 52 50 76 
76 6
51 87 75 9 24 89 
30 5
22 52 9 35 96 
96 4
32 61 10 30 
84 5
60 48 37 50 61 
61 11
53 51 96 10 91 27 98 25 1 94 84 
58 3
35 9 33 
33 4
48 80 95 58 
75 8
6 38 43 63 2 76 42 14 
14 8
60 21 71 94 43 26 74 75 
24 3
76 88 86 
86 8
9 97 69 73 12 39 71 24 
42 5
66 75 43 16 44 
44 4
36 6 90 42 
52 5
30 89 37 19 53 
53 7
60 61 27 69 73 49 52 
64 6
11 63 91 85 67 4 
4 6
22 23 77 97 40 64 
97 9
54 90 99 94 28 31 86 49 4 
49 7
0 8 59 78 39 97 53 
93 7
77 80 63 99 71 11 67 
67 6
64 71 8 73 2 93 
31 2
26 97 
28 4
8 80 73 97 
91 8
64 73 37 54 61 98 60 92 
92 2
98 91 
26 7
15 13 31 36 59 14 68 
68 6
8 22 66 37 71 26 
59 6
49 80 25 26 16 6 
36 5
44 7 56 77 26 
16 2
42 59 
22 8
30 68 4 69 35 54 62 32 
35 7
58 81 39 50 22 30 11 
11 10
64 38 15 8 37 98 34 48 93 35 
8 14
11 88 67 98 47 49 50 10 95 83 68 28 55 78 
50 5
35 84 89 82 8 
83 5
56 8 73 18 66 
66 5
42 25 68 83 7 
77 6
93 78 4 48 55 36 
37 8
82 68 52 23 11 84 91 56 
56 11
83 12 72 20 98 85 37 36 23 88 95 
46 6
47 54 38 21 3 85 
85 5
72 64 56 45 46 
80 7
63 55 93 59 33 98 28 
63 8
64 75 13 80 93 15 72 57 
57 3
94 21 63 
1 4
61 47 13 3 
3 2
46 1 
13 8
63 41 7 26 19 21 5 1 
47 6
95 48 54 46 8 1 
51 5
61 69 73 76 70 
55 4
8 80 87 77 
48 7
47 40 33 41 84 11 77 
73 13
67 19 91 28 83 79 98 54 72 62 51 86 53 
34 5
95 11 2 62 38 
38 5
11 75 29 46 34 
70 3
87 62 51 
7 3
36 13 66 
25 9
0 2 59 62 61 5 66 43 65 
62 9
25 15 70 34 98 22 73 81 79 
94 7
57 14 15 97 61 9 27 
65 4
2 99 60 25 
43 8
75 2 21 95 42 25 14 20 
20 5
56 82 98 90 43 
39 6
99 71 72 35 49 86 
79 5
62 73 19 87 10 
10 6
61 69 79 8 96 74 
19 5
27 73 52 13 79 
95 6
34 47 43 56 8 33 
69 6
10 22 86 51 53 45 
81 3
89 35 62 
6 6
75 87 44 99 71 59 
74 5
14 98 71 88 10 
27 4
19 53 61 94 
