50
5 3
34 26 47 
47 6
20 41 1 5 9 17 
48 3
4 7 20 
20 3
47 45 48 
45 5
32 2 3 18 20 
38 8
41 3 12 43 25 24 19 39 
39 2
25 38 
8 5
10 32 35 2 30 
30 2
43 8 
2 10
45 17 4 29 41 34 36 3 25 8 
15 3
32 6 24 
24 6
3 41 38 36 19 15 
31 3
41 13 0 
0 7
41 22 32 46 33 28 31 
25 8
38 44 1 2 27 9 14 39 
11 5
42 23 34 7 41 
41 11
38 0 31 18 32 35 2 16 47 24 11 
13 4
35 31 21 42 
42 7
11 4 33 40 28 32 13 
43 5
44 38 22 30 1 
1 6
19 25 49 47 43 18 
9 2
47 25 
49 4
7 4 1 27 
27 6
14 25 16 28 22 49 
32 10
3 45 37 15 10 0 41 42 8 44 
7 4
49 48 11 37 
37 4
46 32 18 7 
10 4
44 8 32 26 
26 7
18 3 5 16 29 10 21 
14 4
25 27 35 18 
18 7
4 41 1 37 26 45 14 
34 7
5 17 46 11 2 35 29 
29 3
26 2 34 
35 5
8 13 41 14 34 
22 3
43 0 27 
28 3
0 42 27 
16 5
33 26 41 27 23 
46 4
34 37 0 4 
4 6
48 42 49 18 2 46 
17 4
34 44 2 47 
23 4
11 33 16 6 
19 5
1 38 36 12 24 
12 4
36 38 3 19 
36 5
12 3 24 2 19 
3 9
32 38 24 36 12 33 26 45 2 
40 2
42 33 
33 6
16 42 3 23 0 40 
44 6
43 10 17 25 6 32 
21 2
13 26 
6 3
15 44 23 
