30
18 8
4 25 21 13 27 15 5 16 
16 14
27 3 5 28 6 1 0 18 11 20 23 25 29 13 
5 9
12 4 13 16 8 18 0 29 17 
12 8
15 0 5 1 7 13 21 28 
28 12
25 14 16 10 29 1 3 24 21 2 19 12 
21 13
11 19 2 8 29 15 18 23 12 20 9 28 6 
13 9
22 16 20 25 5 18 4 12 24 
20 13
22 4 13 16 11 21 29 15 0 2 19 1 3 
3 8
19 2 10 7 28 14 20 16 
19 14
4 2 26 1 3 24 21 20 27 23 25 28 17 7 
0 8
12 5 22 16 8 14 20 7 
15 15
2 12 9 17 24 26 14 21 20 27 10 8 4 11 18 
11 7
17 21 23 16 20 29 15 
24 13
8 14 4 22 29 10 15 27 28 9 19 7 13 
9 5
6 15 14 21 24 
6 8
1 27 17 9 22 16 26 21 
1 9
7 6 23 16 20 12 28 19 29 
29 13
7 22 21 11 24 8 16 25 20 5 1 28 17 
22 10
4 26 20 23 13 24 29 0 6 25 
25 12
4 18 28 26 19 16 8 29 23 22 13 7 
14 9
3 24 23 8 9 17 28 0 15 
17 8
11 6 27 19 14 15 29 5 
27 11
6 24 16 7 18 26 19 2 17 10 15 
26 8
27 25 22 8 19 2 15 6 
10 6
28 27 24 15 3 23 
8 10
14 24 21 25 26 5 23 29 15 0 
4 10
25 22 20 18 5 24 13 2 19 15 
2 10
20 15 21 3 28 27 26 19 4 23 
7 9
19 12 27 24 1 3 29 0 25 
23 11
22 14 1 16 8 25 11 21 19 2 10 
