50
38 9
7 6 23 31 0 34 39 8 46 
46 8
1 41 42 22 27 38 10 15 
39 11
30 40 38 3 1 16 45 26 21 9 28 
0 10
22 43 21 25 38 5 1 3 14 44 
44 15
30 48 6 8 13 0 1 3 7 17 28 26 45 36 43 
14 13
16 31 42 40 32 13 41 37 24 15 0 47 49 
3 14
37 13 0 16 44 33 2 35 12 41 10 27 30 39 
17 9
47 10 1 48 44 2 35 12 7 
7 16
41 17 28 32 30 22 36 16 44 47 4 40 15 2 45 38 
12 9
33 3 13 27 31 17 24 47 19 
35 8
33 23 24 3 5 20 40 17 
40 15
24 7 35 19 9 16 32 39 14 21 2 49 27 41 42 
2 10
30 17 7 5 18 3 45 40 34 4 
9 10
25 31 19 22 23 6 34 39 40 10 
27 11
47 26 45 6 36 3 12 42 40 46 33 
16 13
22 8 32 43 47 41 7 34 14 40 39 20 3 
41 8
7 15 46 16 40 14 5 3 
13 6
3 14 44 12 24 37 
37 9
3 25 23 10 34 14 4 49 13 
24 11
1 13 42 12 40 14 30 36 29 35 26 
28 9
45 44 6 23 48 31 39 7 11 
11 4
20 29 48 28 
31 10
36 12 5 38 9 28 10 29 14 34 
34 12
43 38 16 8 23 37 32 5 18 2 9 31 
29 9
20 33 5 49 31 15 11 24 45 
4 5
37 7 8 15 2 
15 12
14 41 7 48 22 18 4 26 45 29 33 46 
45 15
33 8 44 39 29 15 1 2 47 43 28 7 18 48 27 
25 6
9 30 37 0 49 32 
32 9
7 10 16 14 20 40 34 21 25 
49 5
25 29 40 14 37 
26 8
23 27 44 1 15 20 39 24 
36 11
20 7 47 23 44 31 27 10 19 24 42 
30 11
44 25 47 39 7 6 24 2 19 3 18 
42 10
24 40 14 47 46 27 5 1 19 36 
19 10
40 10 9 22 36 30 23 12 42 43 
1 14
5 18 21 24 45 26 42 39 33 44 22 0 46 17 
21 7
0 6 32 40 39 1 48 
22 12
19 9 48 20 7 8 33 16 46 0 15 1 
18 7
2 45 1 23 30 34 15 
48 10
22 45 28 17 44 8 47 15 11 21 
5 12
31 42 23 41 34 20 2 35 0 10 29 1 
23 12
33 38 36 37 34 28 9 5 18 26 35 19 
20 10
29 36 22 32 5 11 26 35 33 16 
47 11
14 36 30 7 27 17 48 45 16 42 12 
43 6
34 0 44 16 45 19 
33 12
20 45 35 12 23 22 29 15 8 3 1 27 
10 10
19 37 36 32 46 3 5 17 31 9 
6 7
38 21 28 27 9 30 44 
8 9
22 34 38 4 48 16 44 33 45 
