100
53 6
88 34 60 94 13 79 
79 9
84 42 35 51 49 53 76 66 29 
63 7
92 6 80 7 17 43 36 
36 11
50 31 98 60 47 43 86 96 81 87 63 
71 4
2 98 92 74 
74 5
23 67 45 11 71 
34 5
53 58 3 33 76 
76 6
89 79 96 33 20 34 
24 3
47 41 70 
70 7
88 0 82 45 25 89 24 
5 4
25 6 44 96 
96 11
76 12 20 90 92 36 2 82 32 13 5 
72 5
21 46 61 32 39 
39 7
12 27 84 56 54 50 72 
97 9
2 35 21 57 14 44 33 12 42 
42 4
79 73 69 97 
18 3
20 98 45 
45 9
13 20 6 70 1 18 17 48 74 
91 3
89 95 15 
15 5
46 23 55 0 91 
78 4
30 19 60 11 
11 5
61 74 80 46 78 
77 4
33 26 58 95 
95 7
91 59 3 40 92 88 77 
83 3
46 26 1 
1 2
45 83 
88 8
37 70 3 53 80 69 61 95 
51 8
6 13 7 26 79 3 29 64 
64 11
41 93 68 22 75 85 55 82 50 54 51 
40 4
31 95 92 98 
98 9
36 16 18 71 84 89 92 40 10 
48 4
22 69 45 90 
90 6
96 57 52 86 93 48 
14 6
25 56 97 94 99 60 
60 8
78 53 50 56 87 36 35 14 
41 4
64 24 8 7 
7 7
37 51 25 81 63 10 41 
17 4
81 45 63 30 
30 8
73 78 37 16 61 17 55 6 
6 6
63 51 58 45 5 30 
33 8
77 12 32 82 34 97 67 76 
58 5
34 6 37 77 4 
4 3
66 86 58 
61 11
47 46 72 87 29 9 11 23 88 65 30 
84 9
22 79 85 28 3 55 98 39 73 
73 6
30 16 50 93 42 84 
25 8
67 75 5 50 14 7 23 70 
9 4
35 61 37 21 
21 7
22 97 56 10 72 50 9 
2 3
71 97 96 
12 7
39 97 29 33 96 94 43 
43 6
50 27 46 63 36 12 
29 5
80 61 51 12 79 
99 6
44 22 14 94 82 47 
47 6
24 61 36 8 82 99 
82 9
33 46 96 47 64 99 59 87 70 
59 3
95 82 26 
10 4
65 21 98 7 
92 9
63 54 94 96 71 40 98 57 95 
89 6
91 70 76 75 27 98 
27 4
43 39 89 52 
75 7
20 25 26 52 64 89 0 
87 8
13 82 60 36 57 31 61 38 
38 2
28 87 
31 5
62 40 36 80 87 
57 6
90 92 67 97 0 87 
81 5
17 7 36 46 44 
86 5
90 36 37 28 4 
8 6
3 41 47 44 55 32 
32 6
72 33 96 8 3 80 
35 7
9 60 79 97 67 68 62 
62 2
31 35 
68 2
64 35 
67 7
57 25 66 74 33 35 19 
54 5
39 92 26 80 64 
55 6
8 30 19 84 64 15 
85 4
84 13 46 64 
22 7
48 21 84 50 99 94 64 
56 8
21 13 3 69 14 39 60 23 
50 10
64 43 25 36 22 60 39 73 16 21 
65 4
80 10 94 61 
94 8
0 99 92 14 53 12 22 65 
23 5
74 25 61 15 56 
26 8
83 51 75 77 54 93 16 59 
93 5
64 69 26 73 90 
0 5
57 94 70 15 75 
66 5
67 4 46 80 79 
49 2
79 20 
13 7
45 85 56 87 51 53 96 
80 10
63 29 88 65 69 66 54 31 32 11 
3 9
51 56 46 8 34 84 88 95 32 
16 5
98 30 73 26 50 
20 6
18 75 96 76 45 49 
69 8
93 44 48 28 80 88 56 42 
19 4
78 55 46 67 
28 4
38 69 84 86 
37 6
7 9 88 30 58 86 
44 6
99 8 5 69 97 81 
52 3
90 75 27 
46 12
15 72 61 82 83 3 66 85 81 19 43 11 
