100
16 8
20 79 72 89 71 7 13 51 
51 3
25 24 16 
13 3
8 16 21 
7 5
28 4 83 16 59 
71 5
88 66 45 2 16 
89 9
98 96 16 0 95 17 45 53 11 
72 12
43 64 97 45 69 1 92 65 16 85 27 70 
79 6
36 11 16 33 40 97 
20 6
3 1 56 16 96 45 
32 4
87 53 93 23 
23 4
93 18 68 32 
93 4
23 39 14 32 
53 10
64 49 47 5 3 88 36 74 32 89 
87 10
32 65 64 96 44 75 17 48 19 40 
92 6
84 28 75 80 72 55 
55 9
76 31 75 67 69 92 38 61 15 
80 7
95 83 5 77 92 40 37 
75 8
55 9 74 47 87 56 92 52 
28 10
52 41 7 74 9 81 73 98 92 39 
84 6
92 60 14 9 29 91 
24 5
35 69 56 64 51 
64 9
24 87 62 72 53 4 58 67 42 
56 6
49 20 15 24 75 35 
69 4
42 72 55 24 
35 9
17 44 54 14 24 22 88 70 56 
18 4
98 47 23 99 
99 6
15 81 40 50 49 18 
47 9
36 61 94 48 75 45 12 18 53 
98 7
18 89 28 31 30 65 4 
68 5
78 42 27 34 23 
70 10
83 90 39 37 33 50 72 12 95 35 
27 8
10 73 78 37 72 68 33 76 
85 7
74 67 19 25 50 72 0 
65 8
95 87 38 72 8 82 3 98 
1 6
33 72 20 57 48 42 
45 7
67 71 89 47 62 72 20 
97 5
72 54 2 79 43 
43 4
72 48 52 97 
2 10
46 82 52 17 9 73 97 71 59 91 
54 4
35 97 36 62 
52 6
63 2 28 75 37 43 
37 4
70 27 52 80 
63 5
52 49 78 44 41 
41 3
28 81 63 
44 3
35 87 63 
78 6
68 27 9 95 49 63 
49 8
96 8 53 86 56 63 99 78 
86 4
22 0 49 19 
8 7
13 58 49 29 65 25 83 
96 9
73 49 12 87 15 9 89 20 61 
40 6
3 58 80 99 79 87 
77 8
14 90 9 17 80 12 66 21 
5 4
53 62 17 80 
83 4
70 7 80 8 
95 9
80 65 89 78 21 50 38 70 73 
4 6
19 67 64 7 94 98 
94 5
25 47 4 90 6 
67 5
45 64 4 85 55 
19 7
4 86 42 87 29 59 85 
59 5
31 19 2 7 62 
3 7
40 20 53 21 65 36 30 
82 8
62 2 0 91 10 11 46 65 
38 4
60 95 65 55 
60 4
38 84 10 46 
46 5
2 82 14 60 31 
10 5
62 27 31 60 82 
31 6
21 59 55 10 98 46 
14 7
77 81 35 93 50 46 84 
48 5
34 43 47 87 1 
17 6
87 35 2 5 77 89 
34 6
42 48 81 68 58 29 
42 6
19 69 34 64 68 1 
61 4
47 9 55 96 
9 12
26 2 84 78 77 12 15 28 75 96 61 57 
74 5
85 28 75 53 26 
62 11
30 22 5 82 12 64 39 10 45 54 59 
36 8
6 54 79 39 15 47 53 3 
33 5
27 1 70 90 79 
90 5
70 94 6 33 77 
6 4
36 26 90 94 
26 4
9 74 39 6 
66 3
71 11 77 
88 3
71 53 35 
0 5
86 76 89 82 85 
22 3
86 35 62 
91 5
50 82 76 84 2 
73 5
96 2 28 27 95 
25 4
51 94 85 8 
76 4
55 0 91 27 
21 5
31 3 13 77 95 
12 8
11 70 9 96 62 81 47 77 
11 5
82 12 79 66 89 
50 7
95 57 91 70 85 99 14 
39 6
36 62 93 26 70 28 
58 4
8 64 40 34 
15 6
99 55 56 36 9 96 
29 4
84 19 8 34 
81 7
28 12 99 41 34 14 30 
30 4
62 98 3 81 
57 3
50 9 1 
