50
33 10
6 16 26 40 39 20 14 3 1 4 
4 7
35 39 20 28 32 33 43 
1 3
26 33 17 
14 10
27 42 30 8 33 11 37 0 29 2 
26 11
36 5 1 41 39 47 46 33 15 12 48 
16 10
30 33 49 47 10 12 6 45 2 11 
29 6
3 27 28 9 14 12 
12 14
49 26 29 0 20 25 30 36 27 7 16 18 48 11 
9 5
39 18 22 23 29 
28 7
17 29 7 47 4 19 2 
13 7
0 41 24 49 47 30 36 
36 9
26 38 18 44 12 0 10 32 13 
47 9
22 30 32 28 48 2 26 13 16 
24 10
6 32 34 13 35 2 5 42 21 11 
41 5
13 45 26 3 48 
48 6
47 42 12 22 26 41 
3 7
33 29 21 37 11 34 41 
2 8
37 24 47 7 44 16 14 28 
19 6
10 28 38 5 11 20 
7 12
12 42 2 32 6 39 40 20 34 28 31 49 
20 12
40 30 33 44 17 31 37 4 25 7 12 19 
11 14
10 23 22 44 12 19 35 14 37 24 16 3 8 38 
5 7
18 30 0 26 19 24 49 
38 6
39 36 49 19 35 11 
10 8
31 42 6 19 16 21 11 36 
15 9
49 34 39 0 45 26 8 44 6 
6 11
24 45 34 42 7 43 33 16 44 10 15 
44 10
25 2 20 30 23 36 15 11 27 6 
0 7
14 13 5 15 36 43 12 
39 10
4 7 38 33 26 15 22 9 27 34 
34 7
24 6 32 15 7 3 39 
49 11
15 12 30 38 25 16 46 37 13 7 5 
43 8
30 21 46 6 17 0 4 45 
32 9
24 34 47 4 7 45 18 36 25 
27 5
29 14 39 12 44 
23 5
40 18 44 9 11 
18 6
5 9 23 36 32 12 
25 8
44 20 49 32 22 12 31 17 
30 13
5 13 20 14 40 12 37 43 47 49 44 16 46 
37 9
2 46 3 20 14 30 21 11 49 
31 5
10 20 7 25 46 
17 6
28 20 43 25 21 1 
42 7
10 6 46 48 14 24 7 
21 7
3 43 24 37 10 17 8 
46 7
26 37 42 43 49 31 30 
40 7
20 7 23 22 30 33 8 
22 7
47 48 9 40 39 25 11 
45 7
15 16 41 35 6 32 43 
35 5
4 45 24 11 38 
8 5
15 11 21 14 40 
