100
34 1
23 
23 3
48 53 34 
63 1
16 
16 2
99 63 
24 1
21 
21 4
58 50 89 24 
51 1
52 
52 2
88 51 
89 2
12 21 
88 2
98 52 
17 1
93 
93 2
7 17 
99 3
74 35 16 
32 1
96 
96 2
78 32 
35 1
99 
8 1
2 
2 6
94 44 8 36 38 47 
12 3
89 1 62 
62 1
12 
1 2
73 12 
98 2
43 88 
53 1
23 
80 1
45 
45 2
60 80 
48 7
58 78 71 97 30 23 39 
83 1
79 
79 3
58 67 83 
18 1
50 
50 3
21 66 18 
82 1
64 
64 3
58 87 82 
15 1
29 
29 2
10 15 
41 2
77 85 
85 1
41 
77 2
97 41 
74 2
44 99 
44 3
2 72 74 
13 1
59 
59 3
90 13 86 
25 2
40 95 
95 1
25 
40 4
31 75 60 25 
9 1
76 
76 2
60 9 
22 3
71 70 26 
26 1
22 
70 2
22 43 
71 3
48 20 22 
61 1
49 
49 3
30 6 61 
38 2
2 28 
28 4
38 68 46 69 
69 1
28 
19 1
7 
7 3
94 93 19 
81 2
20 55 
55 1
81 
20 3
71 81 90 
86 1
59 
90 2
20 59 
39 1
48 
60 3
40 76 45 
72 1
44 
36 2
2 73 
73 2
36 1 
78 2
48 96 
97 3
48 4 77 
66 1
50 
43 2
70 98 
3 1
0 
0 2
54 3 
54 2
31 0 
31 8
58 94 10 40 14 54 33 42 
4 2
97 91 
91 1
4 
57 1
65 
65 2
58 57 
42 1
31 
33 1
31 
14 1
31 
10 2
31 29 
94 5
31 2 7 56 5 
58 7
48 31 64 65 37 21 79 
87 1
64 
84 1
6 
6 2
49 84 
30 3
48 49 92 
92 3
30 11 27 
37 1
58 
27 1
92 
5 1
94 
56 1
94 
11 1
92 
75 1
40 
47 1
2 
46 1
28 
68 1
28 
67 1
79 
