50
48 5
40 47 16 31 32 
32 5
5 15 27 48 4 
31 11
34 33 44 7 6 48 17 9 5 4 23 
16 5
48 15 33 8 1 
47 3
11 48 23 
34 5
20 8 31 1 22 
22 5
20 34 41 49 26 
1 4
34 37 16 27 
14 3
41 0 46 
46 9
36 38 45 15 29 11 24 5 14 
0 7
14 5 18 41 33 9 19 
4 3
30 31 32 
30 5
40 19 4 21 24 
9 4
24 0 38 31 
38 5
46 45 35 24 9 
24 9
49 38 9 23 30 15 3 46 35 
37 7
8 1 36 23 15 20 6 
6 2
31 37 
20 5
34 7 22 29 37 
15 10
3 46 16 41 7 24 37 32 10 29 
23 10
2 29 33 44 37 24 28 31 18 47 
36 4
13 37 46 33 
33 7
16 31 23 36 29 0 13 
13 4
40 36 33 43 
29 9
26 45 20 41 18 33 46 23 15 
10 2
26 15 
7 5
45 20 17 31 15 
41 6
14 29 0 15 22 45 
3 3
15 24 12 
5 5
21 32 0 31 46 
18 5
42 39 29 0 23 
39 3
18 12 2 
8 7
37 19 17 16 34 40 25 
11 4
46 45 47 25 
27 3
32 21 1 
21 5
30 27 17 5 42 
35 6
38 40 12 43 28 24 
28 4
45 35 26 23 
43 2
35 13 
12 3
35 3 39 
26 4
10 29 22 28 
49 2
24 22 
45 8
38 28 46 11 29 7 41 42 
17 4
7 8 31 21 
44 3
19 31 23 
40 5
13 48 35 30 8 
19 6
44 8 42 25 30 0 
25 3
19 8 11 
2 2
23 39 
42 4
18 19 45 21 
