50
15 2
26 29 
29 3
2 7 15 
8 4
30 26 31 38 
38 6
23 46 8 12 39 20 
13 2
2 32 
32 4
46 41 13 35 
24 3
26 19 1 
1 6
43 27 28 36 37 24 
26 8
7 15 10 18 24 11 8 16 
16 2
27 26 
35 2
10 32 
41 2
37 32 
18 3
26 36 12 
12 6
19 25 38 14 34 18 
48 2
22 19 
19 5
12 24 34 22 48 
7 5
26 31 23 0 29 
14 2
12 34 
34 5
25 33 19 12 14 
11 3
47 26 42 
42 4
27 22 37 11 
39 3
38 25 20 
20 3
46 38 39 
33 3
34 21 25 
25 5
12 34 39 36 33 
4 1
10 
10 4
35 26 37 4 
22 5
42 48 30 49 19 
49 4
44 46 22 3 
9 2
43 44 
44 4
49 43 37 9 
46 9
45 32 17 38 49 47 0 20 40 
40 1
46 
0 4
3 31 46 7 
47 2
11 46 
17 5
3 45 31 46 23 
23 3
38 7 17 
31 7
0 5 8 7 36 37 17 
37 7
1 31 30 41 44 10 42 
30 5
8 22 37 27 28 
6 1
3 
3 6
0 5 17 21 49 6 
45 6
46 43 17 27 5 21 
21 3
3 33 45 
5 3
3 31 45 
27 7
42 1 30 36 45 16 43 
28 2
1 30 
2 4
43 29 13 36 
36 6
27 31 2 18 1 25 
43 6
1 2 45 44 9 27 
