100
5 6
46 51 54 52 14 98 
98 8
80 99 60 43 95 74 15 5 
36 4
69 17 30 54 
54 7
55 40 5 68 77 67 36 
39 5
87 2 31 72 68 
68 7
46 47 38 54 84 40 39 
78 7
23 56 12 38 18 16 32 
32 3
72 8 78 
18 5
91 13 78 72 67 
67 3
87 54 18 
83 7
75 0 22 86 99 42 69 
69 10
36 44 25 50 81 29 70 80 83 37 
80 3
98 23 69 
16 4
57 61 78 2 
2 6
39 95 57 35 91 16 
8 8
53 34 38 25 52 44 11 32 
26 4
30 13 72 11 
11 4
50 8 22 26 
21 4
85 4 92 19 
19 6
9 0 86 77 79 21 
4 3
15 21 49 
49 5
57 76 13 86 4 
89 3
41 76 0 
0 15
9 83 30 75 63 47 91 94 38 42 50 19 89 84 81 
66 3
34 15 95 
95 6
94 2 85 98 12 66 
70 4
48 10 42 69 
52 6
5 29 60 76 8 7 
7 4
50 91 17 52 
88 5
10 33 38 93 12 
12 6
9 78 96 88 95 55 
14 3
5 15 10 
10 10
97 73 76 1 70 91 48 88 65 14 
72 10
15 96 32 41 23 39 18 73 26 85 
85 9
84 21 17 47 95 46 82 6 72 
63 4
35 37 0 87 
87 8
74 93 67 39 20 40 29 63 
55 4
23 54 28 12 
96 5
72 71 27 1 12 
15 9
66 9 4 51 64 14 98 72 38 
38 10
58 8 88 68 9 31 78 41 0 15 
61 2
16 22 
22 7
53 83 97 45 79 11 61 
79 5
13 86 64 22 19 
56 4
78 48 41 99 
99 8
73 93 98 34 74 83 42 56 
41 7
89 37 72 38 77 28 56 
29 7
64 1 69 52 28 90 87 
17 4
36 64 85 7 
82 4
57 40 85 25 
25 5
31 8 69 64 82 
13 6
79 18 3 26 46 49 
97 3
10 22 34 
34 11
8 99 66 1 65 97 35 90 53 58 59 
24 5
94 77 90 62 48 
48 7
27 44 56 70 10 84 24 
62 4
45 59 24 33 
90 6
29 43 34 24 45 27 
40 7
92 82 64 54 71 68 87 
53 8
34 8 35 30 65 22 57 9 
9 11
12 38 6 46 53 43 0 15 19 45 73 
77 7
91 44 41 54 19 24 84 
84 6
85 48 60 0 68 77 
44 7
3 46 8 77 48 74 69 
42 5
81 99 83 70 0 
73 8
99 10 3 58 50 72 9 76 
43 8
23 33 71 37 9 98 90 60 
46 10
5 68 85 9 44 23 65 13 51 86 
93 7
99 87 59 31 27 88 51 
51 5
46 5 30 15 93 
47 5
68 85 30 6 0 
30 7
26 36 86 51 53 47 0 
75 3
83 57 0 
91 7
18 76 77 10 0 2 7 
94 5
81 24 95 6 0 
71 7
45 96 43 64 6 40 57 
37 5
41 59 63 43 69 
86 8
79 19 49 1 83 46 30 23 
65 6
53 33 46 34 31 10 
23 7
78 55 46 72 80 43 86 
59 4
62 37 93 34 
58 5
38 73 3 60 34 
35 4
63 53 2 34 
33 6
88 65 43 50 62 3 
3 8
60 73 81 13 58 64 44 33 
6 6
47 9 85 94 92 71 
92 3
40 21 6 
57 8
82 16 75 49 53 2 81 71 
31 6
93 39 25 38 65 1 
1 7
29 10 86 20 34 31 96 
45 6
71 9 22 62 20 90 
74 5
87 50 99 98 44 
27 4
96 48 93 90 
64 8
17 79 40 3 71 29 15 25 
20 4
1 87 45 81 
81 7
94 42 0 3 57 69 20 
28 3
55 29 41 
76 6
89 91 10 52 49 73 
50 7
33 11 74 7 0 73 69 
60 6
98 84 3 52 58 43 
