30
26 5
7 2 19 5 11 
11 7
16 23 19 26 21 24 5 
5 7
9 25 11 21 18 7 26 
19 7
1 4 7 28 24 11 26 
2 9
18 25 16 10 0 12 22 17 26 
7 11
20 19 26 13 1 5 18 16 21 10 6 
14 9
4 24 1 10 0 9 28 16 22 
22 7
0 3 1 2 20 14 23 
16 10
11 29 2 1 14 20 17 9 7 13 
28 5
19 4 14 3 18 
0 4
22 12 14 2 
10 6
8 24 14 2 7 13 
18 6
29 2 8 5 7 28 
4 5
14 15 19 28 6 
9 5
14 16 21 5 1 
1 10
25 19 14 7 21 17 9 15 22 16 
21 7
8 11 13 7 1 5 9 
15 4
4 1 12 29 
17 3
16 1 2 
23 4
6 11 22 27 
20 6
24 13 7 8 16 22 
3 3
28 22 6 
12 4
0 15 2 25 
13 7
20 6 7 10 16 21 24 
29 3
18 16 15 
6 5
23 13 7 3 4 
27 3
24 25 23 
25 6
2 27 1 5 12 8 
24 7
19 27 14 20 10 11 13 
8 5
10 21 20 18 25 
