50
20 4
19 38 39 47 
47 5
3 46 15 31 20 
39 4
3 20 13 17 
38 8
15 37 46 8 12 20 7 9 
19 6
20 34 22 23 48 25 
15 10
38 29 32 47 43 48 27 28 26 16 
16 13
43 3 33 46 24 37 11 41 23 36 27 26 15 
26 4
46 16 15 5 
28 4
32 30 15 37 
27 7
36 45 8 16 43 15 13 
48 6
0 15 7 19 42 1 
43 5
16 27 15 11 34 
32 10
28 30 12 41 13 35 45 15 0 3 
29 5
18 3 8 7 15 
13 5
44 32 27 23 39 
23 7
6 10 14 16 17 13 19 
44 5
13 34 37 9 35 
24 4
16 1 0 14 
14 6
9 5 23 40 34 24 
0 5
48 46 7 32 24 
1 5
3 36 24 48 12 
25 4
36 46 33 19 
22 4
46 49 19 6 
34 7
19 44 8 37 12 14 43 
7 8
49 46 48 11 0 29 41 38 
8 6
27 29 34 38 45 36 
3 10
1 39 16 47 49 6 32 41 29 35 
18 4
29 12 45 49 
49 6
7 46 36 22 3 18 
45 7
9 27 5 18 21 32 8 
12 7
35 32 11 38 34 18 1 
36 10
42 49 16 8 9 27 31 2 1 25 
4 3
9 10 33 
33 5
21 16 25 41 4 
10 5
23 11 37 4 41 
9 7
14 2 45 4 36 44 38 
2 3
9 36 42 
42 5
36 37 11 48 2 
46 12
26 22 7 31 17 25 38 49 47 0 40 16 
6 4
23 22 3 37 
41 7
16 33 37 32 3 7 10 
21 3
33 45 40 
11 6
10 7 16 12 42 43 
17 5
40 39 31 46 23 
37 11
38 34 31 28 30 41 16 44 10 42 6 
30 4
32 37 28 35 
31 5
46 36 37 17 47 
5 3
14 45 26 
35 6
12 32 3 30 40 44 
40 5
17 14 46 35 21 
