50
43 8
12 23 47 10 5 27 44 16 
16 18
12 32 21 3 33 24 18 11 23 43 36 10 41 27 37 26 19 6 
27 9
32 6 43 16 8 26 45 22 36 
5 12
46 25 31 15 3 18 43 11 26 2 45 14 
14 14
5 23 40 34 39 25 41 26 45 19 20 21 7 46 
45 12
14 23 7 13 19 2 21 18 5 28 27 9 
9 9
25 21 44 36 47 4 26 45 2 
21 13
32 14 40 30 41 13 9 38 25 35 45 16 33 
3 13
22 31 11 29 0 6 49 47 16 34 39 5 1 
1 7
34 47 17 37 24 36 3 
39 9
4 49 25 41 29 14 34 20 3 
47 7
9 38 7 43 46 1 3 
49 9
32 48 39 20 3 22 36 44 46 
6 9
42 10 31 27 33 16 3 36 23 
23 11
13 43 45 31 17 46 16 14 10 32 6 
30 9
10 40 20 34 7 28 21 37 32 
32 18
44 2 49 46 28 30 23 12 27 41 35 26 24 20 21 16 13 29 
37 12
1 19 42 10 44 16 41 30 48 31 34 38 
28 9
29 25 20 45 17 46 8 30 32 
38 10
17 7 47 20 12 8 46 21 37 15 
34 13
15 1 3 30 39 14 12 37 8 44 26 35 19 
31 12
6 5 3 35 7 13 17 11 37 23 36 46 
41 9
15 40 14 39 32 21 24 37 16 
44 10
32 25 43 4 49 9 11 37 34 13 
10 9
6 18 16 26 43 4 37 30 23 
42 9
6 2 8 46 24 11 37 22 36 
46 18
12 5 14 26 23 31 28 7 17 32 25 38 49 47 22 0 40 42 
36 12
6 29 25 18 1 2 31 27 9 16 49 42 
17 10
35 38 1 22 23 46 28 31 20 40 
33 8
4 6 20 25 8 16 24 21 
40 7
41 30 21 46 14 48 17 
0 5
26 3 7 46 48 
48 7
37 40 49 12 19 7 0 
7 12
45 14 47 38 25 30 29 0 11 31 48 46 
26 11
5 34 14 32 27 9 10 0 8 16 46 
22 7
42 3 27 17 19 49 46 
25 12
5 28 9 19 7 39 14 21 44 33 46 36 
2 8
32 29 42 5 18 45 36 9 
4 6
13 39 33 44 10 9 
8 9
42 33 26 18 38 34 29 28 27 
35 7
15 17 31 21 34 32 12 
12 12
43 46 16 48 15 18 34 38 11 32 19 35 
18 9
36 16 8 45 2 5 12 10 29 
29 11
28 32 2 36 24 39 15 7 8 3 18 
19 10
45 25 37 12 16 48 22 14 34 20 
24 7
29 41 42 32 1 33 16 
13 7
23 4 45 31 21 32 44 
15 7
5 35 34 41 12 29 38 
20 10
30 17 28 33 49 32 14 39 38 19 
11 8
31 3 5 42 12 44 16 7 
