50
14 3
6 49 28 
28 6
3 39 14 17 41 16 
49 10
31 17 36 22 30 37 1 3 14 12 
6 9
33 14 39 45 22 30 23 0 47 
34 3
48 39 1 
1 6
18 4 49 23 37 34 
39 9
41 2 32 6 28 17 9 34 36 
48 13
43 4 37 11 33 30 13 34 20 9 31 0 3 
31 3
49 20 48 
20 4
44 16 48 31 
16 7
19 23 18 38 28 20 8 
44 12
30 40 20 19 45 29 0 15 17 24 21 5 
38 6
12 43 35 16 46 22 
22 6
6 49 47 17 36 38 
46 5
45 42 36 27 38 
35 7
45 37 11 9 12 32 38 
43 6
18 48 19 38 33 10 
12 8
38 13 42 33 35 45 26 49 
10 8
13 45 33 17 4 43 25 18 
33 7
6 48 10 12 11 25 43 
19 6
16 44 25 2 43 23 
18 6
1 43 16 10 25 21 
3 5
0 28 48 49 7 
0 6
3 6 48 36 23 44 
9 6
47 15 35 48 39 41 
13 7
12 42 10 48 40 37 2 
30 5
44 6 48 49 21 
11 7
29 27 48 42 21 35 33 
37 8
48 49 47 35 32 1 13 40 
4 6
1 10 45 42 48 7 
32 3
39 37 35 
26 3
42 12 15 
15 6
8 44 7 45 26 9 
42 8
26 13 4 12 46 11 21 24 
24 3
2 44 42 
2 7
24 39 5 19 8 13 29 
25 4
19 10 18 33 
40 3
44 13 37 
21 6
29 11 44 42 18 30 
23 7
5 1 6 16 0 19 27 
41 5
39 45 5 28 9 
47 5
7 9 22 37 6 
36 5
0 49 46 22 39 
17 7
5 22 28 10 44 39 49 
7 4
15 47 4 3 
45 9
35 41 46 44 6 4 10 15 12 
8 3
15 2 16 
29 4
21 11 44 2 
27 3
11 46 23 
5 5
23 17 41 2 44 
