100
14 8
27 68 38 11 89 81 19 58 
58 5
85 44 33 14 24 
19 6
21 22 68 14 90 45 
81 5
4 68 14 35 50 
89 5
65 20 14 34 63 
11 8
5 59 98 14 36 91 47 64 
38 8
95 98 40 14 56 26 35 21 
73 6
94 82 96 65 66 68 
68 12
37 21 84 14 98 20 81 19 35 73 65 28 
65 11
22 89 39 94 73 61 63 66 68 28 86 
12 6
34 7 70 87 49 47 
47 5
85 75 11 71 12 
49 5
82 87 91 21 12 
87 8
0 12 79 21 43 49 13 28 
7 6
45 17 12 82 99 39 
59 6
3 85 37 11 29 23 
23 9
86 77 80 91 18 5 61 59 44 
29 5
2 16 59 13 42 
37 4
68 82 59 71 
85 4
47 58 59 78 
50 5
71 69 35 81 74 
74 10
20 8 44 82 36 27 9 67 97 50 
35 8
54 50 38 68 81 4 75 13 
69 3
75 50 99 
67 6
55 32 83 18 74 9 
9 4
79 60 74 67 
18 8
13 3 1 22 23 78 67 54 
83 10
56 53 92 67 97 45 48 28 95 80 
32 4
82 67 0 62 
55 4
78 67 62 54 
20 9
39 89 86 68 74 17 48 6 70 
70 4
25 12 8 20 
6 5
78 36 45 28 20 
48 6
86 83 95 20 45 2 
86 11
48 44 76 54 20 91 63 23 57 65 93 
93 5
90 30 24 75 86 
57 5
5 41 94 36 86 
63 7
96 8 86 42 79 65 89 
53 5
80 83 62 51 28 
28 11
6 54 31 83 5 68 22 65 87 26 53 
51 4
53 3 66 44 
92 3
83 98 52 
52 2
2 92 
98 8
11 84 45 38 46 68 75 92 
43 4
25 56 87 13 
13 9
75 18 72 76 15 29 87 35 43 
96 4
73 91 63 75 
75 11
13 88 90 98 77 69 93 35 47 17 96 
71 10
27 33 39 50 72 47 84 21 37 82 
72 4
76 13 71 36 
36 10
56 6 64 80 11 57 16 74 31 72 
82 10
73 74 32 49 61 7 22 77 37 71 
21 7
19 68 71 41 87 49 38 
84 6
98 68 25 99 94 71 
56 6
43 5 83 36 38 91 
91 9
96 30 23 42 11 10 56 86 49 
79 5
9 64 80 63 87 
80 8
53 79 78 36 23 26 1 83 
42 5
24 91 63 29 61 
8 6
74 27 70 63 97 26 
10 4
41 0 91 26 
30 4
93 99 91 17 
61 6
78 27 65 23 82 42 
78 7
55 6 61 80 18 85 88 
22 6
18 65 19 28 82 60 
60 4
46 9 17 22 
95 6
38 46 44 48 31 83 
45 6
7 98 48 6 19 83 
97 7
34 74 8 46 33 83 4 
88 3
75 39 78 
31 3
95 36 28 
16 6
17 24 40 29 36 66 
64 4
25 79 36 11 
76 5
72 62 86 13 41 
41 7
10 27 57 24 21 99 76 
1 5
80 15 46 18 27 
27 7
14 71 41 8 74 61 1 
46 8
97 95 1 66 3 60 34 98 
15 3
13 1 26 
77 6
23 75 82 94 34 40 
40 3
16 38 77 
94 6
73 25 57 65 77 84 
44 8
74 62 25 95 23 86 58 51 
25 6
70 94 64 43 84 44 
62 5
53 76 44 55 32 
26 7
10 15 80 38 28 8 33 
0 3
87 10 32 
5 5
56 11 57 23 28 
17 6
16 20 60 7 75 30 
90 3
75 93 19 
39 6
20 71 66 88 65 7 
99 5
30 84 7 41 69 
66 6
73 39 51 65 16 46 
2 4
29 52 33 48 
33 5
71 58 2 97 26 
4 3
81 35 97 
34 5
46 77 12 97 89 
24 5
41 16 42 93 58 
54 5
35 86 28 18 55 
3 4
59 18 51 46 
