100
88 1
38 
38 3
13 36 88 
39 1
17 
17 3
72 27 39 
15 1
21 
21 2
22 15 
92 1
29 
29 2
40 92 
41 1
31 
31 4
77 57 53 41 
83 1
98 
98 4
79 47 1 83 
4 1
65 
65 4
51 4 14 66 
71 1
35 
35 3
69 43 71 
87 1
18 
18 3
79 16 87 
52 1
44 
44 2
61 52 
27 1
17 
72 2
55 17 
89 2
33 56 
56 1
89 
33 3
48 70 89 
66 1
65 
70 1
33 
68 2
90 30 
30 3
61 46 68 
75 1
91 
91 2
94 75 
28 1
40 
40 5
94 6 29 37 28 
25 1
16 
16 2
18 25 
73 1
11 
11 3
42 73 95 
23 1
99 
99 2
81 23 
32 1
2 
2 5
81 5 7 63 32 
54 1
12 
12 2
55 54 
24 1
20 
20 2
42 24 
82 2
78 59 
59 1
82 
78 2
64 82 
55 4
77 12 26 72 
93 1
53 
53 2
31 93 
49 1
81 
81 8
79 42 45 2 97 86 49 99 
97 3
81 69 80 
80 1
97 
69 3
97 35 0 
3 2
26 84 
84 1
3 
26 2
55 3 
77 5
55 79 51 61 31 
62 1
76 
76 2
47 62 
50 1
14 
14 3
65 34 50 
67 2
10 85 
85 1
67 
10 2
13 67 
51 3
77 22 65 
7 1
2 
46 3
30 58 19 
61 3
77 30 44 
58 1
46 
94 3
79 40 91 
79 5
77 81 98 94 18 
64 2
13 78 
13 4
22 38 64 10 
45 1
81 
57 1
31 
90 2
68 9 
9 2
6 90 
95 2
11 8 
42 3
81 11 20 
63 1
2 
5 1
2 
36 1
38 
1 1
98 
47 3
98 76 74 
19 1
46 
8 1
95 
0 1
69 
86 2
81 96 
22 5
51 48 13 21 60 
48 2
22 33 
60 1
22 
37 1
40 
6 2
40 9 
74 1
47 
96 1
86 
43 1
35 
34 1
14 
