20
4 8
0 19 13 1 5 8 17 9 
9 10
7 13 2 1 18 4 11 12 10 0 
8 11
16 13 7 14 19 2 17 1 5 4 11 
5 7
17 16 8 19 18 3 4 
1 10
8 0 15 10 9 4 6 13 7 18 
3 5
17 16 14 5 6 
18 9
10 1 5 7 13 16 17 9 2 
19 8
4 11 16 8 2 5 0 7 
16 12
11 14 8 19 7 13 5 3 18 6 15 17 
17 8
4 11 18 5 3 8 16 10 
15 6
14 1 7 10 16 11 
6 8
12 16 13 7 1 3 2 14 
13 8
4 6 9 12 1 18 16 8 
14 7
0 15 16 8 7 3 6 
10 5
18 1 15 9 17 
11 9
12 2 19 17 9 16 8 0 15 
7 10
9 6 14 0 15 18 1 19 16 8 
2 7
11 19 9 8 12 6 18 
12 5
11 13 6 2 9 
0 7
11 4 14 7 1 19 9 
