100
5 1
8 
8 4
78 3 5 74 
18 2
19 95 
95 6
61 55 89 37 47 18 
36 3
91 39 54 
54 6
96 38 61 49 91 36 
24 1
90 
90 5
20 55 25 75 24 
87 1
61 
61 8
16 95 28 13 41 39 54 87 
14 2
23 89 
89 4
84 95 50 14 
72 2
48 77 
77 3
40 80 72 
75 2
68 90 
91 2
36 54 
63 4
20 62 26 48 
48 4
72 46 63 31 
73 2
92 1 
1 2
42 73 
9 2
32 96 
96 4
54 84 33 9 
82 4
67 60 92 65 
65 4
45 86 40 82 
60 2
82 44 
44 8
28 52 53 51 12 29 15 60 
85 3
93 94 6 
6 1
85 
93 2
12 85 
22 3
33 32 45 
45 2
65 22 
32 5
9 99 84 88 22 
4 2
86 29 
29 3
44 19 4 
86 5
26 35 28 65 4 
33 3
22 52 96 
88 2
42 32 
31 3
16 27 48 
46 3
92 58 48 
80 3
74 3 77 
40 3
7 77 65 
64 2
15 68 
68 4
75 12 42 64 
56 1
76 
76 6
84 98 57 43 27 56 
79 1
35 
35 4
86 97 71 79 
99 4
59 84 32 0 
0 3
71 25 99 
26 3
86 63 17 
17 2
28 26 
21 2
49 39 
39 3
36 61 21 
23 3
14 70 94 
94 2
85 23 
70 4
41 53 38 23 
25 2
0 90 
11 3
28 34 55 
55 3
90 95 11 
34 1
11 
28 7
61 44 81 69 11 86 17 
57 3
83 19 76 
12 3
44 68 93 
50 2
89 13 
13 2
61 50 
59 2
99 52 
52 4
33 44 16 59 
67 2
82 81 
81 2
28 67 
20 4
90 63 41 30 
30 1
20 
41 4
61 70 71 20 
53 4
44 70 10 7 
7 2
40 53 
10 1
53 
71 5
41 3 0 62 35 
42 4
88 62 68 1 
69 1
28 
27 2
31 76 
15 3
64 44 92 
51 2
44 78 
97 2
35 3 
3 5
71 80 66 97 8 
16 3
61 31 52 
78 2
8 51 
84 6
66 89 76 96 99 32 
19 4
29 57 18 66 
66 4
43 3 84 19 
47 1
95 
37 1
95 
98 1
76 
58 1
46 
49 5
21 43 83 54 2 
2 1
49 
62 3
63 42 71 
92 4
73 82 15 46 
38 2
54 70 
83 4
57 43 49 74 
74 3
80 8 83 
43 4
49 83 66 76 
