50
38 8
26 9 3 32 8 10 15 21 
21 11
45 27 4 46 16 3 15 40 34 30 38 
15 13
39 23 13 4 18 5 21 37 26 12 25 38 10 
8 10
35 39 14 30 22 38 4 43 0 10 
10 9
38 26 45 27 28 47 32 15 8 
43 11
26 24 18 3 44 8 23 6 32 40 14 
22 5
5 28 37 8 12 
46 7
25 24 21 37 32 26 1 
1 11
4 32 12 45 26 34 20 39 46 44 28 
26 15
43 31 29 15 7 46 44 49 47 39 1 10 42 12 38 
32 19
12 48 44 2 9 1 43 4 13 31 16 7 46 10 47 35 38 14 34 
19 6
35 24 18 34 14 12 
12 15
32 31 27 19 36 26 14 40 15 44 4 22 0 1 18 
14 17
3 16 12 43 31 27 17 28 39 20 29 13 47 35 19 8 32 
6 10
28 25 36 42 43 47 41 7 5 33 
23 10
5 9 47 43 49 15 0 33 44 16 
3 12
44 30 38 14 20 39 27 28 43 7 21 11 
31 17
34 9 36 26 14 39 40 29 32 30 18 5 24 33 47 17 12 
7 13
37 11 39 41 30 25 27 9 26 2 3 32 6 
29 13
47 14 25 0 41 13 24 45 26 44 17 31 48 
49 7
9 33 41 26 45 36 23 
39 12
15 30 7 8 45 26 31 27 34 14 3 1 
16 12
35 42 48 9 14 21 4 13 41 32 30 23 
35 8
19 16 8 17 48 32 34 14 
48 8
32 33 16 35 9 11 0 29 
44 10
34 32 26 43 30 23 12 29 3 1 
45 8
39 21 1 5 33 10 29 49 
34 9
44 31 1 35 19 25 32 39 21 
47 9
26 23 31 29 0 10 32 6 14 
13 10
18 2 11 15 29 16 32 28 14 40 
40 8
31 0 43 11 21 37 12 13 
28 8
6 10 14 30 22 13 3 1 
27 12
2 10 21 3 18 17 7 20 14 39 12 30 
30 12
2 39 3 8 16 44 7 21 24 28 31 27 
17 7
35 14 0 29 31 27 36 
41 11
5 18 20 29 6 7 2 49 11 16 36 
36 7
25 49 6 12 41 31 17 
11 8
40 2 48 7 13 41 18 3 
2 10
27 18 30 32 11 13 41 7 4 42 
42 6
18 16 20 6 26 2 
20 8
41 27 33 14 3 1 42 0 
9 9
32 16 38 49 5 23 31 48 7 
25 8
36 6 34 46 7 29 15 0 
37 5
7 46 15 22 40 
5 9
41 23 22 45 18 9 31 15 6 
0 11
29 48 17 8 12 4 47 23 25 40 20 
4 9
1 21 0 15 8 16 32 12 2 
33 8
20 23 49 48 31 45 6 18 
18 13
41 13 43 11 5 42 12 2 19 15 27 31 33 
24 6
46 19 43 29 31 30 
