20
4 11
0 10 6 19 2 9 17 18 1 13 7 
7 6
14 0 10 18 4 8 
1 6
9 18 6 0 8 4 
17 11
12 19 14 15 10 4 16 11 18 3 5 
2 8
15 12 13 3 18 4 9 19 
6 9
12 16 15 19 4 3 18 1 9 
19 8
15 11 4 17 6 16 8 2 
9 8
4 14 1 5 3 2 6 10 
18 12
17 6 4 0 10 7 2 3 1 5 12 14 
14 9
7 8 16 12 9 17 3 5 18 
12 8
6 2 0 17 13 16 14 18 
5 7
14 0 8 9 17 18 13 
11 3
19 0 17 
0 11
12 4 7 13 11 16 18 5 3 1 15 
16 8
6 19 14 12 10 0 15 17 
15 8
19 2 6 17 8 16 10 0 
3 8
14 2 6 18 17 9 0 8 
8 7
14 19 5 1 3 15 7 
13 5
4 2 12 0 5 
10 7
16 15 4 18 17 9 7 
