50
8 14
19 5 1 24 44 33 45 37 26 2 49 47 13 10 
5 6
22 45 1 29 10 8 
37 10
1 7 13 49 14 48 33 8 45 2 
44 10
38 3 14 34 6 0 16 8 4 21 
33 17
4 29 34 38 8 0 1 17 10 27 11 14 37 45 49 47 43 
45 18
12 24 3 7 4 32 37 47 49 2 1 5 13 15 29 39 8 33 
0 16
2 23 38 25 3 26 14 33 44 46 24 12 29 15 22 47 
34 10
30 12 17 31 2 18 32 44 33 14 
1 19
43 37 47 8 31 7 17 33 39 42 12 45 21 11 5 22 30 32 15 
17 13
43 34 1 15 7 12 19 35 9 11 24 33 25 
27 10
24 10 3 33 46 40 42 6 28 38 
43 14
23 16 17 46 33 24 19 6 30 41 15 9 22 1 
9 14
30 36 43 16 3 48 6 40 39 10 38 17 7 21 
16 12
46 44 38 3 14 20 39 40 7 47 43 9 
19 16
48 8 31 30 23 12 36 43 47 42 41 17 28 46 13 40 
20 8
6 28 24 18 16 35 26 4 
4 10
38 26 45 2 15 32 14 20 33 44 
26 9
4 6 8 30 24 39 20 0 15 
35 9
47 38 2 17 40 20 39 23 12 
10 11
25 41 32 27 9 5 12 42 8 33 46 
29 11
33 7 45 24 11 0 15 31 49 5 36 
48 10
19 21 37 15 9 31 39 41 7 49 
49 10
47 8 33 45 37 14 15 29 25 48 
7 13
1 45 32 40 29 37 24 9 17 28 48 30 16 
41 10
36 43 19 10 15 11 3 14 40 48 
39 12
9 28 48 21 2 26 45 35 16 1 38 42 
31 9
24 34 29 28 48 22 19 18 1 
15 17
49 41 12 43 36 48 18 4 26 45 29 22 1 0 28 17 46 
21 12
47 36 9 48 3 18 1 39 32 6 46 44 
18 10
6 31 21 15 20 34 40 22 30 23 
23 7
0 22 43 14 19 35 18 
30 13
43 34 40 25 1 18 26 19 24 6 13 7 9 
40 13
11 30 25 19 35 2 9 27 16 7 41 32 18 
22 11
23 43 12 25 5 18 1 0 15 46 31 
46 11
16 21 19 43 13 0 15 10 38 27 22 
6 12
20 26 18 43 25 44 30 28 9 27 21 11 
32 14
36 4 45 40 34 14 21 24 25 12 1 7 42 10 
36 10
32 9 41 42 21 24 11 19 29 15 
12 16
45 10 17 24 11 47 35 19 13 15 34 0 1 22 32 25 
42 9
25 32 36 19 3 1 27 39 10 
11 11
12 40 2 1 33 41 28 17 29 36 6 
24 17
45 8 27 31 17 7 12 20 32 30 13 29 0 14 26 36 43 
25 13
3 42 12 38 10 0 40 22 30 6 32 49 17 
14 13
32 23 3 33 44 16 4 49 0 24 37 41 34 
28 11
19 6 15 11 13 7 20 39 31 27 47 
38 11
4 35 25 44 33 16 46 39 0 9 27 
47 13
0 21 1 49 13 12 8 33 16 35 19 45 28 
3 13
25 21 14 42 13 41 0 44 16 45 2 27 9 
2 11
0 8 4 39 34 40 35 45 3 11 37 
13 11
12 47 8 46 28 30 3 37 24 19 45 
