30
1 4
15 27 5 18 
18 9
21 28 4 6 0 29 15 10 1 
12 9
19 20 15 0 22 11 27 28 17 
17 6
8 13 2 4 20 12 
11 3
9 5 12 
22 5
6 29 12 19 26 
0 6
15 18 5 12 24 25 
27 8
12 21 1 13 7 23 14 9 
9 5
10 3 11 27 19 
14 6
16 26 19 21 28 27 
23 3
16 27 21 
7 4
6 8 5 27 
15 6
25 12 0 1 18 6 
6 8
22 8 25 18 5 7 24 15 
29 6
21 24 22 28 5 18 
5 11
4 28 6 26 19 11 7 29 0 1 3 
13 5
4 26 17 27 3 
3 5
20 9 5 13 16 
26 7
19 13 14 24 5 8 22 
19 8
26 12 14 22 16 5 28 9 
16 7
23 21 24 19 3 14 20 
20 6
3 12 28 17 16 4 
10 3
9 18 2 
8 6
17 6 4 21 26 7 
2 2
17 10 
25 4
21 6 15 0 
24 5
26 16 6 29 0 
28 8
18 5 19 12 29 20 14 21 
21 9
18 29 25 16 8 14 23 27 28 
4 6
13 5 18 8 17 20 
