50
33 2
28 7 
7 2
21 33 
9 1
19 
19 3
15 11 9 
38 1
42 
42 2
14 38 
43 1
48 
48 4
29 21 39 43 
8 1
18 
18 7
37 23 36 41 2 8 28 
13 2
17 14 
14 3
37 42 13 
5 1
39 
39 2
48 5 
0 1
28 
28 3
33 18 0 
17 2
13 36 
36 3
18 32 17 
40 2
26 47 
47 3
41 45 40 
35 1
10 
10 2
20 35 
27 1
23 
23 3
18 34 27 
22 3
31 4 25 
25 1
22 
4 4
20 31 15 22 
49 1
15 
15 3
4 49 19 
41 2
18 47 
21 2
48 7 
20 4
16 4 10 6 
29 2
46 48 
46 2
34 29 
37 3
18 16 14 
16 4
37 1 20 26 
34 4
23 30 46 12 
12 3
1 34 24 
30 2
34 44 
2 1
18 
45 1
47 
26 2
40 16 
1 2
12 16 
6 1
20 
44 2
32 30 
24 1
12 
32 2
44 36 
31 3
22 4 3 
3 1
31 
11 1
19 
