50
13 2
8 45 
45 2
46 13 
46 4
48 1 20 45 
20 3
11 40 46 
5 3
21 2 26 
26 5
0 32 49 43 5 
37 2
39 40 
40 3
4 20 37 
43 1
26 
0 5
7 35 26 39 30 
30 5
4 47 17 14 0 
17 2
44 30 
14 1
30 
34 3
4 23 7 
7 6
0 31 28 33 47 34 
22 1
42 
42 3
8 16 22 
44 3
17 38 49 
49 2
26 44 
12 2
41 23 
23 3
34 12 6 
41 2
29 12 
6 3
33 27 23 
21 2
5 27 
27 6
28 9 6 32 21 15 
11 5
18 1 4 19 20 
29 4
36 9 31 41 
31 4
7 29 1 3 
36 2
32 29 
15 1
27 
1 3
31 46 11 
32 5
27 8 16 36 26 
33 3
6 4 7 
47 3
7 30 39 
39 3
37 0 47 
16 3
25 32 42 
3 3
31 2 35 
35 3
0 3 24 
2 3
5 3 10 
8 4
13 42 32 38 
38 3
25 44 8 
9 4
29 27 28 18 
18 2
9 11 
28 4
27 9 48 7 
24 1
35 
48 2
46 28 
10 1
2 
19 2
11 25 
4 5
30 34 40 33 11 
25 3
38 16 19 
