100
82 4
22 67 8 53 
53 6
23 1 10 89 24 82 
49 1
79 
79 9
65 57 0 46 73 28 41 4 49 
77 2
2 32 
32 5
78 5 65 7 77 
83 3
62 57 7 
7 4
32 54 87 83 
75 1
98 
98 4
73 44 17 75 
80 2
92 42 
42 2
67 80 
4 4
24 79 81 28 
28 3
79 94 4 
51 1
2 
2 4
77 69 22 51 
72 3
65 96 44 
44 2
98 72 
64 3
76 97 81 
81 3
18 4 64 
76 4
18 22 64 84 
12 1
11 
11 2
91 12 
73 5
65 63 79 16 98 
97 2
64 57 
57 7
79 83 68 8 93 97 95 
41 2
18 79 
26 1
92 
92 7
63 9 80 22 1 5 26 
21 2
63 74 
74 2
67 21 
24 3
65 4 53 
58 1
16 
16 2
73 58 
84 1
76 
30 1
17 
17 3
98 46 30 
78 4
32 62 13 3 
3 1
78 
13 4
23 38 37 78 
10 5
37 25 48 85 53 
18 5
76 81 95 41 29 
29 2
0 18 
52 1
15 
15 2
38 52 
71 1
9 
9 3
92 36 71 
48 1
10 
5 2
32 92 
22 7
82 2 88 14 92 76 56 
60 3
20 96 33 
33 2
39 60 
20 2
90 60 
89 6
54 25 53 86 37 96 
96 5
60 31 89 72 61 
37 5
13 38 35 89 10 
40 2
86 43 
43 1
40 
86 4
89 38 40 19 
0 3
27 79 29 
46 2
79 17 
38 7
35 62 14 37 86 15 13 
67 6
82 14 39 42 74 36 
90 2
69 20 
19 2
66 86 
87 3
93 7 50 
50 2
55 87 
27 2
0 99 
99 4
6 69 23 27 
85 1
10 
25 3
89 10 91 
95 2
18 57 
69 6
2 65 70 90 99 55 
55 2
50 69 
70 2
69 1 
65 7
24 72 73 69 79 32 14 
39 2
33 67 
91 2
25 11 
1 4
53 92 63 70 
59 1
35 
35 4
38 37 59 45 
36 2
67 9 
14 5
22 65 67 38 62 
54 3
89 7 34 
66 2
19 68 
68 3
93 57 66 
56 1
22 
88 1
22 
62 5
83 38 78 14 63 
34 1
54 
94 2
61 28 
23 4
53 13 99 31 
6 2
99 93 
93 4
68 87 57 6 
61 2
94 96 
31 3
45 96 23 
47 1
8 
8 3
82 57 47 
45 2
31 35 
63 5
92 73 1 21 62 
