30
5 5
11 17 18 0 8 
8 15
4 5 27 9 23 28 7 13 15 6 19 12 24 20 21 
0 9
25 26 7 5 29 10 11 24 14 
1 3
27 12 10 
10 7
16 0 15 29 2 19 1 
12 8
2 11 1 4 16 8 7 17 
22 5
6 3 17 9 4 
4 8
8 7 13 22 23 24 12 3 
9 7
8 2 20 3 6 23 22 
17 7
19 5 24 14 20 22 12 
23 10
3 20 25 27 9 13 16 8 11 4 
6 7
22 8 16 9 2 26 21 
3 7
11 22 23 9 13 7 4 
24 7
17 18 11 21 4 8 0 
14 6
16 2 17 27 13 0 
29 3
0 10 19 
7 9
4 13 3 0 16 8 25 21 12 
28 3
18 16 8 
18 8
16 20 5 28 19 21 24 11 
11 9
19 24 0 15 12 23 3 5 18 
15 4
11 8 16 10 
19 7
26 17 11 18 10 29 8 
16 11
14 18 7 28 6 23 25 12 10 15 26 
13 6
3 7 4 14 23 8 
26 6
20 19 0 21 16 6 
21 8
18 24 20 26 2 6 8 7 
20 8
26 18 21 23 9 17 25 8 
25 6
0 23 20 16 7 27 
27 5
1 8 14 23 25 
2 6
12 9 14 10 6 21 
