30
4 4
20 16 26 12 
12 11
1 2 6 14 9 17 11 23 22 0 4 
26 6
14 1 0 6 22 4 
16 11
2 23 8 20 18 3 29 0 4 9 27 
20 6
4 16 0 15 2 9 
28 8
17 8 23 21 15 10 2 19 
19 6
13 2 6 9 28 5 
10 9
11 0 2 1 18 23 8 17 28 
21 6
25 24 11 28 23 15 
14 11
7 26 2 12 27 17 15 29 24 1 18 
18 7
16 11 1 10 15 29 14 
24 8
21 6 8 22 27 9 0 14 
29 8
16 1 18 5 14 11 0 22 
15 13
0 13 7 8 28 27 6 18 3 14 20 11 21 
17 6
9 28 3 10 12 14 
27 8
24 0 15 9 14 23 7 16 
22 9
5 7 23 8 24 11 26 12 29 
3 5
17 16 13 5 15 
6 8
24 12 8 19 26 15 7 25 
0 14
1 16 23 29 15 5 12 24 11 25 26 10 27 20 
11 10
18 22 21 12 0 15 10 29 7 13 
5 6
22 3 0 29 7 19 
13 5
15 19 7 3 11 
23 9
16 22 12 21 28 27 0 10 7 
25 3
21 0 6 
9 8
16 24 12 19 17 27 20 1 
1 9
12 0 29 10 14 26 2 18 9 
7 10
11 14 15 13 27 5 8 22 23 6 
8 8
24 16 28 22 6 7 15 10 
2 8
16 19 12 28 1 10 14 20 
