50
13 8
5 29 10 33 36 23 19 39 
39 9
9 42 0 16 24 21 30 1 13 
19 5
48 28 34 36 13 
23 3
15 21 13 
36 14
46 44 0 19 24 21 43 2 49 18 13 40 25 30 
33 6
44 13 7 2 35 47 
10 9
3 5 25 38 48 37 13 0 4 
29 5
13 47 30 45 11 
11 5
18 49 47 44 29 
45 4
38 29 15 6 
30 7
43 39 14 20 29 36 12 
47 9
18 24 11 46 33 28 31 29 26 
9 5
39 44 3 1 24 
24 8
39 14 47 4 36 22 7 9 
1 4
35 14 39 9 
3 8
20 34 10 6 32 42 8 9 
44 8
33 16 0 34 9 36 11 42 
18 6
11 14 20 47 49 36 
49 10
7 38 5 18 35 20 11 37 36 15 
20 9
40 26 2 30 3 18 49 38 32 
14 8
22 30 46 1 18 24 12 26 
22 3
14 40 24 
40 6
34 20 41 36 22 8 
8 4
7 27 40 3 
27 4
41 7 8 37 
7 9
32 6 8 33 49 21 24 27 17 
42 3
39 3 44 
15 5
23 16 45 43 49 
37 8
43 49 28 48 27 31 25 10 
35 5
34 49 1 33 17 
5 5
13 49 28 10 38 
38 6
31 45 49 10 20 5 
28 7
0 47 37 5 17 19 41 
17 4
4 28 7 35 
34 6
40 44 35 26 19 3 
41 5
27 48 28 21 40 
25 3
10 37 36 
31 3
38 47 37 
48 6
41 46 19 10 37 21 
43 8
37 12 4 30 36 15 26 6 
2 6
21 36 6 33 16 20 
4 4
17 43 24 10 
16 4
15 39 2 44 
26 5
34 20 14 47 43 
46 6
48 47 32 6 36 14 
6 6
3 2 45 43 46 7 
12 3
43 14 30 
0 5
28 39 36 44 10 
21 7
2 36 23 7 41 39 48 
32 4
7 46 3 20 
