50
20 1
0 
0 5
31 2 29 15 20 
15 3
18 47 0 
38 3
14 46 45 
45 2
46 38 
46 3
45 28 38 
44 2
21 23 
23 3
40 30 44 
12 2
11 19 
19 2
22 12 
5 1
26 
26 5
14 36 42 2 5 
34 1
25 
25 4
35 33 47 34 
14 3
26 38 36 
36 3
26 37 14 
48 1
32 
32 4
3 35 2 48 
18 3
15 6 30 
30 3
2 18 23 
21 3
44 42 27 
27 2
1 21 
31 2
0 3 
3 6
42 1 24 32 28 31 
35 3
25 32 6 
6 8
13 49 18 1 28 37 16 35 
1 6
6 3 9 27 10 41 
29 3
28 22 0 
22 2
29 19 
28 6
3 39 6 29 46 47 
13 2
6 10 
10 3
11 1 13 
39 3
24 28 16 
16 2
6 39 
11 3
10 12 42 
42 6
3 26 49 21 11 33 
24 3
39 3 17 
17 2
8 24 
9 2
47 1 
40 2
23 8 
8 5
7 17 33 43 40 
41 2
1 7 
7 2
8 41 
47 4
15 9 28 25 
2 4
0 32 26 30 
37 2
6 36 
49 3
6 42 4 
33 3
25 42 8 
4 1
49 
43 1
8 
