30
4 8
0 17 28 11 21 3 23 16 
16 6
13 14 9 19 4 25 
23 6
17 25 4 10 8 19 
3 9
5 25 17 9 27 4 8 10 20 
21 11
14 20 12 26 4 10 29 0 9 27 13 
11 5
20 4 19 26 28 
28 10
6 24 11 10 26 12 9 17 14 4 
17 9
3 2 19 4 23 22 28 14 0 
22 7
19 1 17 12 25 6 7 
7 4
20 8 24 22 
6 10
25 28 27 5 18 29 10 2 26 22 
25 7
6 12 23 22 3 1 16 
12 8
26 21 24 22 15 27 28 25 
1 3
22 25 18 
19 5
11 17 22 23 16 
9 8
21 0 13 3 28 27 16 8 
8 6
27 9 3 18 7 23 
27 8
6 8 3 12 9 24 21 0 
13 5
16 9 5 2 21 
18 4
6 8 0 1 
15 5
26 12 29 10 5 
24 8
14 5 28 27 10 12 7 2 
26 9
12 6 15 10 21 11 5 28 20 
20 8
7 11 21 2 26 0 10 3 
5 6
24 6 3 26 13 15 
10 12
28 21 24 20 14 3 0 29 15 26 23 6 
14 6
16 24 21 17 28 10 
29 4
6 21 15 10 
2 5
17 6 20 13 24 
0 8
4 20 9 27 17 10 21 18 
