30
20 7
27 10 8 18 3 25 21 
21 6
17 7 29 0 14 20 
25 7
4 12 7 23 11 27 20 
3 5
17 15 10 20 13 
18 14
7 8 27 20 13 11 24 1 5 12 14 26 6 19 
8 7
29 17 7 22 20 14 18 
14 9
21 1 18 6 16 8 19 26 28 
28 7
1 6 11 22 0 15 14 
26 6
10 7 1 18 5 14 
19 4
18 14 22 17 
16 7
2 14 12 17 7 5 24 
6 7
0 14 28 27 18 1 22 
5 8
4 22 18 1 0 16 9 26 
1 9
14 28 17 11 5 18 2 26 6 
7 10
17 22 18 21 8 16 26 29 25 4 
10 8
20 26 2 3 0 27 13 12 
24 6
17 27 18 22 0 16 
17 10
21 24 23 3 1 8 16 19 7 13 
12 7
25 13 27 18 16 2 10 
2 5
27 16 1 12 10 
22 12
13 7 29 15 8 5 24 4 28 9 6 19 
9 5
27 5 22 4 29 
4 5
5 25 22 9 7 
15 3
3 28 22 
29 6
8 0 22 7 21 9 
11 4
28 1 18 25 
27 9
20 2 9 12 6 10 18 25 24 
0 7
28 6 29 10 5 24 21 
13 7
12 18 3 17 10 22 23 
23 3
17 25 13 
