50
31 6
39 3 47 4 16 17 
17 3
32 36 31 
16 9
13 0 30 26 20 1 37 4 31 
4 10
22 36 10 15 0 31 34 20 41 16 
3 4
7 43 31 46 
24 10
7 12 46 8 45 35 48 28 5 18 
18 14
24 37 23 36 2 38 8 46 28 41 27 1 30 32 
28 6
22 2 27 0 18 24 
48 7
2 43 39 37 21 24 29 
35 8
2 10 24 9 13 41 20 40 
8 6
15 20 14 43 18 24 
46 10
26 27 29 15 34 24 22 30 18 3 
12 6
5 29 9 24 34 47 
32 5
18 17 22 36 39 
39 7
0 5 31 48 2 45 32 
36 7
13 44 20 17 32 18 4 
26 7
13 46 16 40 49 19 37 
37 7
0 48 14 16 18 26 6 
19 4
9 11 15 26 
49 6
7 34 23 27 15 26 
40 6
21 47 2 35 26 29 
6 6
15 43 5 13 20 37 
20 12
7 27 5 36 6 0 10 4 8 16 35 45 
45 7
13 47 27 20 39 24 21 
21 6
40 15 38 7 48 45 
27 10
20 28 49 46 22 23 2 45 18 5 
47 7
31 29 40 45 41 11 12 
30 7
0 25 18 16 44 46 34 
34 8
49 4 12 46 30 23 29 15 
44 5
25 36 30 23 33 
33 7
7 13 15 2 22 1 44 
23 5
49 27 34 18 44 
14 7
8 9 13 7 42 37 0 
15 10
6 42 21 19 49 4 8 46 33 34 
29 7
2 12 47 48 46 34 40 
10 5
4 11 35 2 20 
0 8
30 16 37 28 4 39 20 14 
42 5
15 38 14 9 43 
7 10
1 3 49 43 9 33 24 21 20 14 
13 8
36 26 45 35 6 14 16 33 
5 7
24 1 12 6 20 39 27 
41 5
47 4 18 35 11 
2 12
35 39 40 1 18 33 28 48 27 29 10 25 
43 6
6 3 7 8 48 42 
1 6
7 5 18 2 16 33 
38 4
18 21 42 22 
22 8
27 28 32 25 38 4 46 33 
11 4
10 19 41 47 
9 6
14 7 19 35 12 42 
25 4
44 30 22 2 
