50
22 2
14 42 
42 6
40 19 5 24 15 22 
29 2
32 4 
4 4
17 16 7 29 
18 1
8 
8 8
46 43 25 38 35 5 18 28 
9 1
32 
32 3
29 41 9 
2 2
12 16 
16 4
17 11 4 2 
25 2
8 37 
37 3
0 40 25 
40 6
42 47 15 3 19 37 
13 1
38 
38 4
8 36 7 13 
19 2
42 40 
48 2
0 14 
14 4
10 22 44 48 
43 2
8 44 
44 7
35 0 10 46 43 39 14 
1 1
3 
3 4
45 40 1 0 
36 2
17 38 
17 4
4 46 16 36 
49 1
45 
45 5
24 23 20 3 49 
15 5
21 0 40 46 42 
24 4
45 41 42 47 
5 5
0 8 42 12 34 
7 2
38 4 
10 3
14 44 26 
26 2
10 6 
0 7
15 37 44 48 28 5 3 
46 7
15 35 8 44 23 17 31 
31 2
46 33 
23 2
46 45 
41 3
24 20 32 
20 2
45 41 
28 2
0 8 
21 2
15 33 
33 2
31 21 
34 1
5 
12 2
2 5 
6 1
26 
27 2
35 30 
30 2
27 39 
35 4
46 44 8 27 
47 2
40 24 
11 1
16 
39 2
44 30 
