30
4 4
12 26 3 11 
11 7
2 13 21 6 29 28 4 
13 6
7 11 28 29 8 1 
1 4
28 18 13 14 
15 4
22 19 25 16 
16 6
27 18 5 19 6 15 
29 5
18 11 13 23 8 
8 6
21 12 13 5 17 29 
24 4
7 17 12 2 
2 8
10 23 26 6 27 11 24 20 
12 8
4 8 20 26 10 28 21 24 
28 6
1 13 6 12 11 10 
18 6
29 6 16 21 1 27 
27 5
9 16 2 18 23 
21 7
8 10 11 23 12 6 18 
20 4
22 23 12 2 
23 8
20 2 21 5 27 10 29 0 
10 6
14 2 21 23 12 28 
6 8
5 18 11 21 16 28 2 26 
7 3
13 24 17 
17 5
24 22 8 7 9 
19 2
15 16 
14 5
10 1 3 22 25 
22 5
15 17 9 20 14 
9 3
22 27 17 
0 1
23 
5 5
6 3 23 16 8 
26 4
2 4 12 6 
3 3
5 4 14 
25 2
15 14 
