50
20 1
45 
45 2
42 20 
38 2
7 40 
40 2
42 38 
48 1
44 
44 4
1 35 48 28 
29 1
19 
19 3
4 24 29 
46 1
12 
12 5
1 18 22 37 46 
7 2
38 2 
2 2
33 7 
10 1
32 
32 4
33 27 10 36 
43 1
27 
27 2
32 43 
28 1
44 
41 1
23 
23 3
4 5 41 
37 1
12 
8 1
18 
18 2
12 8 
13 1
5 
5 2
23 13 
24 2
19 6 
4 5
33 31 19 26 23 
26 1
4 
36 1
32 
33 7
1 32 4 9 17 30 2 
11 1
15 
15 2
9 11 
39 1
1 
1 5
33 44 25 39 12 
9 3
33 34 15 
34 1
9 
25 2
1 14 
22 2
12 21 
21 1
22 
31 2
4 49 
49 1
31 
14 1
25 
30 1
33 
17 4
33 16 47 42 
42 4
17 45 0 40 
0 1
42 
47 1
17 
16 1
17 
6 1
24 
35 2
44 3 
3 1
35 
