50
18 12
38 28 15 20 36 30 23 37 24 19 26 2 
2 12
19 10 7 43 27 22 30 39 3 5 18 25 
24 16
31 37 7 8 16 34 20 18 48 29 27 10 9 0 22 19 
23 11
21 42 31 27 22 30 36 34 45 18 44 
20 14
25 26 35 24 21 18 3 10 19 6 28 29 40 49 
25 11
38 8 0 34 40 20 6 41 12 22 2 
26 14
33 41 20 17 28 1 9 31 36 18 32 4 40 15 
37 11
5 18 24 10 49 42 46 8 17 32 38 
38 11
25 43 21 37 18 3 44 8 45 17 14 
32 11
26 40 30 36 31 28 3 1 37 7 16 
17 15
4 30 36 19 38 10 29 35 47 26 37 34 1 9 33 
5 13
3 34 14 37 21 46 22 19 35 45 2 15 6 
6 9
20 44 36 7 27 48 29 25 5 
15 10
21 26 34 4 42 36 30 46 18 5 
22 14
46 44 48 27 25 30 23 2 49 47 29 24 19 5 
9 13
39 34 24 11 30 36 17 16 46 49 26 13 41 
41 7
12 21 8 3 25 26 9 
13 9
42 7 14 11 45 0 28 9 8 
8 14
25 24 37 21 38 33 1 47 43 34 13 40 41 10 
0 13
25 33 44 35 45 40 12 42 13 24 11 27 28 
45 12
35 4 42 5 13 29 0 23 38 28 27 31 
46 16
49 12 43 4 15 30 37 14 34 44 48 22 9 35 5 3 
48 13
31 27 10 7 46 24 6 49 43 4 42 3 22 
30 15
46 17 28 2 9 22 23 36 15 29 27 10 32 11 18 
49 11
20 42 9 48 46 16 44 22 37 21 1 
47 8
40 17 7 22 36 16 8 4 
29 12
45 20 14 39 12 24 6 30 22 17 27 7 
19 10
35 2 5 18 20 24 22 7 27 17 
28 13
13 34 39 20 4 32 18 3 30 45 26 10 0 
3 11
5 46 33 32 20 41 38 2 28 48 27 
7 13
48 31 39 13 12 47 6 32 2 19 21 24 29 
33 10
4 3 17 0 21 42 12 16 8 26 
40 12
20 44 8 32 11 25 0 43 4 47 42 26 
36 13
17 9 18 14 6 32 26 10 15 30 23 43 47 
16 12
42 9 31 21 24 33 47 49 4 43 34 32 
1 8
21 26 14 17 31 8 32 49 
43 14
21 16 46 44 31 48 35 2 42 14 40 8 38 36 
14 8
13 5 1 36 43 29 46 38 
34 15
5 15 16 8 23 24 11 35 10 46 17 28 9 39 25 
44 11
40 6 0 46 27 43 49 38 11 22 23 
42 15
33 39 0 13 40 15 10 48 43 4 49 37 45 23 16 
4 14
47 16 33 48 17 46 28 31 15 40 10 42 26 45 
27 13
48 44 6 22 30 23 19 45 2 24 29 0 3 
12 9
41 7 46 33 0 29 25 11 21 
39 8
7 9 28 34 35 2 29 42 
10 15
36 4 35 2 17 28 34 20 24 37 48 11 8 42 30 
35 12
45 19 46 5 17 31 20 39 34 0 10 43 
21 15
1 15 12 49 43 11 33 16 38 8 20 7 41 5 23 
31 12
48 7 24 16 32 1 23 4 43 26 35 45 
11 10
12 9 13 40 34 30 21 10 0 44 
