50
37 3
32 3 5 
5 6
44 13 1 31 35 37 
29 2
10 32 
32 3
37 38 29 
27 1
24 
24 3
49 39 27 
35 3
41 28 5 
42 2
20 21 
21 5
2 23 30 28 42 
49 3
39 24 13 
13 4
5 6 38 49 
46 4
36 28 41 0 
0 1
46 
41 3
35 19 46 
4 2
1 10 
10 4
25 29 11 4 
8 1
38 
38 6
19 1 9 32 13 8 
22 1
18 
18 5
6 16 33 22 23 
15 1
39 
39 4
49 1 15 24 
44 3
20 5 47 
47 4
20 11 36 44 
12 5
1 19 17 48 7 
7 2
14 12 
48 1
12 
19 3
38 12 41 
1 10
14 39 30 38 12 5 3 4 43 6 
33 2
9 18 
9 3
38 33 11 
6 3
13 18 1 
45 1
28 
28 5
46 21 40 35 45 
3 2
37 1 
30 4
2 1 21 17 
17 2
12 30 
23 3
34 21 18 
20 5
47 44 42 14 26 
26 1
20 
14 3
7 1 20 
40 1
28 
11 4
9 10 47 2 
2 4
30 21 11 25 
31 1
5 
43 2
1 34 
34 2
23 43 
36 3
47 46 16 
16 2
18 36 
25 2
10 2 
