20
4 8
12 6 9 0 10 14 13 18 
18 11
17 11 2 8 16 14 1 13 10 0 4 
8 7
17 3 18 2 11 7 0 
0 9
6 9 10 4 16 8 3 1 18 
2 4
8 18 1 3 
3 10
16 8 0 10 15 11 5 9 13 2 
14 10
15 10 19 16 6 4 18 5 13 9 
9 10
16 12 0 4 11 19 1 3 6 14 
15 7
14 17 16 6 3 1 5 
5 9
6 14 11 16 3 1 17 10 15 
13 7
7 10 16 4 14 18 3 
11 9
12 8 9 18 1 3 5 10 7 
7 6
13 10 8 17 11 12 
10 10
14 0 19 3 18 5 13 7 4 11 
17 6
15 16 8 7 18 5 
1 8
6 0 15 2 11 9 18 5 
16 11
6 17 9 14 13 12 3 18 5 15 0 
6 8
16 5 1 4 14 0 15 9 
19 4
14 10 12 9 
12 6
9 4 11 19 16 7 
