50
48 6
7 40 42 46 49 26 
26 10
32 19 38 18 10 16 49 13 27 48 
49 7
0 33 48 23 47 38 26 
46 10
41 32 6 48 28 0 29 10 4 19 
42 5
47 25 48 32 30 
13 6
33 30 9 47 26 37 
37 8
36 27 0 34 5 3 7 13 
47 16
20 25 43 49 19 22 1 16 3 42 41 7 34 13 40 11 
15 7
29 41 25 4 16 28 12 
12 7
33 22 11 5 1 27 15 
28 6
6 24 29 15 46 45 
16 12
25 38 36 10 15 5 47 20 33 26 17 9 
9 9
6 27 34 7 13 30 10 29 16 
29 9
15 5 28 9 38 34 11 46 6 
30 9
36 38 13 9 42 39 34 40 14 
31 3
18 27 10 
10 13
4 34 14 26 16 33 8 46 5 21 24 9 31 
27 8
2 26 37 9 31 12 38 34 
34 8
30 37 47 10 29 0 9 27 
38 11
16 30 14 29 21 24 4 49 27 26 19 
35 5
22 39 20 25 4 
4 9
10 15 38 45 2 35 5 46 36 
25 8
15 47 42 21 35 5 16 44 
24 5
28 44 10 38 6 
6 6
39 9 28 46 29 24 
44 4
39 24 43 25 
23 4
11 18 49 2 
2 7
27 39 40 4 23 1 18 
18 5
31 7 23 26 2 
21 5
40 38 25 10 11 
11 6
12 19 23 47 29 21 
8 6
14 7 0 10 43 3 
3 5
7 36 37 47 8 
43 6
5 1 47 32 44 8 
7 10
8 37 19 22 9 48 17 3 18 47 
19 6
26 11 7 47 46 38 
14 6
8 10 17 20 38 30 
20 5
47 36 35 14 16 
32 4
26 46 43 42 
22 7
12 35 0 7 1 47 39 
39 6
6 35 2 44 30 22 
1 7
2 12 22 0 43 47 41 
36 6
37 20 16 30 3 4 
41 5
15 45 46 47 1 
0 8
49 37 22 46 8 1 34 17 
33 6
12 10 13 17 49 16 
5 9
12 37 43 4 25 16 29 10 40 
40 6
21 48 2 47 30 5 
45 3
41 4 28 
17 5
14 16 33 7 0 
