50
48 8
32 23 22 19 16 40 5 15 
15 5
12 44 39 48 30 
5 4
8 41 17 48 
40 5
22 17 48 45 13 
16 5
38 19 48 4 21 
19 9
3 21 37 31 48 30 16 33 49 
22 3
40 48 23 
23 7
48 28 9 22 35 41 29 
37 2
19 11 
11 3
26 35 37 
29 2
43 23 
41 5
6 10 2 5 23 
35 4
34 25 23 11 
9 2
38 23 
28 2
34 23 
21 6
19 16 18 27 12 7 
7 3
38 21 34 
12 2
15 21 
27 3
46 30 21 
18 4
24 21 31 10 
46 3
27 33 24 
24 3
18 4 46 
33 4
1 19 17 46 
30 6
32 27 17 45 19 15 
25 6
38 49 39 35 17 8 
34 3
28 35 7 
32 3
48 30 39 
39 5
15 0 13 25 32 
26 4
11 2 45 3 
3 2
19 26 
45 4
30 40 1 26 
2 3
26 41 38 
49 3
1 25 19 
1 7
20 14 33 49 45 36 42 
42 3
14 17 1 
17 6
40 42 5 25 30 33 
14 4
0 42 1 43 
44 2
15 38 
38 10
16 44 36 9 7 25 4 0 6 2 
31 2
19 18 
6 2
41 38 
0 6
13 47 14 39 38 8 
4 4
24 10 16 38 
36 3
43 38 1 
8 3
5 0 25 
10 3
4 41 18 
43 4
29 36 14 47 
13 4
0 39 40 20 
20 2
1 13 
47 2
0 43 
