30
16 4
23 6 7 24 
24 10
14 27 26 13 29 0 23 16 25 6 
7 8
3 5 22 16 0 15 21 9 
6 13
4 15 29 16 23 21 24 11 27 13 12 2 19 
23 13
27 1 18 19 16 25 6 14 22 24 10 15 4 
27 10
23 24 13 18 20 14 10 29 6 2 
2 9
19 26 6 22 4 11 21 27 5 
29 12
3 17 9 27 25 0 10 8 6 19 11 24 
10 12
20 4 19 26 23 25 15 29 28 27 3 1 
14 14
24 8 18 3 4 23 27 17 28 26 12 1 0 15 
18 4
23 27 14 0 
13 6
22 27 24 21 20 6 
9 5
20 28 29 21 7 
21 9
6 28 9 17 26 2 13 7 1 
28 10
14 21 9 8 10 15 25 1 5 3 
22 5
13 7 2 23 0 
0 8
12 7 14 29 24 22 18 17 
1 8
8 23 28 14 20 25 21 10 
25 8
5 1 23 10 29 28 24 26 
20 8
12 9 27 10 15 4 13 1 
11 4
2 4 29 6 
19 7
2 17 4 23 10 29 6 
8 8
4 17 28 29 1 3 26 14 
17 6
19 29 0 14 8 21 
15 7
10 6 14 20 7 23 28 
4 9
10 6 11 19 2 8 20 14 23 
3 6
7 29 10 14 8 28 
5 4
7 25 28 2 
26 8
2 10 14 24 21 12 25 8 
12 5
0 20 14 26 6 
