50
4 5
33 34 3 12 13 
13 7
46 5 19 39 21 9 4 
12 7
48 25 38 4 15 29 26 
3 9
1 42 46 43 4 7 41 15 34 
41 5
28 27 3 1 46 
46 4
48 3 13 41 
1 9
23 3 38 25 44 41 2 21 24 
27 4
20 41 23 0 
28 6
19 11 41 0 15 8 
8 6
29 19 49 24 9 28 
15 8
12 29 3 34 14 48 28 44 
19 9
16 8 28 11 13 0 22 40 43 
43 3
3 14 19 
40 5
37 22 23 9 19 
22 5
40 25 7 32 19 
0 8
30 24 19 45 16 31 28 27 
24 6
49 0 1 8 16 31 
31 3
0 9 24 
16 9
42 6 0 20 19 35 33 44 24 
33 5
4 16 48 2 36 
36 3
30 44 33 
2 5
7 5 1 33 30 
48 7
47 6 46 33 12 15 21 
21 7
1 29 26 13 34 14 48 
32 6
25 14 39 5 22 49 
7 8
3 45 2 22 29 10 14 25 
14 12
38 26 7 9 17 47 43 49 23 32 15 21 
44 8
36 23 17 15 16 49 1 20 
34 6
26 4 21 15 38 3 
9 12
42 17 31 8 13 40 14 29 10 47 18 35 
39 5
10 30 13 6 32 
29 7
8 21 15 7 12 9 6 
6 4
39 48 16 29 
30 5
0 36 20 39 2 
11 6
19 45 5 28 17 37 
37 3
40 49 11 
17 5
9 5 44 14 11 
5 6
2 13 18 11 17 32 
18 2
5 9 
10 4
39 35 7 9 
25 8
1 45 32 20 22 23 12 7 
45 4
7 11 25 0 
26 4
34 14 21 12 
38 5
1 35 12 14 34 
20 6
23 30 27 25 16 44 
49 6
24 37 14 8 44 32 
23 9
1 35 20 40 14 25 44 42 27 
35 6
10 42 23 38 16 9 
47 3
14 48 9 
42 5
9 16 3 35 23 
