20
8 9
12 16 5 6 0 19 7 9 17 
17 5
10 9 3 1 8 
7 7
4 2 18 11 10 15 8 
19 9
1 6 14 8 11 10 0 12 9 
4 9
7 5 12 2 6 11 10 15 0 
0 11
14 12 11 13 15 10 8 16 2 19 4 
11 8
6 18 14 0 7 4 19 16 
6 9
13 11 19 8 16 14 4 15 3 
10 9
4 17 7 16 0 15 5 1 19 
1 7
19 16 18 15 10 17 12 
5 7
4 2 10 8 16 14 13 
15 9
4 3 1 2 0 10 7 12 6 
2 7
7 4 18 5 0 15 16 
16 10
14 8 6 1 18 5 2 10 0 11 
13 7
6 9 0 12 18 3 5 
14 8
16 0 11 19 12 6 18 5 
18 8
2 11 1 14 16 13 7 9 
9 6
12 13 8 17 19 18 
12 10
9 4 8 14 13 3 1 19 0 15 
3 5
12 15 13 17 6 
