50
33 8
6 16 26 39 20 14 1 4 
4 6
35 20 28 32 33 43 
1 3
26 33 17 
14 8
27 42 30 33 11 37 29 2 
26 10
36 5 1 41 39 47 33 15 12 48 
16 9
30 33 49 47 10 12 6 2 11 
29 6
3 27 28 9 14 12 
12 14
49 26 29 0 20 25 30 36 27 7 16 18 48 11 
9 5
39 18 22 23 29 
28 6
29 7 47 4 19 2 
13 6
41 24 49 47 30 36 
36 9
26 38 18 44 12 0 10 32 13 
47 9
22 30 32 28 48 2 26 13 16 
24 7
34 13 35 2 5 42 11 
41 4
13 26 3 48 
48 6
47 42 12 22 26 41 
3 6
29 21 37 11 34 41 
2 7
24 47 7 44 16 14 28 
19 6
10 28 38 5 11 20 
7 11
12 42 2 32 6 40 20 34 28 31 49 
20 12
40 30 33 44 17 31 37 4 25 7 12 19 
11 14
10 23 22 44 12 19 35 14 37 24 16 3 8 38 
5 5
0 26 19 24 49 
38 5
36 49 19 35 11 
10 7
42 6 19 16 21 11 36 
15 6
34 39 0 26 44 6 
6 10
45 34 42 7 43 33 16 44 10 15 
44 8
2 20 23 36 15 11 27 6 
0 5
5 15 36 43 12 
39 7
33 26 15 22 9 27 34 
34 7
24 6 32 15 7 3 39 
49 10
12 30 38 25 16 46 37 13 7 5 
43 8
30 21 46 6 17 0 4 45 
32 8
34 47 4 7 45 18 36 25 
27 5
29 14 39 12 44 
23 4
18 44 9 11 
18 5
9 23 36 32 12 
25 7
20 49 32 22 12 31 17 
30 11
13 20 14 40 12 37 43 47 49 16 46 
37 8
46 3 20 14 30 21 11 49 
31 4
20 7 25 46 
17 5
20 43 25 21 1 
42 7
10 6 46 48 14 24 7 
21 6
3 43 37 10 17 8 
46 6
37 42 43 49 31 30 
40 5
20 7 22 30 8 
22 7
47 48 9 40 39 25 11 
45 4
35 6 32 43 
35 5
4 45 24 11 38 
8 3
11 21 40 
