100
54 4
55 18 28 25 
25 6
44 84 37 55 72 54 
28 14
6 26 58 87 65 22 68 53 5 31 93 83 74 54 
18 10
54 67 78 21 24 23 1 3 63 49 
55 3
54 25 67 
24 6
58 93 18 46 40 89 
89 5
63 34 14 65 24 
40 5
77 38 24 26 10 
46 6
98 3 66 1 24 7 
93 4
86 75 28 24 
58 6
24 14 33 1 28 91 
34 3
89 97 9 
9 5
67 74 84 34 66 
97 9
4 47 83 33 74 34 63 79 57 
4 4
97 35 81 92 
92 6
52 98 83 62 35 4 
81 6
50 35 14 68 4 0 
35 11
13 75 4 81 69 68 38 50 92 15 70 
2 5
48 33 52 32 64 
64 3
11 36 2 
32 7
62 0 67 2 82 60 78 
52 7
92 14 2 45 78 37 94 
33 5
26 97 2 58 8 
48 4
2 45 20 95 
39 5
7 65 88 50 82 
82 9
71 77 22 7 61 49 32 39 87 
50 6
74 81 35 69 1 39 
88 3
78 21 39 
65 12
86 28 68 66 63 61 73 94 39 60 89 23 
7 7
39 99 82 12 17 46 13 
17 5
30 75 7 60 37 
37 7
71 59 52 85 17 25 61 
60 9
22 65 17 21 11 42 32 38 80 
75 12
96 8 17 31 47 35 93 77 98 90 21 6 
30 4
17 91 42 71 
5 6
28 23 11 1 86 56 
56 3
91 38 5 
86 6
93 65 57 63 20 5 
1 8
27 18 5 46 15 78 58 50 
11 8
64 91 36 14 60 59 5 76 
23 8
44 59 61 5 18 91 80 65 
0 5
32 10 38 90 81 
90 3
19 75 0 
38 9
21 35 26 56 0 14 40 60 12 
10 4
26 91 0 40 
72 3
36 71 25 
84 6
71 94 99 25 98 9 
44 8
51 23 95 25 62 78 59 98 
94 5
84 77 65 57 52 
57 4
86 36 94 97 
77 5
40 94 82 75 76 
26 8
33 8 28 38 80 15 10 40 
76 6
41 13 11 95 77 51 
15 3
26 35 1 
41 4
76 8 99 21 
21 9
38 49 87 41 71 75 60 18 88 
99 6
69 41 7 84 20 3 
8 8
26 63 70 29 75 62 33 41 
78 9
88 52 85 18 1 80 32 67 44 
27 3
1 61 67 
51 6
44 76 66 3 53 19 
95 5
83 31 48 44 76 
13 6
43 35 87 29 76 7 
36 8
72 31 16 57 11 80 64 83 
79 4
87 63 80 97 
63 9
89 65 79 42 86 8 96 18 97 
74 4
50 97 9 28 
83 9
80 95 36 28 45 97 67 92 20 
47 4
12 71 75 97 
80 7
83 26 23 36 78 79 60 
42 7
61 29 63 91 60 96 30 
22 4
60 14 82 28 
67 7
9 27 18 83 32 55 78 
85 4
78 59 37 16 
98 6
92 75 68 46 44 84 
59 7
23 29 11 37 85 44 53 
62 4
32 44 8 92 
61 6
42 82 23 65 27 37 
91 8
49 58 56 10 11 42 23 30 
16 4
66 36 29 85 
29 5
42 13 59 16 8 
66 5
46 16 65 51 9 
19 5
45 90 14 68 51 
14 10
58 43 19 81 89 11 38 52 22 20 
31 4
28 75 36 95 
45 6
83 68 19 6 52 48 
6 4
20 28 75 45 
68 9
28 65 73 35 19 81 45 20 98 
20 8
70 6 99 48 68 83 86 14 
71 7
82 37 21 84 47 72 30 
87 8
28 13 49 43 21 79 12 82 
49 6
12 21 91 87 82 18 
3 4
46 51 18 99 
69 3
99 50 35 
53 3
28 51 59 
43 3
13 87 14 
70 3
20 8 35 
12 6
47 49 87 7 38 73 
96 3
75 63 42 
73 3
68 65 12 
