50
18 11
38 48 42 16 36 23 21 37 26 35 1 
1 19
4 35 6 33 46 28 22 9 11 18 48 42 36 49 25 38 37 14 26 
35 9
0 13 48 11 33 1 18 47 4 
26 8
10 5 18 1 20 14 34 49 
37 14
28 1 3 39 47 4 21 18 48 40 13 41 36 33 
21 16
12 15 45 19 33 46 5 18 24 25 38 37 14 39 27 22 
46 8
40 15 13 49 21 32 5 1 
32 9
3 30 20 14 44 46 15 9 27 
39 16
2 6 30 48 31 41 10 0 14 37 21 24 43 40 13 12 
40 15
15 16 5 23 37 27 9 44 33 17 46 34 39 38 49 
47 13
38 30 34 16 44 28 17 9 35 19 24 37 0 
16 12
12 44 8 18 40 34 47 43 23 36 48 27 
27 11
42 11 21 13 15 10 14 40 6 32 16 
36 11
22 37 12 38 0 15 18 1 13 16 34 
43 10
39 5 16 6 13 9 17 23 42 12 
0 12
25 35 36 41 10 15 42 49 4 47 39 34 
19 11
44 10 41 42 25 49 47 34 14 17 21 
9 12
15 48 25 32 40 34 33 41 7 1 43 47 
17 10
12 40 47 4 43 33 44 24 45 19 
5 11
8 46 41 31 48 26 43 21 29 40 25 
25 13
7 0 38 8 9 31 2 19 23 21 3 1 5 
29 11
31 12 11 6 10 5 44 8 4 41 45 
7 12
38 25 2 8 44 12 48 9 11 4 20 14 
33 12
4 40 35 3 1 23 37 21 17 31 9 10 
34 13
11 44 16 40 47 4 41 19 26 9 0 10 36 
14 14
4 1 7 2 26 19 6 27 39 38 20 21 32 30 
10 12
49 26 19 27 0 29 30 23 39 34 44 33 
13 14
20 12 45 35 2 27 4 43 36 22 37 28 46 39 
4 17
37 14 33 31 35 42 48 34 17 7 23 13 29 15 3 0 1 
38 14
18 1 22 36 14 40 21 42 2 49 47 30 25 7 
22 9
36 13 11 21 20 48 38 1 3 
8 9
5 45 23 25 16 41 7 29 15 
15 13
40 21 9 27 48 36 12 42 4 32 0 46 8 
41 11
23 5 19 37 24 9 8 39 34 0 29 
23 15
8 12 40 43 4 33 16 41 42 10 30 25 45 18 28 
11 12
44 34 27 28 45 35 29 22 30 7 1 3 
12 14
21 31 48 30 23 43 36 17 7 16 13 29 15 39 
44 14
7 17 32 29 40 34 47 2 19 45 10 3 16 11 
2 11
30 6 44 45 38 25 13 7 24 39 14 
24 9
39 41 47 28 17 31 21 45 2 
49 10
28 38 20 40 46 10 0 19 26 1 
20 11
3 26 48 49 13 7 22 30 32 42 14 
30 12
2 38 47 3 10 32 23 14 20 39 12 11 
3 12
20 4 28 48 25 32 33 44 37 11 30 22 
45 12
8 44 24 11 21 6 2 17 28 23 13 29 
28 11
42 49 47 23 37 11 24 45 13 3 1 
42 12
27 28 38 19 20 18 1 15 0 23 43 4 
6 9
1 2 45 43 29 39 14 27 48 
48 16
18 7 6 39 20 4 5 12 9 1 22 37 15 35 3 16 
31 8
29 4 5 39 25 33 12 24 
