30
4 5
24 1 19 28 27 
27 7
22 7 13 10 4 2 9 
19 9
2 22 13 7 4 14 18 5 16 
1 10
3 4 9 25 24 21 22 29 15 26 
24 5
26 4 1 0 15 
25 7
8 11 26 7 13 1 23 
23 8
0 11 5 12 28 20 6 25 
13 13
9 17 27 22 25 12 5 18 3 20 2 19 11 
7 5
27 28 25 19 15 
26 10
24 2 10 22 25 16 8 20 5 1 
11 13
20 14 9 15 29 25 12 21 8 3 13 23 22 
2 6
13 26 19 14 9 27 
9 10
13 8 11 1 18 17 27 10 29 2 
14 4
11 2 19 10 
18 6
6 13 9 5 29 19 
29 6
16 11 9 15 1 18 
5 7
23 0 21 13 18 26 19 
6 5
3 18 15 0 23 
22 8
27 28 13 19 26 3 1 11 
3 6
6 1 22 13 11 12 
8 8
25 28 9 17 15 26 20 11 
21 5
5 1 11 0 10 
12 6
28 10 13 23 11 3 
15 8
6 11 24 1 8 20 29 7 
20 6
11 13 15 26 23 8 
10 6
12 26 9 27 21 14 
17 3
13 9 8 
28 7
4 12 16 8 22 23 7 
16 5
28 29 0 26 19 
0 6
23 5 24 21 16 6 
