50
43 13
31 32 6 25 2 35 13 1 5 47 20 39 10 
10 14
3 43 4 44 20 29 40 39 48 41 27 9 32 30 
39 12
7 14 10 46 16 26 30 43 12 3 5 28 
47 10
44 35 43 0 34 20 31 17 5 1 
5 14
1 43 47 39 19 49 2 15 8 16 25 23 26 37 
1 8
46 40 32 49 43 47 25 5 
18 5
13 14 25 48 24 
24 7
15 35 19 42 17 31 18 
48 13
27 7 33 45 11 21 37 23 22 10 29 15 18 
25 12
27 43 26 11 7 8 34 23 5 18 1 38 
14 10
39 15 27 45 42 12 18 38 11 49 
29 9
22 36 10 0 15 40 34 19 48 
19 9
41 23 24 8 5 15 29 9 17 
34 17
16 45 41 49 46 7 28 38 30 25 23 9 22 0 29 47 35 
20 11
44 32 42 11 40 13 10 0 27 43 47 
27 10
25 6 8 10 14 20 26 35 48 28 
0 10
29 13 37 36 47 26 34 20 42 12 
13 9
18 0 43 20 22 23 28 17 7 
46 7
1 3 9 39 34 41 35 
35 11
6 24 43 4 47 42 34 28 31 27 46 
41 10
3 19 17 33 8 46 44 10 34 6 
17 8
41 13 24 37 4 47 49 19 
16 11
9 49 4 5 8 30 23 22 34 39 2 
2 8
43 32 5 23 30 45 31 16 
22 11
29 7 13 37 40 34 48 28 31 36 16 
8 9
32 27 37 19 16 25 5 41 49 
49 11
5 1 34 14 31 17 12 38 16 44 8 
38 7
42 14 34 31 49 33 25 
33 9
41 26 11 21 9 48 28 38 4 
31 15
43 42 22 38 24 37 7 3 49 2 45 47 35 30 32 
7 8
39 34 22 36 25 48 31 13 
28 14
35 27 13 39 34 12 11 33 44 9 22 36 30 45 
23 11
16 15 5 19 2 13 30 36 34 48 25 
26 11
27 45 25 39 36 33 44 0 37 42 5 
15 9
23 21 24 29 14 19 45 5 48 
45 10
4 15 31 28 48 34 14 26 2 32 
11 9
6 33 25 28 48 20 14 40 12 
30 12
10 4 3 23 31 28 34 39 2 37 16 44 
37 10
0 5 3 8 31 17 48 22 30 26 
21 4
15 33 48 4 
9 8
19 10 16 46 33 34 40 28 
40 9
1 20 22 12 29 10 9 6 11 
36 8
29 0 7 6 26 22 23 28 
6 10
27 35 11 43 12 42 3 36 40 41 
44 9
20 28 47 49 32 26 10 41 30 
12 9
28 14 40 39 0 49 11 6 32 
3 9
41 39 46 42 37 6 30 31 10 
4 9
17 45 35 30 32 10 16 33 21 
32 11
20 31 8 44 43 4 1 10 12 2 45 
42 10
20 14 0 3 6 38 24 35 26 31 
