30
11 4
21 4 2 26 
26 5
6 13 14 9 11 
4 6
10 1 11 19 14 16 
9 7
10 7 16 18 5 26 25 
14 9
5 28 25 6 24 21 26 4 15 
13 10
6 15 21 3 28 27 2 26 22 7 
6 8
17 13 26 5 3 1 14 22 
15 4
13 17 27 14 
21 8
28 11 8 19 14 13 7 23 
25 5
12 24 14 5 9 
7 6
10 9 28 21 13 2 
22 6
16 0 13 27 6 18 
27 6
18 15 19 22 20 13 
28 7
17 14 21 19 7 13 16 
3 3
24 13 6 
17 5
6 28 2 15 1 
29 3
16 19 20 
20 4
2 27 12 29 
19 9
16 29 10 4 23 21 28 27 5 
18 4
27 9 22 24 
0 4
10 12 22 23 
16 9
1 29 10 19 22 4 8 9 28 
5 8
6 14 25 9 23 1 12 19 
1 6
23 16 4 6 5 17 
23 7
10 0 1 5 2 19 21 
12 4
25 0 5 20 
2 7
23 8 11 17 20 13 7 
10 8
0 9 24 7 4 16 23 19 
8 3
2 21 16 
24 5
14 10 25 3 18 
