30
27 9
29 20 16 25 22 3 19 24 21 
21 9
7 15 29 5 18 20 26 24 27 
15 5
26 21 3 18 6 
6 14
7 15 19 12 20 14 24 11 18 16 3 23 0 9 
29 10
20 12 1 21 27 28 7 2 19 10 
10 2
12 29 
19 7
16 2 27 13 11 6 29 
13 10
28 14 0 4 11 2 19 1 16 12 
12 14
14 2 18 5 7 6 8 3 16 9 0 13 29 10 
16 11
19 12 27 22 1 20 14 6 7 13 25 
1 8
29 3 2 16 13 20 22 23 
11 10
28 4 13 0 6 20 14 18 3 19 
20 12
29 16 2 6 7 3 5 1 27 9 11 21 
9 7
8 6 26 17 4 12 20 
23 4
6 1 14 8 
8 5
9 12 5 22 23 
14 8
12 13 5 6 11 4 16 23 
24 7
7 0 28 27 6 3 21 
26 6
15 9 7 21 18 3 
18 8
6 0 15 11 21 26 12 4 
4 6
13 11 9 14 3 18 
2 7
19 22 20 13 1 29 12 
7 11
6 24 21 26 16 17 20 29 12 22 5 
25 4
0 5 27 16 
0 8
13 25 12 24 11 18 5 6 
3 11
20 6 15 12 4 27 5 1 24 11 26 
22 7
2 8 16 27 28 1 7 
28 7
13 11 24 22 29 5 17 
17 3
7 9 28 
5 10
3 25 21 12 8 0 14 20 7 28 
