50
7 9
22 6 10 34 20 47 35 26 27 
27 11
47 4 9 7 33 8 42 26 45 39 14 
26 13
24 1 2 47 49 4 43 30 22 38 27 13 7 
35 11
32 20 22 7 43 48 9 31 16 37 21 
10 7
29 49 7 2 31 48 37 
37 13
35 46 18 3 1 14 12 4 47 13 22 36 10 
48 13
36 41 46 8 49 19 35 28 18 15 10 11 24 
2 12
1 42 45 26 9 20 10 0 32 30 23 13 
38 5
6 30 26 42 34 
34 8
32 0 29 17 23 7 13 38 
42 9
36 47 39 2 0 28 27 3 38 
30 7
28 40 26 2 8 38 25 
6 13
8 5 9 32 25 38 0 39 20 7 41 11 24 
11 10
6 32 47 8 12 18 1 48 25 20 
20 12
4 7 9 3 35 2 16 6 12 0 15 11 
25 11
43 44 8 19 6 11 24 13 18 5 30 
1 13
41 26 2 24 37 11 15 0 28 9 12 47 4 
12 10
32 11 37 16 46 33 1 39 20 23 
39 9
6 16 42 12 5 18 31 9 27 
9 13
29 6 32 2 35 27 16 44 20 39 1 4 49 
18 11
25 5 24 37 11 21 31 28 48 15 39 
5 10
6 23 33 14 39 3 18 19 25 0 
49 8
41 44 10 29 48 9 4 26 
44 7
25 13 49 14 40 31 9 
16 13
23 12 28 9 47 45 19 35 0 40 39 20 41 
32 11
11 34 12 6 28 9 0 15 35 2 13 
24 11
26 36 43 40 18 1 0 25 31 48 6 
0 16
34 23 20 24 31 17 32 6 2 4 5 1 16 3 14 42 
22 7
7 37 46 33 45 35 26 
33 10
21 13 29 3 5 4 27 28 22 12 
46 6
21 37 22 36 48 12 
36 8
42 48 14 41 13 24 37 46 
31 8
24 18 39 41 10 0 44 35 
41 13
1 14 13 49 47 36 8 16 17 31 28 48 6 
28 11
32 30 42 41 48 43 16 33 18 1 14 
4 12
33 9 27 13 20 40 49 0 19 26 1 37 
47 15
1 21 11 19 45 37 26 42 27 41 17 7 15 16 3 
17 7
21 41 0 15 34 40 47 
21 6
46 33 17 18 47 35 
19 7
25 14 16 48 4 47 5 
45 7
2 23 22 16 47 14 27 
13 14
41 2 26 37 34 25 32 4 36 43 40 29 44 33 
40 8
30 24 16 44 4 17 13 29 
15 11
43 47 8 1 18 48 17 29 14 20 32 
29 8
13 9 33 49 10 15 34 40 
23 8
0 16 5 34 14 45 2 12 
14 14
3 5 28 41 27 37 45 19 0 15 23 43 36 44 
3 8
33 47 5 0 37 20 14 42 
43 8
25 15 24 13 35 26 14 28 
8 8
6 25 15 11 41 27 48 30 
