30
13 6
10 5 18 14 21 11 
11 7
12 29 10 9 21 4 13 
14 10
21 25 26 10 29 15 0 13 27 28 
18 8
12 4 19 2 10 15 29 13 
5 7
2 6 17 13 23 22 3 
19 7
18 3 1 21 24 17 10 
10 9
3 18 22 14 13 11 21 26 19 
17 2
5 19 
24 7
15 27 9 12 26 19 4 
1 6
20 28 23 3 19 15 
3 12
4 12 22 2 19 7 10 0 29 1 5 8 
6 5
8 5 23 26 20 
20 9
1 7 25 23 29 15 26 2 6 
26 10
12 6 27 28 24 29 10 20 14 22 
8 6
9 23 6 0 3 25 
29 9
11 7 26 22 20 14 18 3 16 
0 4
8 3 23 14 
7 8
22 12 9 20 29 3 16 21 
2 5
15 5 3 18 20 
16 5
12 29 7 9 27 
27 4
14 24 26 16 
9 7
7 24 11 22 23 8 16 
12 9
26 7 18 3 11 24 16 23 22 
4 6
25 3 18 11 24 23 
21 6
14 19 10 11 13 7 
22 9
7 28 9 10 29 3 5 12 26 
23 10
8 6 20 1 5 4 12 0 15 9 
28 4
22 1 26 14 
15 8
24 25 2 23 20 14 18 1 
25 5
4 15 20 14 8 
