50
35 4
3 38 24 45 
45 2
32 35 
24 5
42 5 2 35 13 
38 4
44 35 19 49 
27 3
12 39 14 
14 9
7 40 29 11 33 36 30 42 27 
12 9
4 20 30 36 27 48 7 16 11 
20 8
12 13 7 25 4 37 31 17 
17 3
37 43 20 
31 3
8 7 20 
37 5
17 21 30 20 3 
4 4
12 48 28 20 
25 4
22 33 49 20 
7 10
31 28 14 34 20 40 6 32 2 12 
48 8
33 34 39 22 12 42 4 47 
47 9
21 13 26 2 48 28 32 30 22 
42 6
24 14 48 8 46 6 
22 6
25 39 40 9 48 47 
9 4
2 23 22 18 
18 4
26 32 36 9 
23 3
9 33 44 
36 6
14 10 0 12 44 18 
32 5
18 45 7 47 34 
8 4
42 31 40 11 
11 4
5 14 12 8 
40 4
14 8 22 7 
43 5
0 17 6 46 21 
21 4
10 37 47 43 
46 3
49 43 42 
6 4
16 43 7 42 
0 4
43 36 15 5 
5 4
11 24 19 0 
15 6
49 44 26 0 39 34 
44 5
38 15 30 36 23 
10 4
36 21 16 19 
3 4
35 41 34 37 
30 6
44 49 47 37 12 14 
49 6
15 46 16 25 38 30 
19 4
5 38 28 10 
28 5
19 4 47 7 29 
2 5
9 16 7 47 24 
16 7
2 6 12 29 10 49 33 
13 3
20 47 24 
29 4
16 39 14 28 
34 6
26 48 3 7 15 32 
39 6
27 48 22 29 15 26 
26 8
15 33 47 34 39 41 18 1 
33 7
48 23 25 1 14 26 16 
1 2
33 26 
41 2
3 26 
