50
42 4
15 23 35 41 
41 7
46 1 3 5 27 28 42 
35 6
9 16 38 23 36 42 
23 8
6 27 42 44 25 14 35 37 
49 8
48 32 46 44 20 14 34 37 
37 9
25 11 49 7 20 2 28 23 46 
34 6
27 3 38 15 2 49 
14 11
21 15 32 23 49 43 47 17 9 7 44 
44 13
20 40 14 1 49 16 15 0 17 23 36 7 24 
32 8
10 49 22 36 5 39 14 25 
20 11
18 44 16 25 37 49 47 48 27 36 19 
19 7
43 40 20 39 22 0 12 
36 11
47 27 11 21 33 44 20 6 32 30 35 
27 8
0 29 36 23 41 34 20 4 
47 8
36 9 17 14 20 3 21 16 
25 11
37 7 12 23 20 6 32 45 1 3 33 
16 9
18 9 24 44 35 20 0 6 47 
38 7
21 34 12 35 3 18 9 
9 12
35 18 47 10 29 14 40 13 16 8 31 38 
18 5
16 20 9 5 38 
3 8
34 15 41 4 47 46 38 25 
12 8
26 19 0 29 4 38 25 48 
5 7
46 32 17 11 18 22 41 
22 5
19 2 32 7 5 
11 5
36 37 17 5 8 
17 5
11 14 44 5 47 
46 6
49 4 41 5 3 37 
28 5
8 15 41 37 43 
2 8
30 22 8 33 1 7 37 34 
7 10
25 14 10 29 22 26 2 44 8 37 
29 6
6 9 27 12 13 7 
6 5
25 29 16 23 36 
8 7
2 28 9 31 7 10 11 
39 4
32 13 30 19 
30 3
2 39 36 
13 6
29 4 43 9 21 39 
31 4
15 24 9 8 
40 6
10 19 26 9 48 44 
10 6
40 15 32 9 7 8 
0 7
12 27 16 44 45 19 24 
43 4
19 14 28 13 
15 11
42 10 44 31 28 48 14 34 3 1 45 
45 3
0 15 25 
1 7
24 21 2 41 44 25 15 
48 8
49 4 21 15 12 33 20 40 
21 8
38 36 48 14 13 26 47 1 
4 6
46 13 12 3 48 27 
26 4
7 12 21 40 
24 5
31 16 44 1 0 
33 4
36 2 48 25 
