50
8 7
29 14 11 37 13 45 38 
38 10
47 10 37 11 24 41 13 3 8 48 
45 7
2 24 8 22 15 0 43 
5 4
22 31 11 32 
32 7
17 35 2 46 29 0 5 
11 12
39 8 46 17 27 6 5 25 38 36 35 42 
42 5
34 14 21 11 44 
35 4
32 40 25 11 
36 8
9 40 14 25 11 47 23 29 
6 6
17 31 20 11 22 49 
39 4
11 24 15 46 
46 9
13 11 49 3 32 34 39 16 28 
15 9
19 45 2 20 40 39 0 33 21 
33 5
9 15 19 13 7 
7 6
3 47 43 40 22 33 
13 11
2 47 4 20 34 38 22 46 8 33 0 
19 8
23 15 20 2 37 1 33 47 
48 3
9 17 38 
3 7
7 46 18 26 22 38 34 
24 11
14 39 18 2 45 44 16 17 28 27 38 
10 4
25 38 20 30 
21 7
42 9 47 25 37 29 15 
0 5
15 4 32 45 13 
22 12
23 12 45 29 41 7 13 25 5 3 6 20 
34 8
42 47 13 3 2 46 9 17 
47 7
34 38 21 13 7 36 19 
1 6
40 14 23 26 19 2 
2 11
24 13 32 45 19 29 15 14 34 40 1 
26 8
49 25 44 30 3 1 20 9 
23 6
19 25 9 1 22 36 
14 10
8 24 17 28 42 12 2 1 30 36 
29 9
12 8 2 21 49 32 22 36 27 
25 11
26 35 10 23 30 22 36 11 37 21 4 
40 9
15 1 37 43 31 36 7 35 2 
27 4
11 24 49 29 
49 8
26 12 46 16 37 27 29 6 
37 8
17 40 8 19 38 25 49 21 
17 9
12 6 32 48 11 37 24 14 34 
12 5
17 29 49 22 14 
20 8
9 13 6 22 15 10 19 26 
44 6
24 41 9 43 26 42 
16 6
49 43 24 46 18 41 
41 4
38 22 44 16 
18 5
30 24 4 3 16 
43 5
40 44 16 45 7 
30 5
14 18 25 26 10 
9 9
48 33 44 20 34 21 36 23 26 
28 3
14 24 46 
4 5
13 18 25 0 31 
31 4
5 6 40 4 
