50
24 5
0 5 37 8 44 
44 7
13 33 45 29 9 17 24 
31 4
23 19 6 20 
20 5
49 3 28 48 31 
38 6
48 6 16 42 18 43 
43 4
13 21 19 38 
22 3
9 30 36 
36 4
6 3 46 22 
19 6
31 5 13 40 2 43 
9 7
8 44 6 21 22 0 15 
15 7
10 11 6 2 45 26 9 
34 5
48 35 11 14 39 
39 4
33 18 17 34 
14 4
29 34 21 49 
49 6
30 37 1 3 20 14 
26 3
25 47 15 
32 1
37 
37 6
41 24 49 47 35 32 
33 5
47 39 44 16 12 
12 4
35 42 16 33 
48 6
38 28 30 13 34 20 
13 8
44 46 2 19 25 43 48 40 
40 3
25 19 13 
30 5
46 22 6 48 49 
17 2
44 39 
11 4
15 34 42 21 
21 7
28 9 14 4 43 45 11 
42 6
23 38 4 12 46 11 
18 5
39 16 10 38 25 
25 6
40 28 13 26 2 18 
10 4
15 29 41 18 
16 6
4 38 12 33 23 18 
45 6
21 41 44 6 4 15 
29 6
14 2 0 10 23 44 
5 6
24 47 8 41 19 2 
2 10
27 7 13 29 15 25 3 5 19 8 
41 5
37 10 45 5 28 
28 5
21 25 48 20 41 
7 2
2 3 
3 5
20 2 36 49 7 
4 5
21 16 0 45 42 
47 5
33 46 5 26 37 
23 5
31 42 29 6 16 
8 4
9 5 24 2 
46 6
47 13 42 30 36 27 
1 1
49 
6 9
38 9 31 45 36 30 23 15 0 
0 5
9 24 29 4 6 
27 3
35 2 46 
35 4
27 12 34 37 
