50
5 1
44 
44 4
37 49 8 5 
31 1
26 
26 4
39 30 25 31 
43 2
35 39 
39 4
26 7 30 43 
13 1
25 
25 3
28 26 13 
9 4
40 36 2 4 
4 4
40 34 9 16 
2 5
6 41 9 12 0 
0 2
15 2 
29 3
11 17 40 
40 7
9 42 15 29 36 4 47 
49 2
44 47 
47 5
24 21 35 40 49 
42 2
40 23 
23 2
3 42 
16 1
4 
20 1
24 
24 6
47 46 37 1 14 20 
21 2
47 7 
7 4
8 39 37 21 
3 4
28 27 10 23 
19 1
18 
18 5
1 28 30 19 6 
46 3
27 17 24 
17 2
29 46 
27 4
28 46 8 3 
28 7
34 25 10 15 3 18 27 
15 5
40 28 48 41 0 
41 3
32 2 15 
35 3
43 47 11 
11 4
29 34 38 35 
8 5
7 6 27 44 45 
37 3
44 24 7 
10 2
28 3 
6 3
8 2 18 
30 3
18 26 39 
48 1
15 
38 4
36 22 11 33 
45 1
8 
36 3
9 40 38 
14 1
24 
1 3
18 24 12 
33 2
38 32 
22 1
38 
32 2
41 33 
34 3
11 28 4 
12 2
2 1 
