30
24 3
2 12 29 
29 11
13 9 25 15 0 10 8 6 19 11 24 
26 4
20 19 21 12 
12 6
15 5 9 24 19 26 
21 8
11 18 27 9 17 26 2 13 
14 7
11 8 23 4 3 1 18 
18 7
16 9 10 1 21 11 14 
1 4
13 18 8 14 
4 4
0 19 23 14 
23 5
4 6 20 14 22 
22 3
27 25 23 
6 5
11 29 8 16 23 
13 6
29 1 2 11 21 20 
2 5
3 13 19 24 21 
17 4
28 0 19 21 
9 4
18 12 29 21 
20 4
23 26 3 13 
19 6
26 2 17 4 12 29 
16 4
18 27 6 7 
7 4
5 11 16 15 
3 5
2 14 20 15 8 
8 7
6 11 14 0 29 1 3 
27 5
22 16 21 28 10 
10 3
18 29 27 
11 8
6 21 14 13 7 8 18 29 
0 4
4 17 8 29 
25 3
22 29 28 
15 4
12 3 29 7 
28 4
17 27 25 5 
5 3
12 7 28 
