50
31 6
14 0 7 26 2 27 
27 11
34 11 26 19 35 7 41 42 4 16 31 
2 9
21 22 15 42 12 31 34 20 39 
7 12
1 39 40 47 49 42 27 31 15 10 8 37 
0 16
28 37 15 16 8 38 32 49 39 31 19 41 42 5 20 21 
14 10
35 38 4 31 18 13 41 16 33 12 
1 10
32 13 7 4 8 12 11 24 5 40 
40 10
32 38 33 16 30 36 7 42 10 1 
5 15
36 49 32 29 46 8 0 1 16 3 48 18 10 42 41 
24 9
30 12 1 18 32 45 25 38 46 
36 9
5 40 21 46 45 15 47 43 25 
25 6
35 37 24 16 36 38 
43 8
48 37 26 18 12 42 22 36 
15 10
7 32 23 36 0 10 2 18 16 46 
45 11
18 29 10 38 42 24 37 36 17 28 35 
46 11
36 12 8 18 5 39 34 15 37 24 19 
48 6
43 12 38 41 33 5 
33 9
41 18 40 14 28 48 22 10 29 
41 21
29 33 12 47 21 23 26 14 39 49 22 0 44 8 5 42 27 18 48 17 28 
42 17
0 34 40 18 5 44 32 41 27 17 7 2 45 26 37 43 23 
18 19
45 33 6 44 43 5 9 22 32 30 24 21 15 14 39 46 28 41 42 
29 11
41 9 11 35 45 32 5 16 33 39 20 
22 8
41 2 43 3 18 33 8 9 
28 9
0 10 17 41 33 8 3 18 45 
9 9
35 26 47 18 29 16 17 6 22 
8 11
34 32 1 5 28 41 7 46 44 22 0 
3 10
16 19 13 28 22 5 4 49 20 12 
38 8
48 45 24 0 40 14 34 25 
34 10
27 2 35 42 6 37 38 8 16 46 
4 5
3 1 14 27 35 
35 11
29 25 9 27 13 14 34 20 45 49 4 
20 7
44 13 0 29 3 2 35 
32 13
40 8 30 42 37 24 15 0 29 10 1 18 5 
37 11
0 43 23 25 46 34 32 42 26 45 7 
26 8
27 31 9 43 37 42 13 41 
10 11
28 33 5 19 45 15 47 32 7 40 11 
39 14
6 21 18 29 13 41 17 7 46 16 0 2 49 30 
6 5
18 34 39 9 47 
21 7
0 2 41 36 44 18 39 
17 7
45 41 47 28 9 39 42 
13 9
1 3 26 35 44 20 14 39 30 
16 13
0 29 15 19 3 5 9 27 25 34 14 40 39 
11 6
27 1 29 10 47 19 
19 8
23 3 27 16 46 0 10 11 
47 11
49 9 17 36 30 41 7 44 10 11 6 
44 9
20 30 21 13 41 42 47 8 18 
30 9
24 44 39 40 12 32 47 18 13 
49 9
47 35 23 39 0 3 5 7 41 
23 6
19 37 49 15 42 41 
12 10
48 43 24 41 30 46 14 2 1 3 
