30
4 4
24 1 19 27 
27 6
7 13 10 4 2 9 
19 8
22 13 7 4 14 18 5 16 
1 8
4 9 25 24 21 22 15 26 
24 4
4 1 0 15 
25 6
11 26 7 13 1 23 
23 6
5 12 28 20 6 25 
13 11
17 27 22 25 12 5 18 3 20 19 11 
7 5
27 28 25 19 15 
26 6
10 22 25 8 20 1 
11 12
20 14 9 15 29 25 12 21 8 3 13 22 
2 3
14 9 27 
9 9
8 11 1 18 17 27 10 29 2 
14 4
11 2 19 10 
18 6
6 13 9 5 29 19 
29 5
16 11 9 15 18 
5 6
23 0 21 13 18 19 
6 4
18 15 0 23 
22 7
28 13 19 26 3 1 11 
3 4
22 13 11 12 
8 6
9 17 15 26 20 11 
21 5
5 1 11 0 10 
12 5
10 13 23 11 3 
15 8
6 11 24 1 8 20 29 7 
20 6
11 13 15 26 23 8 
10 6
12 26 9 27 21 14 
17 3
13 9 8 
28 3
22 23 7 
16 3
29 0 19 
0 5
5 24 21 16 6 
