50
38 4
49 41 33 28 
28 9
11 4 12 26 2 8 29 25 38 
33 7
49 15 22 24 31 38 1 
41 5
38 2 3 40 24 
9 3
45 6 39 
39 7
21 12 22 8 17 9 18 
6 8
24 2 10 15 0 5 18 9 
45 8
9 47 4 20 42 46 44 24 
18 4
13 1 39 6 
1 6
15 47 18 32 34 33 
13 6
18 15 40 20 17 43 
46 5
5 45 43 25 8 
8 5
23 17 28 46 39 
25 9
37 48 28 34 14 29 26 46 12 
43 4
48 5 46 13 
5 4
46 6 43 10 
10 6
6 32 29 47 3 5 
48 4
25 43 4 14 
49 6
38 33 19 4 40 29 
29 6
10 25 16 28 12 49 
40 9
27 12 26 35 13 41 11 49 3 
4 7
22 49 28 48 31 27 45 
19 5
14 2 16 49 11 
42 6
16 47 45 21 31 17 
17 10
2 15 14 20 39 8 7 13 22 42 
21 3
39 42 47 
47 10
27 45 2 1 34 42 10 23 11 21 
16 9
42 31 3 7 29 15 19 34 20 
20 7
44 16 45 0 12 17 13 
12 7
28 29 39 20 40 32 25 
0 7
20 32 6 36 35 26 7 
44 4
36 20 45 24 
35 6
3 36 30 23 0 40 
23 4
8 47 37 35 
30 5
7 24 37 35 3 
36 6
44 35 26 14 0 15 
27 4
47 4 40 34 
34 5
25 47 27 1 16 
15 7
13 33 16 1 17 6 36 
14 7
19 17 48 37 25 36 32 
26 5
28 40 36 25 0 
32 5
0 10 12 14 1 
24 6
6 33 44 30 41 45 
3 6
35 16 10 41 40 30 
7 6
16 30 22 11 17 0 
11 6
28 7 40 2 19 47 
22 6
4 39 2 33 7 17 
2 8
41 22 47 19 17 28 6 11 
31 4
42 16 33 4 
37 4
25 23 30 14 
