50
24 5
14 39 34 20 33 
33 7
10 39 9 41 44 25 24 
20 6
10 38 5 12 24 21 
34 16
49 19 24 1 48 18 10 41 25 17 46 44 38 8 15 40 
29 4
22 27 17 1 
1 9
44 34 17 48 11 41 5 18 29 
17 5
1 2 29 34 13 
27 8
14 19 36 10 29 42 32 6 
6 7
18 25 0 43 27 26 37 
42 8
21 44 2 4 48 27 9 30 
35 4
7 25 18 28 
28 4
46 41 19 35 
18 11
6 9 10 43 35 2 22 30 40 34 1 
43 5
44 14 6 18 19 
19 7
11 12 34 40 27 28 43 
30 6
8 0 3 18 12 42 
2 7
17 26 42 11 18 5 44 
39 8
14 3 24 33 22 13 49 45 
45 5
44 13 15 25 39 
49 5
4 7 37 34 39 
13 8
45 31 48 17 14 39 40 46 
11 4
12 19 2 1 
12 6
26 19 30 20 11 31 
38 6
10 37 20 40 34 8 
8 4
23 30 34 38 
40 8
22 13 38 34 19 16 18 3 
37 3
49 38 6 
10 6
27 18 33 38 20 34 
41 4
28 33 34 1 
48 6
44 34 13 42 1 32 
36 5
21 46 27 47 15 
15 4
34 45 21 36 
47 6
14 32 36 22 21 31 
0 3
6 30 14 
14 11
24 39 27 9 13 16 22 47 43 4 0 
3 3
30 39 40 
16 4
4 23 14 40 
22 8
26 18 29 47 39 14 40 44 
44 9
43 1 48 42 34 33 45 2 22 
21 6
7 36 42 20 15 47 
46 6
36 31 28 34 4 13 
5 3
1 20 2 
32 4
47 4 27 48 
4 7
25 32 49 16 46 42 14 
7 4
21 49 35 26 
26 5
12 22 2 6 7 
23 3
8 16 25 
25 8
6 4 31 35 45 34 33 23 
31 5
46 13 25 47 12 
9 4
18 14 33 42 
