100
82 7
36 59 2 29 31 16 40 
40 9
71 26 88 43 94 82 70 15 87 
9 6
17 20 91 23 69 19 
19 5
52 39 44 48 9 
60 5
41 84 22 75 42 
42 6
70 52 66 11 78 60 
80 3
71 51 16 
16 6
69 78 82 62 43 80 
87 6
47 38 91 17 66 40 
73 4
77 51 74 63 
63 9
62 55 33 85 75 81 69 73 53 
75 5
18 60 0 63 4 
4 7
84 51 76 23 88 90 75 
68 5
2 95 92 39 85 
85 7
34 92 88 49 63 0 68 
51 7
4 80 37 84 30 73 91 
91 10
14 15 87 89 50 18 9 93 99 51 
22 8
69 56 77 58 59 24 60 20 
20 6
9 83 89 79 65 22 
0 7
77 18 72 8 55 75 85 
99 3
93 47 91 
55 6
77 63 56 0 44 46 
74 4
94 23 73 39 
39 7
19 68 1 62 49 12 74 
13 7
21 11 76 56 38 50 61 
61 6
12 52 97 45 90 13 
2 8
82 68 35 67 64 15 29 11 
11 8
98 42 76 13 7 52 69 2 
78 4
5 16 44 42 
24 7
79 25 57 22 27 44 8 
8 7
90 58 0 83 1 71 24 
44 9
55 62 43 3 5 69 19 24 78 
23 5
4 9 74 29 15 
15 8
2 40 31 48 91 56 25 23 
92 6
36 85 5 68 89 62 
62 12
70 63 32 89 12 27 48 16 44 39 92 83 
29 7
23 84 59 82 2 41 96 
96 2
81 29 
41 8
3 76 21 49 43 60 14 29 
47 5
97 87 66 64 99 
53 2
45 63 
94 9
79 76 6 74 86 5 34 40 70 
25 6
28 86 24 81 52 15 
70 6
42 81 40 62 30 94 
5 8
78 92 98 46 44 36 35 94 
72 3
50 0 6 
6 6
79 94 84 97 81 72 
21 6
1 41 13 35 95 56 
56 7
22 13 34 15 32 55 21 
26 4
90 40 65 1 
1 5
21 32 39 8 26 
76 7
46 94 4 41 13 11 97 
97 7
61 47 6 18 66 65 76 
36 5
92 82 37 5 10 
10 3
14 93 36 
69 10
22 11 16 44 9 54 50 63 49 64 
81 7
96 38 25 6 70 63 37 
52 7
58 19 42 61 25 57 11 
57 4
24 84 52 77 
65 6
84 18 20 7 26 97 
66 6
47 42 12 87 97 14 
83 3
62 20 8 
12 7
32 79 37 66 61 62 39 
49 8
41 69 85 14 90 39 59 71 
71 6
40 80 8 33 49 86 
14 5
49 10 91 66 41 
31 4
15 82 33 30 
30 5
70 51 89 93 31 
77 5
73 0 55 22 57 
84 13
29 60 4 51 43 17 48 54 38 3 6 65 57 
45 6
38 61 3 53 28 34 
34 5
85 94 56 98 45 
28 5
25 43 35 45 17 
90 8
26 8 48 18 49 4 38 61 
18 7
75 97 50 65 91 0 90 
48 6
19 90 84 62 15 7 
17 4
87 84 9 28 
43 6
40 41 84 44 16 28 
89 6
91 7 62 92 20 30 
98 6
11 5 46 34 32 58 
58 5
37 52 22 8 98 
32 9
12 79 1 56 62 54 50 98 95 
95 3
68 21 32 
64 3
2 69 47 
37 6
51 58 36 79 12 81 
7 4
65 89 11 48 
38 6
87 13 45 81 90 84 
35 4
28 2 21 5 
46 4
76 98 5 55 
3 7
41 27 88 44 84 45 67 
67 2
2 3 
79 9
86 12 37 24 94 6 32 20 33 
86 5
79 25 54 94 71 
54 6
86 69 84 88 32 27 
27 4
3 24 62 54 
88 6
33 40 85 4 3 54 
50 6
72 18 13 91 69 32 
33 5
88 63 31 71 79 
93 5
99 91 10 30 59 
59 5
82 29 22 49 93 
