30
26 7
6 14 4 19 9 27 8 
8 6
18 14 9 26 6 16 
27 6
3 11 13 23 12 26 
19 5
28 3 18 26 23 
4 7
12 9 28 7 13 26 3 
14 9
8 7 1 26 24 9 17 22 10 
6 7
26 9 23 22 20 8 21 
23 9
9 27 29 12 6 2 19 20 25 
18 7
8 17 9 3 15 19 11 
3 6
27 18 5 19 25 4 
28 5
19 16 1 5 4 
29 6
1 24 23 22 10 13 
13 4
27 16 4 29 
10 3
22 29 14 
22 8
24 21 10 29 15 6 14 17 
24 7
22 14 29 0 1 7 2 
1 8
14 15 29 21 24 11 28 16 
15 6
16 20 1 18 21 22 
21 5
22 1 0 15 6 
20 5
15 0 6 23 7 
16 7
2 28 15 12 13 8 1 
12 7
4 17 27 23 16 7 2 
11 3
27 1 18 
7 7
17 25 14 20 24 4 12 
0 3
21 24 20 
2 5
17 16 23 12 24 
17 7
7 2 14 12 9 18 22 
9 8
14 26 6 4 23 17 8 18 
25 4
7 5 3 23 
5 3
25 28 3 
