20
2 13
5 1 3 16 8 6 17 13 4 10 15 0 12 
12 10
6 3 13 11 9 17 15 0 10 2 
0 14
1 4 8 17 10 15 2 6 14 5 16 3 18 12 
4 10
18 3 1 6 11 17 9 2 0 7 
13 9
10 18 17 12 2 19 6 14 8 
14 10
11 18 1 3 17 0 7 13 16 6 
6 16
12 14 19 2 1 0 9 17 16 3 5 11 18 4 13 8 
16 9
6 7 2 11 5 9 17 14 0 
7 8
10 16 14 9 1 5 18 4 
17 11
13 4 2 11 16 14 6 12 15 0 18 
10 9
18 7 13 2 19 12 0 15 8 
11 11
14 15 17 12 19 4 16 8 3 1 6 
5 9
3 9 7 2 19 16 15 0 6 
3 8
5 2 14 12 0 4 11 6 
9 8
5 1 12 16 4 7 6 15 
8 8
1 2 6 11 0 15 10 13 
15 11
12 2 11 18 5 1 8 0 10 17 9 
19 5
5 10 13 11 6 
1 11
2 9 14 8 7 6 0 15 4 18 11 
18 10
14 4 10 0 15 6 13 7 1 17 
