30
22 5
7 9 14 10 29 
29 8
11 2 18 20 17 13 12 22 
28 6
25 18 27 0 19 14 
14 5
11 25 3 22 28 
19 6
23 15 21 11 9 28 
11 10
14 25 17 23 29 10 5 18 3 19 
26 8
25 15 12 13 24 18 3 1 
1 5
6 13 26 10 20 
24 3
3 27 26 
20 4
8 29 2 1 
10 6
9 22 13 11 15 1 
9 8
12 22 10 4 21 19 7 25 
25 11
15 2 26 11 6 14 28 27 9 16 8 
17 5
5 3 11 21 29 
21 4
19 9 27 17 
3 7
14 26 27 17 24 11 0 
0 5
7 28 6 23 3 
6 5
1 25 15 0 4 
4 5
16 2 9 23 6 
27 8
28 8 21 24 25 3 2 7 
16 6
5 4 13 7 25 15 
15 8
12 25 6 26 19 10 23 16 
2 6
25 29 4 20 27 23 
23 7
11 19 2 5 0 15 4 
8 4
20 13 27 25 
7 5
22 0 16 9 27 
5 4
11 16 17 23 
18 5
11 28 26 29 13 
13 7
16 8 26 10 29 1 18 
12 4
9 26 15 29 
