20
12 10
1 18 14 6 4 11 16 19 0 10 
10 8
0 8 3 19 9 17 13 12 
19 11
14 10 15 13 7 16 8 12 11 3 2 
16 9
6 7 8 12 2 19 1 18 9 
11 12
8 0 12 13 2 19 5 3 18 9 17 14 
2 7
9 1 8 16 11 4 19 
3 12
14 10 15 7 9 8 11 4 6 18 5 19 
8 13
11 9 14 5 3 6 16 2 19 10 0 15 4 
7 8
6 0 15 1 3 16 9 19 
13 9
4 5 1 19 11 17 0 10 14 
6 8
7 12 14 16 8 1 3 17 
17 10
14 4 15 10 5 18 1 13 11 6 
14 12
19 8 12 17 9 6 4 3 5 18 11 13 
18 9
12 3 1 0 15 17 11 14 16 
4 11
13 17 12 14 15 0 3 1 5 2 8 
15 10
4 19 7 17 9 3 5 18 0 8 
0 10
12 9 7 13 11 18 4 10 15 8 
9 11
2 14 11 0 10 15 3 1 7 8 16 
1 11
12 6 2 7 13 16 9 17 4 5 18 
5 9
14 13 11 15 17 8 1 3 4 
