30
18 7
28 4 22 12 8 7 11 
11 10
17 28 20 25 15 0 3 18 24 22 
7 11
0 15 10 6 26 21 9 27 17 3 18 
22 9
16 12 4 18 25 29 28 20 11 
24 7
20 4 1 3 11 0 10 
1 6
24 6 13 26 19 25 
25 10
4 9 20 26 19 11 22 23 16 1 
19 6
4 21 25 27 3 1 
9 6
25 20 10 7 5 17 
17 9
16 29 26 2 11 21 7 27 9 
15 9
7 16 8 11 20 29 2 27 28 
28 10
18 3 12 11 22 27 16 0 15 6 
29 8
17 22 26 15 10 0 20 12 
12 6
22 28 18 2 0 29 
20 13
14 25 16 24 11 22 9 27 15 0 29 5 4 
13 5
14 2 27 1 3 
3 10
0 28 14 4 11 24 19 26 7 13 
6 5
26 7 10 1 28 
16 11
22 15 0 20 25 17 28 21 26 2 8 
27 10
0 15 23 17 28 2 19 20 13 7 
0 12
7 27 28 16 12 3 5 29 24 11 20 26 
26 11
2 6 25 7 17 8 16 29 0 1 3 
14 6
13 5 3 20 23 21 
21 6
2 19 7 17 16 14 
4 8
25 19 24 18 3 20 22 23 
5 6
8 0 2 9 14 20 
8 5
15 26 5 18 16 
2 9
26 21 13 5 12 27 17 15 16 
10 5
7 6 29 9 24 
23 4
14 25 27 4 
