20
4 9
16 1 7 19 2 9 15 10 14 
14 10
6 17 1 18 5 3 7 13 16 4 
10 7
6 11 19 2 4 0 15 
9 10
19 2 0 3 16 8 13 7 4 12 
2 12
0 10 15 9 17 4 3 5 18 12 13 7 
19 11
11 7 18 1 12 9 17 4 10 0 15 
7 10
5 12 15 4 9 17 13 14 19 2 
12 12
15 19 2 7 13 6 8 16 9 3 18 5 
18 10
0 1 3 8 12 14 17 19 2 11 
17 14
1 0 5 6 19 2 7 15 13 18 11 16 8 14 
15 12
4 11 12 5 13 7 17 2 19 0 10 8 
16 8
4 9 17 13 6 11 12 14 
13 12
2 15 16 12 6 7 9 17 5 1 14 11 
3 8
2 0 12 18 1 9 14 8 
5 8
2 15 17 14 8 7 13 12 
1 10
17 18 3 6 8 4 19 14 13 11 
11 9
19 15 0 10 17 16 13 1 18 
8 9
12 17 9 18 1 5 3 15 6 
6 9
14 1 13 17 12 16 8 10 0 
0 10
18 3 11 19 2 9 17 6 10 15 
