50
5 6
39 13 36 26 29 4 
4 9
6 25 14 20 24 16 47 28 5 
29 6
22 44 16 3 5 32 
26 9
41 47 19 2 42 10 5 3 30 
36 8
39 5 12 42 44 46 17 41 
32 5
2 7 13 8 29 
3 12
15 29 1 12 43 16 28 17 22 2 19 26 
1 6
47 3 46 16 28 39 
39 9
46 37 22 36 40 7 5 1 10 
28 8
25 42 45 46 3 1 43 4 
16 15
25 44 42 27 3 34 23 1 22 6 4 7 37 29 45 
46 12
8 39 40 9 28 37 41 13 1 36 15 49 
41 10
26 46 33 6 0 37 11 24 23 36 
17 11
38 8 44 27 37 3 18 30 36 34 14 
42 9
36 28 37 19 2 26 44 16 20 
35 4
43 44 22 7 
7 7
16 32 6 9 35 14 39 
22 14
25 12 24 35 20 39 31 27 29 13 3 16 8 0 
44 12
29 37 36 9 17 25 42 16 8 33 2 35 
43 9
35 19 10 3 12 31 28 24 21 
27 5
34 17 23 22 16 
25 13
14 49 4 28 48 31 11 18 16 44 10 22 38 
12 13
15 38 23 36 30 22 3 13 43 49 47 48 9 
24 6
6 43 4 41 22 37 
20 6
31 19 4 42 23 22 
31 7
20 13 25 43 22 15 21 
13 10
19 5 31 32 12 40 22 23 15 46 
23 9
27 12 6 41 13 45 20 16 8 
34 5
11 16 0 27 17 
0 7
19 22 37 6 41 34 8 
14 5
7 25 4 11 17 
11 7
2 41 25 37 34 14 15 
9 6
46 44 37 48 7 12 
48 6
2 12 38 25 9 40 
37 11
41 0 39 44 16 46 42 11 24 9 17 
49 5
45 25 38 12 46 
15 8
3 12 8 46 13 31 30 11 
30 6
12 26 15 17 40 18 
8 11
46 44 10 15 0 17 19 2 22 23 32 
40 9
46 21 45 2 13 38 39 30 48 
19 9
0 13 20 42 26 8 3 6 43 
6 9
4 0 23 16 7 41 24 21 19 
38 8
17 48 33 12 40 49 47 25 
2 10
48 11 40 3 42 32 44 8 45 26 
21 4
40 43 31 6 
18 3
25 17 30 
45 7
49 16 40 28 10 23 2 
33 3
38 44 41 
10 6
8 43 26 45 25 39 
47 5
1 26 38 4 12 
