50
12 4
24 45 17 9 
9 10
41 47 39 20 31 42 12 11 24 26 
45 8
47 7 3 12 28 27 37 24 
44 7
40 34 10 3 4 27 35 
35 10
29 48 27 2 19 49 21 11 5 44 
27 19
24 19 48 41 44 8 28 7 46 45 2 21 40 5 35 47 25 32 30 
4 8
19 1 3 31 38 33 44 46 
3 15
21 2 45 31 11 40 44 17 28 46 4 43 36 0 1 
32 11
41 13 27 47 16 46 30 6 37 24 21 
21 12
25 7 35 1 3 48 17 27 29 10 40 32 
6 13
37 13 41 20 33 32 17 31 28 38 25 23 22 
26 11
38 7 33 30 37 0 15 29 9 18 43 
43 7
18 3 15 46 33 2 26 
18 10
49 43 22 17 48 25 38 37 26 1 
29 9
21 7 49 47 40 35 26 10 48 
37 11
7 32 6 23 1 18 19 26 45 31 11 
30 7
17 27 32 46 19 26 2 
31 11
36 15 41 3 9 17 4 6 37 19 2 
2 13
35 19 10 16 28 27 31 36 22 30 43 49 3 
17 19
49 6 48 18 3 14 39 31 22 23 30 5 20 21 28 46 7 12 47 
41 12
5 7 42 32 6 34 36 22 9 48 31 27 
46 14
39 4 43 5 3 20 1 22 17 27 10 30 32 19 
33 11
8 34 7 22 26 6 43 4 15 10 11 
38 14
36 23 4 6 18 28 13 8 1 0 20 39 25 26 
48 11
35 17 27 39 40 23 18 21 11 41 29 
10 8
49 47 21 44 46 33 2 29 
40 13
22 48 27 25 3 44 16 14 20 34 29 13 21 
47 7
17 9 27 45 32 10 29 
49 12
17 18 20 14 10 0 29 15 23 35 2 8 
7 10
37 21 41 33 26 45 15 29 17 27 
23 10
6 36 16 37 49 39 48 17 38 42 
42 9
25 39 8 16 41 5 19 9 23 
39 10
38 42 46 16 36 23 48 28 9 17 
22 10
18 40 41 6 46 33 16 2 28 17 
25 8
18 21 27 42 38 14 40 6 
28 13
34 14 39 38 3 22 36 27 17 6 2 45 19 
24 8
12 15 5 32 19 45 27 9 
0 5
26 36 38 49 3 
11 8
35 48 9 3 5 8 33 37 
14 7
34 40 5 25 49 28 17 
34 8
28 41 33 44 16 14 40 36 
36 10
38 23 0 2 41 3 31 28 39 34 
16 9
32 42 39 34 40 8 2 23 22 
15 8
24 31 7 5 26 33 43 49 
1 7
4 46 37 21 38 3 18 
5 11
14 15 42 35 41 13 46 27 17 24 11 
19 11
46 4 42 30 37 24 35 2 31 27 28 
20 8
49 38 17 9 40 6 46 13 
13 6
6 32 38 5 40 20 
8 7
42 11 38 27 33 16 49 
