50
38 6
30 9 39 44 25 45 
45 4
23 18 20 38 
25 5
2 17 9 39 38 
44 10
49 35 34 14 39 3 7 13 32 38 
39 6
19 43 25 38 44 17 
9 6
4 19 38 25 30 8 
30 9
38 8 13 36 43 32 9 18 40 
8 5
42 2 30 9 6 
6 3
13 23 8 
2 11
31 11 41 34 36 3 1 25 46 8 26 
42 5
8 12 32 13 4 
48 3
13 20 33 
33 7
21 0 40 20 36 4 48 
20 6
19 45 48 33 0 34 
13 10
18 3 6 48 27 42 44 30 24 37 
15 3
43 24 40 
40 6
5 33 30 41 35 15 
24 5
31 19 15 13 47 
43 6
15 39 23 30 11 1 
31 4
24 21 2 0 
0 7
41 7 32 46 33 31 20 
21 8
33 16 3 18 26 31 29 23 
37 4
32 18 7 13 
7 5
0 44 11 37 3 
18 9
28 13 1 37 21 45 19 14 30 
32 10
37 14 23 30 10 0 41 42 44 26 
27 7
13 19 16 28 22 36 49 
3 9
1 5 21 16 44 2 13 7 22 
41 8
0 32 2 16 47 49 11 40 
11 7
2 12 43 7 41 36 46 
49 3
44 27 41 
47 6
35 41 1 5 17 24 
16 5
3 41 27 23 21 
28 3
18 27 4 
4 5
9 28 46 33 42 
14 4
32 18 44 12 
19 10
26 10 9 27 20 39 36 12 24 18 
1 5
47 43 3 18 2 
22 3
34 27 3 
34 6
22 44 2 35 29 20 
17 4
25 5 47 39 
26 5
19 2 10 21 32 
46 5
2 0 10 4 11 
36 7
10 2 19 30 33 11 27 
10 5
36 32 19 26 46 
5 5
40 17 23 47 3 
35 4
47 44 34 40 
23 7
45 5 43 16 32 6 21 
12 5
29 42 11 19 14 
29 3
12 34 21 
