50
38 3
8 15 21 
21 4
40 34 30 38 
15 6
5 37 26 12 38 10 
8 4
22 38 43 10 
10 4
47 32 15 8 
43 6
3 8 23 6 32 14 
22 3
37 8 12 
46 3
32 26 1 
1 5
20 39 46 44 28 
26 7
39 49 46 15 29 7 31 
32 7
35 10 46 16 31 7 43 
19 2
14 12 
12 8
4 44 15 40 36 22 19 27 
14 7
19 35 13 39 31 43 47 
6 7
36 42 43 47 7 5 33 
23 4
43 49 0 16 
3 3
43 7 11 
31 7
24 18 30 29 32 14 26 
7 8
25 27 9 26 2 3 32 6 
29 5
45 26 44 31 48 
49 4
41 26 45 23 
39 5
26 27 34 14 1 
16 3
41 32 23 
35 2
32 14 
48 3
9 11 29 
44 3
12 29 1 
45 3
33 29 49 
34 2
39 21 
47 4
0 10 6 14 
13 3
28 14 40 
40 4
21 37 12 13 
28 2
13 1 
27 5
17 7 39 12 30 
30 4
21 24 31 27 
17 2
27 36 
41 5
2 49 11 16 36 
36 4
6 12 41 17 
11 3
48 41 3 
2 4
41 7 4 42 
42 3
20 6 2 
20 3
1 42 0 
9 2
48 7 
25 2
7 0 
37 3
15 22 40 
5 2
15 6 
0 4
47 23 25 20 
4 2
12 2 
33 3
45 6 18 
18 2
31 33 
24 2
31 30 
