50
24 10
15 22 7 9 21 12 42 47 35 19 
19 6
17 49 25 40 32 24 
47 10
44 6 26 36 30 29 24 39 14 38 
42 10
8 45 35 14 5 24 15 22 6 43 
12 8
16 24 21 32 0 29 3 5 
32 9
4 12 13 41 9 21 1 2 19 
40 9
17 28 3 19 26 37 15 33 44 
25 10
36 46 19 5 4 31 27 37 6 0 
48 5
33 43 3 18 14 
14 10
42 22 23 49 47 29 44 48 34 41 
18 7
4 2 35 9 31 48 8 
3 9
48 12 45 2 40 1 15 0 4 
22 6
24 43 4 14 42 27 
27 6
29 16 35 30 22 25 
5 9
11 6 25 8 42 12 34 41 30 
30 8
16 37 21 47 17 27 39 5 
41 7
29 38 23 20 14 32 5 
34 6
29 35 5 14 33 46 
8 9
42 15 37 33 35 5 18 28 23 
6 9
47 15 5 26 42 39 25 31 11 
49 6
7 21 14 19 45 9 
9 11
0 10 31 7 18 32 35 23 24 21 49 
45 6
42 23 20 3 49 37 
43 7
48 35 22 29 11 44 42 
15 9
24 8 3 20 40 6 42 2 35 
35 15
43 15 9 42 27 31 33 38 8 44 18 11 24 34 4 
13 7
21 32 10 26 38 20 16 
16 8
12 30 27 17 11 4 2 13 
20 5
15 45 41 13 21 
38 6
35 33 36 41 13 47 
26 8
46 47 13 36 10 6 40 17 
4 9
22 35 32 25 16 7 29 18 3 
29 12
41 37 1 12 27 31 34 14 43 47 4 2 
7 5
24 9 49 4 44 
21 11
49 13 30 33 9 32 39 20 12 24 37 
23 10
41 36 28 31 9 46 8 45 2 14 
44 9
17 35 10 46 47 43 14 40 7 
10 8
9 28 31 13 11 44 26 2 
2 8
32 18 3 16 23 15 29 10 
11 7
5 43 10 39 35 16 6 
31 10
9 25 23 35 18 10 29 46 33 6 
33 8
34 40 8 38 48 31 21 35 
46 9
26 25 37 0 44 23 17 31 34 
28 5
10 23 8 39 40 
36 7
47 26 23 17 25 38 1 
0 5
9 46 12 3 25 
17 8
40 44 46 16 30 36 19 26 
1 4
29 3 32 36 
37 8
30 29 8 46 40 25 21 45 
39 6
47 28 21 11 30 6 
