50
18 5
20 23 24 26 2 
2 9
7 43 27 30 39 3 5 18 25 
24 13
19 22 10 29 0 48 27 20 34 18 16 8 7 
23 8
31 27 30 36 34 45 18 44 
20 9
10 3 18 21 24 19 35 26 25 
25 8
34 40 20 6 41 12 22 2 
26 10
32 18 36 9 28 17 20 40 41 33 
37 6
49 42 8 17 32 38 
38 9
43 21 37 3 44 8 45 17 14 
32 11
26 40 30 36 31 28 3 1 37 7 16 
17 11
9 1 34 37 47 29 10 38 26 19 30 
5 6
22 35 45 2 15 6 
6 5
27 48 29 25 5 
15 6
4 42 36 30 46 5 
22 11
5 19 24 29 47 49 30 48 25 44 46 
9 6
17 46 49 26 13 41 
41 5
8 3 25 26 9 
13 4
45 0 9 8 
8 12
10 34 43 47 1 33 38 21 37 24 41 13 
0 11
33 44 45 40 12 42 13 24 11 27 28 
45 8
42 5 13 0 23 38 27 31 
46 8
9 48 44 34 14 22 15 43 
48 9
46 24 6 49 43 4 42 3 22 
30 12
32 10 29 15 36 23 22 2 27 28 17 11 
49 8
9 48 16 44 22 37 21 1 
47 8
40 17 7 22 36 16 8 4 
29 10
14 39 12 24 6 30 22 17 27 7 
19 5
20 24 22 7 17 
28 6
4 32 3 30 26 0 
3 8
32 20 41 38 2 28 48 27 
7 7
12 47 32 2 19 24 29 
33 6
0 21 12 16 8 26 
40 8
32 11 25 0 4 47 42 26 
36 6
32 26 15 30 23 47 
16 10
31 21 24 33 47 49 4 43 34 32 
1 5
17 31 8 32 49 
43 11
38 14 42 2 35 48 31 8 44 46 16 
14 4
43 29 46 38 
34 11
25 39 17 10 35 11 24 23 8 46 16 
44 9
0 46 27 43 49 38 11 22 23 
42 10
45 37 4 43 48 10 15 0 40 39 
4 8
42 40 15 10 28 48 16 47 
27 10
44 6 30 23 45 2 24 29 0 3 
12 6
7 33 0 29 25 21 
39 5
34 35 2 29 42 
10 9
30 42 8 24 20 34 17 35 4 
35 7
5 31 20 39 34 10 43 
21 8
20 8 16 33 38 11 49 12 
31 7
16 32 1 23 43 35 45 
11 6
40 34 30 21 0 44 
