100
25 3
19 57 14 
14 3
60 46 25 
57 5
78 68 25 38 47 
19 5
42 66 25 58 90 
36 2
47 85 
85 5
94 13 7 89 36 
47 6
23 36 57 96 83 13 
64 3
43 1 7 
7 5
12 9 85 80 64 
1 4
91 73 97 64 
43 5
30 64 67 18 0 
8 6
27 48 51 10 21 95 
95 2
18 8 
21 3
40 53 8 
10 3
29 37 8 
51 11
24 71 45 96 44 8 29 30 90 94 77 
48 5
33 8 93 87 86 
27 6
86 5 68 8 76 67 
35 2
73 3 
3 4
62 96 66 35 
73 6
1 66 54 35 26 44 
18 4
95 75 54 43 
54 3
73 92 18 
75 3
18 41 11 
11 3
65 76 75 
41 4
34 75 44 89 
52 2
58 16 
16 3
45 24 52 
58 5
19 97 81 52 46 
98 2
71 20 
20 4
55 88 98 50 
71 7
77 98 60 84 80 51 93 
39 4
13 68 29 22 
22 2
56 39 
29 7
10 39 40 97 2 51 53 
68 6
56 87 39 57 76 27 
13 3
39 85 47 
23 2
47 89 
89 5
6 97 23 41 85 
74 4
6 78 28 34 
34 4
96 41 74 61 
28 2
67 74 
78 7
57 45 69 70 74 31 82 
6 4
89 74 80 66 
15 2
76 31 
31 5
97 78 84 80 15 
76 7
15 32 55 27 68 26 11 
70 5
45 97 78 59 46 
46 8
14 44 58 4 49 67 70 62 
59 2
93 70 
97 8
31 37 89 29 70 88 1 58 
45 5
16 78 24 70 51 
66 6
79 19 73 72 3 6 
72 4
87 26 66 17 
79 3
63 66 81 
30 4
43 51 67 99 
99 3
4 30 32 
67 6
65 30 28 27 43 46 
84 3
71 31 65 
65 3
11 84 67 
81 3
2 58 79 
80 6
2 6 7 71 4 31 
4 5
99 87 80 46 2 
2 5
81 83 80 29 4 
12 2
7 93 
93 4
59 71 48 12 
17 4
50 72 26 55 
26 4
17 73 76 72 
87 5
68 48 72 4 33 
5 3
69 27 24 
24 5
51 88 16 5 45 
69 3
88 5 78 
32 2
76 99 
55 4
20 53 76 17 
50 2
17 20 
53 3
21 55 29 
88 5
69 97 24 33 20 
91 2
1 38 
82 2
77 78 
40 3
21 29 9 
9 2
7 40 
0 2
83 43 
83 3
0 2 47 
33 4
48 88 92 87 
90 3
49 51 19 
49 4
90 63 56 46 
38 4
94 57 91 63 
92 4
42 33 54 37 
37 4
10 97 44 92 
42 3
92 19 44 
60 2
14 71 
77 3
82 71 51 
61 2
94 34 
96 5
3 47 51 34 62 
44 6
37 41 73 46 51 42 
56 3
22 68 49 
63 3
49 79 38 
62 3
3 46 96 
86 2
27 48 
94 4
61 38 85 51 
