50
33 14
27 35 1 3 38 46 7 29 40 26 14 6 36 4 
46 10
43 13 39 45 19 38 3 5 33 6 
26 17
49 44 43 21 8 33 5 35 23 30 9 0 22 11 48 14 6 
1 10
12 22 20 13 41 17 27 6 44 33 
3 11
19 38 46 33 36 15 0 28 31 21 11 
34 11
5 13 41 30 39 15 45 19 31 17 37 
37 15
34 39 21 20 14 5 49 42 18 11 13 29 31 7 17 
17 13
31 28 42 5 1 37 24 21 29 7 43 22 34 
19 19
31 3 4 35 47 6 12 21 34 46 44 29 40 13 27 41 36 22 9 
45 7
46 39 34 41 42 29 21 
15 12
29 42 3 49 36 23 8 27 31 34 32 2 
39 14
16 46 34 8 38 21 14 37 23 45 12 41 11 48 
30 18
4 8 0 23 49 41 10 43 36 18 24 21 20 34 26 14 28 32 
14 12
10 26 37 9 28 25 22 30 49 33 44 39 
44 17
1 18 35 10 27 26 14 43 4 2 49 24 13 32 25 19 6 
49 15
29 15 22 32 30 23 48 27 41 20 26 14 37 47 44 
31 10
17 19 7 37 11 34 40 5 3 15 
5 15
4 47 9 31 42 27 17 28 46 8 2 26 37 34 6 
40 9
21 36 33 43 19 2 6 12 31 
11 13
32 4 8 48 9 31 37 0 10 26 3 20 39 
12 10
1 25 0 2 19 39 20 40 9 28 
6 13
43 23 40 7 41 26 19 5 1 33 16 44 46 
2 14
24 48 13 40 15 9 0 5 32 41 4 43 44 12 
0 13
10 25 12 11 30 28 4 18 3 20 26 2 35 
35 11
38 23 32 19 26 33 8 44 27 48 0 
20 10
11 37 12 1 30 23 49 10 0 29 
4 12
11 5 13 42 27 0 2 19 30 23 33 44 
22 8
1 14 19 26 32 27 17 49 
43 13
24 47 6 40 30 28 17 7 46 44 2 26 25 
32 11
49 44 11 21 13 35 2 30 22 36 15 
48 9
39 8 11 24 21 49 26 35 2 
8 15
39 5 26 15 36 23 27 42 30 25 18 48 11 35 47 
27 12
22 35 19 15 4 49 5 1 33 8 44 7 
7 9
33 6 43 31 17 9 27 37 21 
21 13
37 3 32 38 17 48 30 26 19 45 40 39 7 
24 9
43 28 17 48 44 41 13 30 2 
23 13
6 30 28 49 4 15 16 8 39 20 42 35 26 
13 15
2 29 38 24 37 44 46 47 4 19 32 41 34 9 1 
38 10
35 25 21 33 46 41 13 39 3 18 
9 13
14 26 2 19 10 29 11 7 13 16 5 42 12 
47 8
8 42 19 43 49 13 25 5 
18 8
0 25 38 36 30 37 44 8 
42 11
15 25 47 4 17 9 8 37 45 23 5 
28 12
17 24 14 43 29 0 16 23 30 3 5 12 
10 9
14 20 9 0 29 25 11 44 30 
25 13
38 12 42 14 18 16 8 44 41 47 43 0 10 
16 6
23 25 6 28 9 39 
29 13
13 41 33 37 15 10 28 17 9 19 45 49 20 
41 15
39 36 45 1 30 25 38 24 2 49 19 6 34 13 29 
36 10
40 19 15 30 33 8 18 3 32 41 
