50
31 2
6 40 
40 3
16 12 31 
20 2
34 0 
0 3
11 3 20 
48 1
35 
35 3
21 8 48 
9 4
7 13 44 16 
16 3
36 40 9 
13 2
24 9 
24 4
44 41 13 30 
29 2
4 45 
45 4
1 41 42 29 
14 2
23 44 
44 5
9 24 4 43 14 
34 3
10 20 39 
39 4
28 21 38 34 
22 2
32 17 
17 1
22 
32 2
2 22 
43 2
11 44 
4 2
29 44 
33 2
5 46 
46 2
5 33 
27 2
15 49 
49 1
27 
15 2
8 27 
8 6
41 1 23 36 15 35 
19 3
21 12 6 
6 2
31 19 
12 3
30 19 40 
21 7
23 30 35 19 39 41 7 
3 2
36 0 
18 2
30 37 
37 2
11 18 
30 5
12 24 21 18 36 
47 2
10 25 
25 3
41 47 10 
26 1
11 
11 5
43 37 0 10 26 
2 3
41 32 5 
1 3
45 8 41 
41 8
8 36 21 24 25 1 2 45 
36 5
41 30 16 8 3 
28 3
38 39 5 
5 4
2 33 46 28 
42 2
45 23 
23 4
8 21 14 42 
7 2
9 21 
10 5
47 34 38 25 11 
38 3
28 10 39 
