30
8 5
4 13 11 29 22 
22 9
29 12 13 7 23 1 19 8 11 
29 8
22 10 2 3 1 8 6 27 
11 7
8 24 23 22 4 6 5 
13 13
6 8 20 14 23 22 5 3 28 9 15 24 26 
5 6
13 2 3 9 24 11 
24 7
10 11 12 13 3 5 6 
9 7
2 10 5 3 13 16 27 
3 8
24 5 13 10 29 17 28 9 
2 10
29 10 21 18 5 20 9 27 25 26 
18 4
25 2 19 16 
16 9
6 23 15 4 20 9 19 18 25 
19 9
12 7 16 0 22 18 20 28 4 
6 10
16 25 23 13 7 15 29 0 11 24 
4 9
0 8 16 11 17 26 19 12 14 
23 8
6 16 13 11 21 22 10 17 
28 5
13 27 12 3 19 
20 5
16 1 2 19 13 
0 4
4 7 19 6 
7 8
17 25 19 6 0 10 15 22 
12 7
1 19 28 22 24 4 10 
27 4
28 9 2 29 
15 5
6 16 13 7 25 
10 12
24 29 14 7 26 2 9 1 3 23 25 12 
25 7
18 6 7 2 10 15 16 
1 7
12 26 10 29 20 14 22 
26 5
1 10 4 2 13 
14 5
10 13 1 4 21 
17 4
7 3 4 23 
21 3
2 23 14 
