100
75 3
15 37 19 
19 4
4 34 1 75 
37 4
50 75 81 69 
68 3
14 66 94 
94 4
50 58 34 68 
66 7
41 63 83 68 76 77 86 
15 9
64 29 30 26 69 1 9 75 17 
17 6
39 90 5 2 26 15 
1 8
60 38 53 73 19 15 3 57 
69 11
8 15 21 11 78 37 22 74 9 20 34 
26 3
17 15 39 
36 4
13 67 97 74 
74 9
39 28 69 45 44 36 64 47 51 
97 4
58 9 71 36 
67 5
44 30 36 13 41 
98 4
99 60 33 41 
41 9
66 42 50 55 64 98 96 33 67 
33 6
5 47 98 87 56 41 
32 6
48 59 55 20 60 50 
50 9
57 28 13 41 94 32 8 37 21 
60 10
77 1 23 56 13 7 98 40 53 32 
55 8
85 31 41 32 29 0 56 91 
59 4
23 32 27 78 
16 3
6 88 12 
12 7
38 0 63 93 81 35 16 
88 6
85 16 61 20 23 22 
6 4
16 46 11 28 
81 5
95 37 12 0 38 
46 3
44 82 6 
44 7
67 22 46 49 4 91 74 
78 5
0 92 64 69 59 
27 7
48 24 11 59 54 35 39 
13 10
63 50 72 36 60 7 67 35 9 84 
21 4
87 35 69 50 
8 3
2 69 50 
9 9
15 52 43 64 13 73 97 69 5 
5 5
35 33 17 9 82 
64 8
15 91 24 78 54 41 74 9 
43 5
38 9 45 92 83 
86 4
54 24 89 66 
77 9
89 28 53 7 80 66 76 60 20 
76 7
93 40 66 10 56 77 95 
70 4
63 22 38 62 
62 7
79 71 95 0 70 58 4 
38 13
12 82 30 48 83 1 18 43 4 11 81 91 70 
22 9
72 44 91 70 56 69 95 23 88 
20 7
32 53 39 69 88 24 77 
61 6
96 88 34 14 71 31 
85 3
55 88 93 
56 10
60 65 22 10 4 55 76 33 24 45 
93 8
45 76 52 30 57 12 40 85 
91 9
38 64 7 44 34 22 52 55 99 
4 8
51 19 83 44 25 38 62 56 
10 4
76 84 11 56 
11 8
51 58 69 27 6 38 79 10 
84 3
10 31 13 
39 7
45 26 87 20 17 74 27 
35 6
21 5 13 27 42 12 
54 6
83 58 86 49 64 27 
24 9
80 27 64 86 71 20 56 73 42 
49 4
44 47 7 54 
83 7
66 38 54 28 4 43 90 
90 5
92 17 71 18 83 
28 7
74 77 50 29 52 83 6 
73 6
9 42 1 25 24 30 
30 9
38 63 87 15 67 93 73 7 58 
42 5
99 41 73 35 24 
52 6
93 23 9 28 0 91 
29 5
15 55 28 48 18 
7 6
13 91 49 30 60 77 
47 5
92 2 49 33 74 
80 4
24 53 79 77 
53 5
77 80 1 20 60 
82 4
46 38 87 5 
87 7
21 33 57 30 82 39 58 
89 5
77 57 18 86 63 
63 7
13 30 95 70 66 12 89 
18 7
95 89 38 90 34 0 29 
57 5
87 89 50 93 1 
3 3
31 1 96 
95 8
63 22 81 92 18 25 62 76 
40 5
31 76 60 2 93 
25 6
95 65 73 34 4 58 
51 4
11 4 74 0 
34 7
25 61 91 19 69 18 94 
58 9
97 94 11 30 23 54 62 25 87 
2 5
17 47 8 40 65 
65 4
25 72 56 2 
14 3
68 23 61 
23 8
59 60 14 79 88 22 52 58 
79 4
62 80 23 11 
72 4
13 22 65 92 
92 6
90 95 78 47 43 72 
96 4
61 41 0 3 
0 10
52 78 12 18 96 81 62 99 55 51 
45 5
93 39 74 56 43 
99 4
98 42 0 91 
31 5
40 3 55 61 84 
71 5
90 97 24 62 61 
48 4
32 27 38 29 
