50
48 5
39 21 37 27 36 
36 4
13 0 33 48 
13 5
36 11 35 8 4 
4 5
20 46 16 8 13 
24 3
38 27 9 
9 6
18 34 25 31 37 24 
32 4
23 0 8 16 
16 8
10 31 18 47 4 19 11 32 
26 6
38 5 42 34 40 14 
14 5
46 17 23 5 26 
33 3
34 25 36 
29 5
35 45 5 1 21 
21 6
48 22 30 43 7 29 
10 4
45 16 46 17 
17 5
14 2 46 25 10 
7 2
30 21 
38 8
24 2 26 31 6 20 18 5 
5 6
29 26 3 41 38 14 
27 5
24 48 49 19 30 
30 5
7 41 21 12 27 
35 4
29 46 13 41 
41 7
30 22 20 15 5 19 35 
37 6
18 39 9 48 23 8 
8 8
0 13 6 32 1 4 37 23 
43 2
21 34 
34 7
26 33 44 9 28 0 43 
1 4
2 29 8 31 
31 7
11 38 47 22 16 9 1 
0 9
32 34 8 46 44 36 45 28 47 
19 4
2 27 41 16 
47 5
42 31 16 2 0 
11 4
31 13 15 16 
18 5
38 37 9 40 16 
46 9
22 14 6 4 35 10 0 3 17 
3 6
22 5 42 44 46 49 
12 3
23 30 2 
2 6
38 1 17 19 47 12 
44 4
6 34 3 0 
22 8
46 3 42 21 31 6 39 41 
23 5
32 12 14 37 8 
20 4
45 38 4 41 
49 2
27 3 
42 5
6 47 26 22 3 
28 2
34 0 
15 2
11 41 
39 4
48 37 22 40 
6 6
42 38 44 46 8 22 
40 4
18 45 26 39 
25 3
33 9 17 
45 5
20 40 10 29 0 
