20
14 9
13 9 17 15 12 6 3 16 4 
4 6
16 19 5 1 10 14 
16 8
3 18 6 17 4 10 12 14 
3 12
12 7 0 16 8 18 5 1 11 14 19 2 
6 7
10 16 19 14 7 18 12 
12 9
19 3 17 14 8 16 0 6 11 
15 8
1 5 10 14 8 9 13 19 
17 10
12 14 16 8 0 10 5 1 18 2 
13 6
8 5 7 14 15 19 
2 8
11 5 1 3 18 10 17 9 
9 4
14 10 15 2 
10 10
11 6 16 8 9 17 2 19 15 4 
18 7
16 7 3 1 2 6 17 
1 10
15 0 4 11 2 19 3 18 5 17 
5 7
13 17 2 15 4 3 1 
19 11
12 4 6 0 10 15 8 3 1 7 13 
11 6
10 2 7 1 3 12 
8 9
12 17 15 10 0 3 19 13 7 
0 6
19 1 3 17 12 8 
7 7
13 11 19 18 3 6 8 
