50
37 9
41 47 17 23 21 18 3 42 12 
12 9
21 37 38 2 47 48 17 28 14 
3 6
47 33 1 30 37 0 
21 5
29 12 37 46 22 
23 9
47 0 14 8 44 6 7 37 28 
17 13
41 48 37 11 39 12 29 19 35 26 47 6 5 
31 5
24 34 6 13 19 
19 7
11 22 49 28 17 31 33 
13 7
11 14 4 6 28 31 46 
6 15
13 7 17 27 31 26 14 32 18 22 23 47 35 38 8 
46 9
18 44 9 28 32 35 34 21 13 
28 17
46 9 23 36 12 47 26 2 19 38 48 11 41 10 29 13 34 
4 3
13 29 42 
42 11
0 16 44 39 49 4 5 41 37 24 2 
29 10
18 26 38 48 17 28 4 21 24 32 
43 4
16 41 38 2 
2 12
35 24 12 42 7 49 43 48 28 9 39 0 
38 9
29 12 6 28 26 18 5 43 24 
41 9
28 17 37 24 43 39 42 5 1 
32 6
14 49 6 33 46 29 
24 12
31 40 2 26 45 41 7 33 29 42 36 38 
8 7
6 9 45 23 36 30 1 
1 5
3 15 8 44 41 
30 9
9 45 3 44 16 33 8 11 15 
45 8
36 30 35 26 34 24 8 48 
9 7
30 2 46 44 8 28 49 
15 5
10 0 1 30 40 
40 4
24 25 5 15 
0 10
23 18 3 20 25 42 35 2 15 48 
10 6
15 7 26 28 36 18 
44 9
30 23 9 27 42 47 1 46 16 
36 7
14 45 8 28 49 10 24 
49 7
16 32 42 36 2 19 9 
18 13
16 46 22 5 38 29 0 10 6 47 37 11 20 
20 6
22 5 18 0 11 25 
11 10
19 13 7 48 28 17 34 20 30 18 
47 10
37 6 23 28 17 3 18 12 33 44 
25 4
0 40 20 27 
27 5
44 6 7 25 39 
39 7
34 48 17 27 41 42 2 
7 7
10 23 2 11 24 6 27 
5 8
18 41 38 42 20 40 16 17 
26 8
6 45 24 29 10 28 17 38 
34 7
39 11 31 28 35 45 46 
35 8
34 45 2 48 17 6 0 46 
16 7
30 42 43 49 18 5 44 
33 7
32 3 30 22 47 24 19 
22 6
18 20 19 33 6 21 
14 6
13 36 23 32 6 12 
48 10
11 39 28 17 2 35 45 12 29 0 
