50
24 3
36 9 6 
6 4
41 22 34 24 
9 6
30 49 31 24 5 45 
36 7
24 0 33 28 48 25 35 
34 6
0 43 2 48 6 20 
20 4
23 25 41 34 
48 5
33 36 34 4 47 
2 5
8 12 11 34 31 
43 5
13 21 34 0 15 
0 11
34 5 44 16 36 30 45 28 47 43 41 
14 5
27 5 26 41 29 
29 3
17 21 14 
41 9
6 17 22 20 14 15 0 5 35 
26 4
22 49 14 39 
5 10
0 10 37 11 41 38 14 44 16 9 
27 5
14 11 30 25 42 
1 3
47 31 25 
25 8
16 20 18 1 17 27 11 36 
31 8
11 19 2 22 44 16 9 1 
47 5
1 39 0 48 22 
35 5
23 36 8 19 41 
28 4
36 30 0 13 
33 4
48 46 36 19 
4 5
49 16 8 13 48 
16 12
42 31 17 18 5 4 19 11 32 0 25 38 
38 6
17 37 5 3 16 12 
11 9
39 27 31 16 44 25 5 2 19 
37 6
38 5 45 19 8 15 
10 4
39 17 5 18 
12 4
30 45 2 38 
3 6
18 42 44 46 49 38 
17 7
41 46 16 38 25 29 10 
15 5
49 43 13 41 37 
21 7
19 22 30 43 7 29 18 
13 6
15 43 4 18 28 7 
8 7
40 2 35 4 37 23 7 
19 8
21 37 11 31 35 18 16 33 
45 4
12 37 0 9 
23 4
35 8 20 39 
42 6
32 16 30 22 3 27 
30 7
21 42 12 28 9 27 0 
18 8
3 49 25 19 16 10 21 13 
39 11
7 47 49 10 11 22 23 40 44 46 26 
7 4
39 21 13 8 
49 8
4 46 9 15 26 18 3 39 
22 9
26 42 21 31 6 39 40 41 47 
40 3
8 39 22 
32 3
42 16 44 
46 5
33 49 3 17 39 
44 7
31 5 3 0 11 39 32 
