100
49 6
42 77 75 99 87 53 
53 6
39 40 98 23 49 10 
87 4
6 49 64 89 
99 10
10 49 98 1 95 30 22 67 35 55 
75 5
31 49 46 7 97 
77 9
79 40 90 49 4 5 8 96 63 
42 12
31 93 19 49 4 88 22 55 96 33 71 80 
98 9
90 7 96 99 65 93 53 50 24 
24 9
92 98 56 62 79 44 81 80 55 
50 5
68 72 85 92 98 
93 6
66 62 42 97 98 82 
65 8
3 4 20 34 98 55 29 84 
96 11
98 57 78 37 66 42 77 15 85 41 97 
7 3
98 75 15 
90 8
98 68 77 70 62 21 32 19 
51 6
20 43 46 8 29 28 
28 5
52 85 4 51 18 
29 8
19 2 4 51 25 65 0 44 
8 8
61 46 41 88 77 51 81 66 
46 8
8 75 94 51 41 25 14 3 
43 8
15 91 89 51 3 33 32 30 
20 3
51 65 48 
97 10
76 96 70 17 75 59 11 19 93 94 
31 7
75 42 82 32 34 56 58 
48 4
39 20 23 89 
89 6
69 43 39 70 87 48 
23 6
68 70 53 88 48 55 
39 5
48 53 44 89 11 
54 3
45 67 21 
21 7
32 44 27 90 13 54 67 
67 8
99 17 27 81 70 13 54 21 
45 5
54 88 5 83 66 
94 3
83 46 97 
83 6
94 80 78 84 45 27 
71 7
13 58 64 86 42 78 32 
32 8
33 13 21 71 43 4 31 90 
78 6
83 1 5 70 96 71 
86 4
62 44 71 6 
64 5
34 59 71 87 35 
58 4
71 38 17 31 
13 6
32 21 71 72 67 47 
15 6
43 70 76 96 7 62 
84 5
91 85 83 26 65 
55 7
24 57 36 65 23 42 99 
34 10
12 57 65 6 44 63 64 47 9 31 
4 8
16 77 42 29 10 28 65 32 
3 7
74 43 65 95 88 76 46 
82 3
31 40 93 
62 10
86 38 24 1 14 90 60 93 69 15 
66 4
93 45 96 8 
6 7
80 34 88 35 87 91 86 
44 6
21 24 34 39 86 29 
72 5
2 50 13 37 92 
92 6
24 73 81 18 50 72 
37 5
79 2 96 60 72 
2 5
72 91 29 85 37 
85 8
84 28 50 38 1 2 26 96 
91 5
84 6 2 43 88 
25 4
47 29 46 74 
74 4
3 1 25 36 
47 6
35 25 79 34 56 13 
40 8
53 77 27 9 18 1 82 95 
88 9
8 45 6 3 9 42 22 23 91 
80 6
6 24 19 83 42 61 
33 5
32 14 43 38 42 
22 3
88 42 99 
19 9
17 29 70 60 90 97 81 42 80 
17 5
19 97 67 81 58 
81 9
19 67 24 30 92 41 8 12 17 
70 10
90 78 89 79 23 19 97 67 69 15 
69 4
62 89 11 70 
41 5
81 8 16 96 46 
16 4
4 63 41 26 
61 5
8 79 14 27 80 
11 4
60 39 69 97 
59 5
64 97 0 57 27 
76 5
36 97 15 3 5 
36 3
76 55 74 
57 5
55 96 34 59 73 
95 4
3 99 30 40 
60 4
11 37 19 62 
14 5
62 61 33 46 52 
1 9
63 26 78 62 99 85 74 40 79 
38 4
58 62 33 85 
52 3
28 35 14 
9 4
40 34 88 68 
63 4
16 1 34 77 
12 3
34 79 81 
79 10
47 10 70 37 24 61 77 12 30 1 
56 5
0 24 47 31 68 
27 7
21 59 40 61 67 73 83 
35 5
47 64 99 6 52 
5 4
45 77 78 76 
26 5
1 84 73 85 16 
68 6
30 23 50 90 9 56 
0 3
56 29 59 
30 6
68 81 99 43 79 95 
10 4
99 79 4 53 
18 3
40 92 28 
73 4
92 26 27 57 
