30
4 11
12 1 0 15 29 26 2 7 22 17 28 
28 7
25 29 16 14 4 9 17 
22 3
26 0 4 
7 10
24 25 6 20 29 4 18 5 19 2 
17 5
4 15 13 3 28 
19 9
26 27 21 12 7 1 3 10 0 
0 11
29 10 4 21 11 22 27 9 19 3 18 
24 7
7 21 9 14 8 6 15 
15 11
12 6 17 4 14 10 8 18 3 11 24 
6 8
15 10 16 8 7 5 3 24 
8 8
9 6 15 2 26 24 16 1 
20 7
29 26 23 5 1 7 9 
9 10
23 8 21 24 28 26 20 14 10 0 
16 7
6 21 11 29 28 3 8 
3 11
12 23 1 5 16 6 0 15 17 19 2 
2 10
10 8 27 21 14 4 7 13 18 3 
1 8
19 4 3 27 20 8 23 12 
26 9
19 22 20 4 13 29 9 27 8 
27 7
0 18 1 14 19 2 26 
5 6
6 11 20 14 3 7 
29 11
23 0 28 21 20 16 12 4 26 7 25 
10 8
6 0 15 2 19 9 21 11 
11 6
5 16 23 15 0 10 
14 9
5 23 2 24 15 13 28 27 9 
18 8
2 21 12 27 7 13 15 0 
12 7
4 19 15 29 3 18 1 
23 8
29 9 14 20 3 1 11 21 
25 3
28 7 29 
13 5
17 14 18 26 2 
21 10
16 9 18 24 2 19 29 0 10 23 
