50
43 4
31 5 8 34 
34 7
21 25 31 36 40 43 46 
8 7
20 40 47 43 33 29 2 
4 5
10 16 49 31 9 
9 6
0 46 1 3 4 24 
31 6
5 3 34 43 4 28 
49 8
5 22 4 42 6 40 39 14 
33 7
26 37 16 8 42 14 39 
39 3
16 33 49 
42 7
35 10 23 33 11 49 20 
37 8
28 3 46 44 33 36 6 11 
11 4
2 42 7 37 
6 11
32 35 19 16 37 48 28 5 18 1 49 
36 8
28 38 14 34 37 12 29 22 
2 6
30 26 32 8 11 21 
29 10
13 0 15 22 36 28 27 8 44 19 
40 6
0 8 34 48 26 49 
24 8
26 22 20 17 9 1 3 10 
3 11
35 44 12 20 31 9 32 37 24 1 38 
1 12
24 13 41 10 48 27 9 3 32 6 20 30 
10 7
17 4 42 15 13 1 24 
17 7
45 20 10 15 21 24 12 
14 6
35 36 49 7 33 16 
20 13
8 41 30 24 17 28 15 0 12 42 3 1 18 
47 6
26 8 25 38 27 28 
28 11
36 37 20 47 46 29 6 31 25 41 13 
38 5
36 45 46 3 47 
25 3
34 47 28 
16 5
4 33 39 14 6 
7 5
48 27 41 14 11 
41 9
35 20 22 7 1 27 28 48 0 
13 6
5 1 46 29 10 28 
0 7
9 35 40 20 15 29 41 
48 8
18 1 6 32 40 7 41 35 
46 7
37 44 13 38 9 28 34 
5 8
6 13 49 43 31 19 26 15 
15 6
20 17 10 0 29 5 
26 9
47 33 24 21 5 2 45 40 23 
12 6
3 35 19 36 20 17 
19 8
27 18 5 12 30 22 29 6 
44 8
35 45 37 3 18 46 23 29 
23 4
42 44 30 26 
22 6
24 49 41 19 29 36 
45 4
17 44 38 26 
27 7
19 47 41 7 21 1 29 
18 7
48 19 44 21 6 30 20 
30 6
20 23 18 1 19 2 
21 6
18 34 17 27 26 2 
32 6
6 48 2 35 1 3 
35 10
41 12 42 44 3 14 0 6 32 48 
