100
40 1
97 
97 2
43 40 
92 1
9 
9 2
53 92 
94 1
32 
32 2
69 94 
43 2
45 97 
34 2
84 27 
27 1
34 
84 2
64 34 
51 1
37 
37 4
2 51 11 79 
83 1
95 
95 2
4 83 
25 2
64 67 
67 1
25 
64 3
73 84 25 
63 1
31 
31 2
15 63 
46 1
16 
16 2
55 46 
79 1
37 
11 1
37 
2 4
86 88 17 37 
42 1
28 
28 2
62 42 
12 2
78 85 
85 6
65 5 35 86 54 12 
53 4
87 96 9 61 
56 1
89 
89 3
69 60 56 
39 2
75 19 
19 1
39 
75 2
62 39 
14 1
45 
45 5
78 30 72 43 14 
18 2
7 1 
1 1
18 
7 4
5 18 76 74 
99 1
72 
72 3
45 41 99 
29 1
6 
6 3
0 29 13 
62 3
35 28 75 
36 1
86 
86 5
85 2 82 15 36 
61 1
53 
38 1
73 
73 4
5 64 38 10 
96 1
53 
87 3
88 53 59 
4 2
65 95 
81 1
49 
49 3
0 81 3 
69 3
5 32 89 
5 6
85 73 69 78 7 47 
68 2
66 90 
90 1
68 
66 5
35 93 26 68 91 
74 2
7 44 
44 1
74 
13 2
6 21 
21 1
13 
93 1
66 
88 4
2 87 48 52 
52 1
88 
48 2
88 23 
15 2
86 31 
57 1
58 
58 2
55 57 
30 1
45 
78 3
12 5 45 
33 1
82 
82 2
86 33 
0 4
65 6 49 77 
3 1
49 
80 2
65 71 
71 1
80 
65 5
22 85 80 0 4 
17 1
2 
23 2
48 98 
98 1
23 
41 2
72 50 
59 1
87 
20 1
60 
60 2
89 20 
47 3
5 24 70 
70 1
47 
91 1
66 
26 1
66 
35 3
85 66 62 
10 1
73 
55 3
22 58 16 
22 2
65 55 
76 1
7 
54 2
85 8 
77 1
0 
50 1
41 
8 1
54 
24 1
47 
