50
29 3
21 15 5 
5 5
32 16 25 26 29 
18 2
47 17 
17 2
37 18 
35 2
28 44 
44 4
25 42 33 35 
27 2
36 22 
22 3
13 3 27 
4 1
47 
47 4
12 18 38 4 
19 2
7 3 
3 2
22 19 
31 1
43 
43 4
12 31 11 21 
48 2
8 9 
9 4
6 37 48 7 
26 7
41 34 45 42 10 5 30 
14 1
11 
11 4
43 7 37 14 
34 2
26 0 
0 3
30 41 34 
20 1
42 
42 6
23 37 2 26 44 20 
36 2
27 46 
46 4
37 41 1 36 
1 4
38 46 16 28 
28 2
35 1 
16 3
25 5 1 
13 7
45 32 12 40 22 23 15 
7 3
19 11 9 
37 5
46 42 11 9 17 
10 3
26 45 25 
25 6
12 49 44 16 5 10 
45 3
13 26 10 
49 2
25 12 
12 5
25 13 47 43 49 
2 3
42 32 8 
41 5
26 46 6 0 24 
40 3
13 38 39 
39 2
6 40 
38 3
1 40 47 
15 2
29 13 
23 2
42 13 
32 3
5 2 13 
30 2
0 26 
8 2
48 2 
24 1
41 
6 3
9 39 41 
21 2
29 43 
33 1
44 
