30
16 3
21 9 22 
22 9
29 4 21 9 20 19 26 8 16 
18 6
2 27 0 8 14 7 
7 5
27 25 10 19 18 
11 10
2 4 29 15 10 28 17 12 13 20 
20 5
28 26 22 21 11 
15 6
11 21 8 5 27 17 
17 7
11 8 19 15 13 23 3 
13 3
8 11 17 
29 6
11 4 8 22 0 1 
1 3
5 12 29 
0 7
2 18 23 4 25 9 29 
9 6
16 8 25 2 22 0 
26 4
4 20 10 22 
21 12
3 12 20 15 4 28 6 22 19 2 16 8 
4 9
25 29 0 11 21 22 2 26 19 
19 6
22 21 4 7 17 6 
6 6
3 21 2 19 25 10 
3 5
21 6 25 28 17 
23 3
0 17 5 
28 6
27 20 11 21 3 2 
2 10
4 18 6 0 12 11 21 24 9 28 
25 7
4 7 3 0 9 27 6 
24 2
27 2 
8 10
29 15 22 18 13 9 17 21 12 14 
14 3
12 18 8 
12 6
14 2 21 11 1 8 
5 4
1 15 23 27 
27 7
15 24 7 28 25 18 5 
10 4
7 11 26 6 
