50
24 3
47 39 19 
19 4
16 4 2 24 
1 3
41 2 38 
38 7
49 13 34 10 12 18 1 
36 3
23 16 28 
28 6
15 47 8 42 17 36 
48 5
18 34 29 30 41 
41 5
1 43 31 48 22 
43 10
6 41 34 27 42 12 49 4 8 33 
33 5
14 30 10 15 43 
34 6
45 43 48 9 38 16 
16 6
27 36 19 2 8 34 
14 2
33 49 
49 6
38 43 23 29 0 14 
20 5
47 26 29 15 46 
46 2
5 20 
15 7
28 0 23 22 40 20 33 
22 6
31 37 8 15 3 41 
2 7
1 27 44 16 10 35 19 
18 6
6 48 17 37 25 38 
8 5
10 28 22 43 16 
10 10
39 32 5 38 2 44 8 33 21 47 
47 8
24 45 26 28 23 20 39 10 
5 6
10 12 17 46 13 35 
35 3
2 40 5 
13 6
30 9 38 29 21 5 
17 5
31 28 23 18 5 
37 5
22 31 45 26 18 
11 3
39 3 9 
9 4
13 34 11 42 
3 5
22 31 11 40 44 
39 7
6 31 10 11 24 47 23 
23 7
15 36 31 17 39 47 49 
21 3
7 13 10 
42 3
43 28 9 
0 2
15 49 
29 5
20 48 49 13 7 
4 3
43 19 31 
31 9
39 22 23 37 6 4 17 3 41 
30 6
13 12 33 48 45 26 
26 4
47 20 37 30 
44 3
10 2 3 
40 5
15 27 35 3 25 
45 6
34 47 30 37 27 12 
12 5
43 30 38 5 45 
27 6
16 43 25 40 45 2 
6 5
39 43 18 31 32 
32 2
10 6 
7 2
21 29 
25 3
27 18 40 
