50
8 8
16 32 28 11 47 4 15 35 
35 9
5 25 17 27 2 45 37 23 8 
15 7
3 5 38 48 17 8 19 
4 16
1 0 39 8 16 37 24 11 28 19 2 47 40 13 41 42 
47 7
37 8 25 18 1 4 23 
13 5
31 45 12 4 16 
16 11
12 6 4 18 3 1 13 38 21 8 44 
12 12
16 42 34 30 23 11 21 49 43 32 26 13 
45 12
48 24 41 13 7 1 3 10 42 36 35 34 
31 4
26 13 22 32 
32 13
40 8 44 46 12 30 36 48 28 27 31 26 24 
22 6
26 36 43 20 31 42 
42 12
12 21 37 34 45 48 28 27 6 7 4 22 
20 6
5 38 17 39 22 29 
43 10
9 48 28 49 38 12 46 22 3 14 
36 7
44 22 23 0 5 32 45 
23 9
24 41 27 14 35 29 12 47 36 
1 11
6 4 49 47 5 38 45 2 40 39 16 
25 8
21 11 35 3 47 29 0 33 
44 6
29 36 32 5 49 16 
21 5
25 12 42 46 16 
38 8
20 19 33 16 43 29 15 1 
3 7
41 25 15 43 46 16 45 
18 5
47 39 16 5 37 
37 8
10 47 4 35 41 46 42 18 
5 9
35 20 15 36 44 46 1 18 6 
39 4
20 18 1 4 
29 10
44 9 28 38 25 19 26 23 34 20 
24 9
23 45 27 33 4 40 14 34 32 
34 5
12 42 45 24 29 
14 6
41 23 24 49 43 33 
33 9
0 38 25 49 11 24 27 40 14 
27 7
23 26 35 24 32 42 33 
11 9
12 25 7 8 33 26 4 48 10 
10 6
9 17 45 19 37 11 
48 8
42 43 32 45 19 15 7 11 
26 10
22 17 31 27 9 12 11 32 29 49 
7 6
11 28 48 42 2 45 
49 10
12 1 28 43 19 26 2 14 33 44 
9 7
43 40 29 10 46 28 26 
30 4
12 32 40 28 
46 9
43 3 5 28 9 21 37 32 6 
41 9
14 3 45 2 23 4 17 37 6 
40 7
1 24 32 9 30 4 33 
28 12
7 32 6 8 46 42 49 43 4 9 29 30 
19 8
38 48 4 49 29 10 0 15 
0 5
33 36 25 4 19 
2 6
7 41 35 1 4 49 
6 7
28 42 16 46 1 5 41 
17 6
20 26 35 41 15 10 
