50
39 4
19 16 6 7 
7 5
17 11 43 35 39 
6 9
11 48 33 46 3 2 19 39 40 
16 6
25 13 14 39 20 35 
19 10
8 39 24 25 9 43 1 0 6 26 
11 9
38 35 6 32 36 7 3 47 20 
20 3
28 11 16 
47 5
32 48 11 0 35 
3 8
36 22 26 6 11 24 17 10 
36 7
11 45 32 46 3 18 22 
32 5
36 47 49 48 11 
35 8
17 28 11 7 1 23 47 16 
38 4
22 30 11 10 
24 4
9 19 22 3 
22 5
38 45 24 3 36 
9 5
24 21 45 19 48 
10 5
34 4 38 28 3 
30 5
23 45 8 43 38 
45 8
15 36 30 22 13 31 9 33 
8 5
19 30 37 17 42 
42 6
41 25 33 8 5 21 
17 5
7 41 35 3 8 
37 3
29 8 46 
31 4
27 45 29 0 
0 6
25 47 34 19 2 31 
29 7
12 13 41 21 37 1 31 
27 4
31 26 33 4 
46 5
21 37 36 5 6 
34 4
33 10 0 26 
26 8
44 43 27 1 3 13 19 34 
33 10
34 4 42 6 5 44 25 27 48 45 
14 5
16 12 40 28 41 
41 6
5 42 48 17 14 29 
28 8
20 14 1 13 48 43 35 10 
40 3
18 14 6 
12 5
29 43 4 14 21 
48 9
47 49 6 32 9 28 41 25 33 
21 8
2 49 46 29 42 12 25 9 
25 10
19 0 18 42 16 33 44 48 21 23 
49 3
21 32 48 
1 8
28 29 15 26 35 19 4 5 
13 7
45 26 28 29 15 16 23 
5 5
41 46 33 42 1 
43 7
26 19 7 12 28 18 30 
4 6
33 12 10 15 1 27 
23 5
30 18 35 25 13 
15 4
45 1 13 4 
2 4
21 44 6 0 
18 5
40 25 23 36 43 
44 4
33 26 2 25 
