100
48 5
24 50 68 13 93 
93 6
21 63 45 69 9 48 
13 10
0 95 88 25 5 26 21 89 17 48 
68 7
84 59 48 40 20 14 65 
89 3
69 2 13 
2 7
51 11 89 3 17 85 74 
42 5
69 19 32 99 54 
54 7
99 0 66 18 90 42 31 
99 6
54 14 88 42 46 27 
29 2
74 78 
78 12
73 24 64 88 65 90 41 85 83 63 29 72 
74 6
9 25 63 29 15 2 
27 7
17 1 20 90 73 99 49 
46 6
0 40 60 92 99 53 
91 5
84 58 44 35 55 
55 7
87 91 50 57 65 22 18 
35 4
4 91 65 18 
44 3
5 91 70 
70 4
10 86 18 44 
49 6
18 15 28 27 75 94 
73 8
52 8 50 47 78 7 41 27 
90 8
27 17 96 8 78 21 20 54 
1 5
27 38 61 16 96 
10 5
70 26 17 28 76 
76 4
34 22 15 10 
28 12
79 3 5 52 84 11 49 43 94 32 38 10 
17 11
13 53 2 27 77 33 84 32 10 65 90 
65 12
4 35 96 71 78 21 17 55 12 79 68 87 
14 5
26 99 68 84 8 
8 9
71 73 34 90 14 6 79 56 95 
84 9
45 68 91 14 60 41 17 28 30 
72 4
19 94 30 78 
30 5
72 75 96 37 84 
40 6
68 52 31 37 46 33 
33 7
88 85 17 58 21 40 0 
37 6
38 97 51 87 40 30 
31 4
19 6 54 40 
52 7
51 94 73 19 40 28 85 
18 8
49 43 58 55 54 87 70 35 
58 7
33 23 97 91 15 18 92 
43 6
60 25 97 28 18 23 
95 3
88 13 8 
56 5
19 20 98 96 8 
79 8
28 85 71 8 4 51 64 65 
6 5
63 36 31 8 51 
34 5
88 76 8 96 97 
87 6
18 97 37 38 55 65 
38 6
26 87 28 1 37 71 
41 6
63 67 81 73 84 78 
81 3
20 41 21 
64 4
53 79 78 57 
57 6
22 55 32 53 64 15 
53 7
94 17 12 46 4 64 57 
12 3
15 53 65 
0 9
15 86 13 54 62 11 21 46 33 
21 10
13 33 0 15 90 92 32 93 81 65 
51 8
52 79 97 2 61 37 59 6 
4 7
65 15 79 35 61 53 3 
71 6
8 98 65 88 79 38 
61 3
4 51 1 
92 5
60 21 58 19 46 
19 9
31 42 72 25 45 56 52 92 7 
60 4
43 92 46 84 
69 8
42 89 93 50 25 83 3 23 
45 4
84 19 93 5 
63 6
6 74 41 93 78 22 
9 3
93 74 88 
88 10
33 95 78 71 67 99 82 34 13 9 
26 6
38 14 10 77 67 13 
5 5
44 98 28 13 45 
25 11
43 39 13 80 66 59 74 97 19 69 77 
15 13
0 12 21 80 7 74 76 4 49 47 58 57 82 
3 6
22 2 69 85 28 4 
82 2
88 15 
47 4
73 15 85 24 
7 5
86 16 15 73 19 
80 2
15 25 
94 7
28 72 36 52 53 49 39 
75 3
36 30 49 
36 5
62 94 6 75 22 
22 6
3 76 63 55 57 36 
83 4
24 78 11 69 
85 13
33 79 98 3 78 47 86 2 67 62 50 23 52 
24 4
48 83 78 47 
23 5
85 58 43 69 62 
62 4
85 0 36 23 
50 5
73 69 55 48 85 
67 5
20 41 26 88 85 
86 5
7 0 70 97 85 
32 6
42 11 21 17 28 57 
39 3
25 94 66 
66 3
54 25 39 
20 6
81 67 27 68 56 90 
96 7
56 98 90 34 30 65 1 
11 5
2 0 32 28 83 
98 5
71 85 5 96 56 
77 4
17 26 59 25 
59 4
68 77 25 51 
97 9
25 37 87 43 51 86 58 34 16 
16 3
1 7 97 
