50
48 13
24 49 28 27 33 44 46 2 45 5 13 22 30 
30 11
13 47 9 48 44 16 15 29 23 22 21 
13 12
2 19 30 8 27 9 48 10 29 1 7 41 
5 8
33 49 45 19 40 25 48 37 
45 5
5 48 17 41 38 
24 9
14 40 32 3 37 48 28 9 41 
41 9
39 11 21 24 44 2 45 13 25 
9 8
31 17 13 30 33 26 24 6 
37 9
29 19 33 31 24 34 25 23 5 
4 13
31 0 10 42 6 26 25 36 23 22 39 14 49 
49 9
27 48 5 25 44 34 40 39 4 
14 9
28 24 11 25 6 0 7 4 19 
22 10
21 46 31 48 27 30 7 34 39 4 
23 9
30 39 40 3 4 8 16 21 37 
25 17
12 17 7 6 4 5 26 37 14 43 36 49 2 42 41 27 10 
26 9
25 18 4 43 15 27 9 31 46 
6 12
36 15 14 34 19 47 4 25 1 28 9 27 
42 10
29 0 17 18 38 25 34 4 44 8 
10 11
21 25 17 36 35 7 13 3 4 44 16 
0 8
19 11 12 42 4 33 14 34 
31 8
9 4 37 44 33 22 36 26 
36 9
11 4 6 7 10 25 17 31 19 
33 11
37 5 1 32 2 48 9 27 31 28 0 
28 11
48 1 24 21 40 14 6 32 7 46 33 
27 15
6 47 43 25 26 49 2 33 22 17 48 13 29 20 21 
2 13
48 17 27 47 25 35 16 33 13 41 7 11 21 
32 12
15 19 24 43 39 20 33 8 1 17 28 12 
1 9
3 35 33 6 32 28 17 13 15 
20 6
27 32 44 19 39 47 
47 7
6 2 8 16 30 27 20 
39 9
41 32 23 22 43 4 49 18 20 
19 14
0 34 20 6 32 5 36 43 12 7 13 14 37 11 
44 10
10 42 49 30 35 41 20 31 48 17 
40 8
21 24 28 23 29 5 49 43 
21 14
2 30 22 23 10 27 41 28 17 7 3 43 15 40 
7 16
10 16 2 19 14 28 17 38 25 22 36 21 15 29 13 18 
35 9
38 1 34 44 8 2 10 15 11 
46 7
29 22 38 16 48 28 26 
34 9
22 49 37 42 35 19 17 6 0 
43 11
8 27 32 19 26 21 11 25 38 39 40 
12 5
25 19 0 29 32 
38 7
29 46 42 43 7 35 45 
11 9
0 41 36 14 2 19 35 43 17 
15 10
7 32 6 30 21 29 26 35 3 1 
17 17
2 25 32 44 34 11 21 7 3 9 1 36 45 29 27 10 42 
18 7
7 26 29 42 16 8 39 
8 8
43 47 23 13 35 18 42 32 
29 13
46 38 37 27 17 18 30 40 15 42 12 13 7 
16 8
7 2 18 47 30 23 46 10 
3 7
1 23 24 21 15 10 17 
