30
29 4
11 21 20 16 
16 11
11 6 7 9 20 14 1 19 2 10 29 
22 10
20 27 19 8 0 15 21 18 1 3 
3 10
6 27 17 9 14 26 2 15 0 22 
1 10
14 5 8 16 22 0 15 27 28 17 
17 9
19 2 8 14 27 3 5 18 1 
15 8
20 13 22 0 3 18 5 1 
9 6
28 2 4 3 5 16 
14 11
2 26 4 1 18 3 16 17 28 0 10 
10 7
25 21 16 12 26 20 14 
0 9
13 22 21 28 15 1 3 14 12 
28 8
9 27 7 0 18 1 14 4 
26 8
23 14 19 3 21 12 10 7 
7 10
25 27 28 21 8 16 5 13 19 26 
20 9
25 22 18 15 10 29 21 6 16 
18 10
14 20 15 6 19 22 28 17 5 8 
8 7
22 27 17 24 7 1 18 
5 11
15 19 2 17 9 13 7 1 18 11 25 
11 7
29 16 6 5 24 19 23 
23 3
26 11 6 
19 10
25 7 17 16 22 26 5 18 21 11 
24 5
4 8 25 12 11 
25 8
7 20 10 19 6 24 5 27 
4 5
12 24 14 9 28 
12 5
4 26 24 10 0 
2 6
14 9 17 3 5 16 
13 5
6 0 15 5 7 
27 9
21 8 7 22 3 1 28 17 25 
6 9
13 3 18 21 11 16 25 20 23 
21 10
27 6 29 10 0 22 20 19 26 7 
