30
22 6
28 0 18 25 23 8 
8 8
12 3 25 22 9 2 21 24 
1 2
18 10 
10 6
21 4 19 26 23 1 
9 6
27 29 2 5 16 8 
23 7
16 4 19 22 10 21 11 
11 3
27 16 23 
21 6
10 8 16 23 27 4 
4 6
12 10 23 14 3 21 
27 8
9 26 16 20 5 11 21 6 
20 2
16 27 
29 5
16 9 28 3 18 
18 3
22 1 29 
28 3
22 25 29 
16 15
3 23 13 29 25 19 26 2 27 0 9 11 24 21 20 
15 2
19 5 
5 4
17 9 27 15 
13 2
6 16 
6 3
12 13 27 
26 6
12 25 27 16 10 3 
3 8
24 14 29 12 16 8 4 26 
14 3
3 4 2 
2 5
7 9 16 8 14 
24 3
3 16 8 
25 7
26 22 16 8 28 17 12 
0 3
19 22 16 
19 5
23 15 0 10 16 
17 3
5 12 25 
7 2
2 12 
12 8
4 26 17 6 8 3 25 7 
