50
42 6
43 33 16 40 26 22 
22 6
26 29 43 17 39 42 
26 8
11 37 35 42 22 30 16 46 
49 6
3 47 37 31 41 25 
25 6
41 29 18 20 11 49 
41 8
25 29 8 48 27 6 32 49 
31 5
7 16 34 43 49 
37 10
26 18 5 49 40 39 33 16 8 21 
8 7
40 41 4 33 37 5 0 
0 6
4 3 23 2 16 8 
5 7
17 37 4 29 14 34 8 
33 10
42 29 37 30 23 13 46 8 4 6 
19 6
4 47 46 23 13 35 
35 4
9 48 26 19 
13 7
36 15 27 48 33 2 19 
23 6
29 0 33 16 19 9 
46 8
24 14 40 38 19 26 36 33 
47 7
3 34 19 27 49 16 38 
38 5
36 46 17 32 47 
16 9
28 31 42 39 47 0 37 23 26 
6 9
41 7 43 12 3 28 15 30 33 
4 11
0 19 9 28 17 21 24 39 8 33 5 
30 8
26 45 6 32 33 17 28 15 
36 6
13 38 29 15 46 34 
34 8
47 48 27 31 20 2 5 36 
1 6
32 29 15 27 28 20 
20 6
43 25 29 24 34 1 
28 6
16 6 43 4 1 30 
15 7
13 12 3 1 6 36 30 
2 6
13 34 14 0 24 21 
21 4
4 43 2 37 
24 7
46 20 3 18 4 2 32 
14 6
46 44 5 43 2 32 
11 5
26 29 25 27 12 
9 4
35 4 23 3 
43 11
42 6 22 10 29 20 14 21 28 31 27 
27 10
44 1 41 13 11 34 39 40 47 43 
39 7
16 27 18 4 37 32 22 
17 8
5 45 44 30 22 38 48 4 
3 8
47 49 6 24 15 0 9 40 
12 7
6 45 7 15 29 10 11 
48 6
34 35 17 41 13 32 
29 14
45 12 5 20 36 43 18 11 23 1 22 33 41 25 
45 5
17 12 30 29 7 
18 8
25 32 44 29 10 39 37 24 
40 6
42 8 46 27 37 3 
10 4
43 18 12 44 
7 5
31 6 44 12 45 
44 6
7 14 27 17 18 10 
32 9
1 18 41 30 24 38 39 14 48 
