30
26 3
10 19 7 
7 8
8 28 17 27 25 24 14 26 
13 2
18 28 
28 5
16 29 27 7 13 
18 6
23 11 21 10 17 13 
15 3
9 14 12 
12 3
16 9 15 
14 8
4 24 8 10 15 19 20 7 
29 6
1 17 9 28 11 19 
19 5
24 26 16 14 29 
20 5
3 4 14 6 23 
23 5
18 3 20 0 2 
6 4
2 17 10 20 
10 8
26 6 24 5 18 3 14 22 
22 3
25 10 4 
3 4
20 23 10 24 
27 5
25 7 28 17 8 
8 6
25 7 14 11 17 27 
24 7
19 14 7 10 3 1 25 
16 5
1 12 28 19 11 
11 7
29 0 21 18 5 8 16 
17 7
29 6 8 7 4 27 18 
21 2
11 18 
5 5
4 9 10 0 11 
25 5
27 8 22 7 24 
1 5
16 0 29 24 9 
9 5
29 15 12 5 1 
0 4
11 1 5 23 
4 6
5 2 14 20 17 22 
2 3
6 4 23 
