50
18 9
33 2 28 1 36 23 25 20 40 
40 8
13 10 45 28 48 31 14 18 
25 11
17 9 22 33 16 42 18 0 45 26 19 
23 6
20 8 42 35 18 30 
36 9
43 29 10 18 3 46 32 45 11 
15 7
8 32 48 9 13 1 45 
45 12
25 42 2 14 40 9 31 13 22 30 36 15 
1 8
18 35 26 15 29 31 9 28 
13 9
40 4 47 16 15 29 28 26 45 
19 5
9 25 24 39 8 
0 13
41 32 17 28 12 35 11 21 24 34 43 47 25 
42 8
6 45 23 21 5 33 25 41 
16 10
2 10 49 48 37 11 39 14 13 25 
33 12
30 28 27 25 44 18 5 6 42 4 39 34 
2 10
18 38 7 35 45 6 16 44 37 21 
21 11
24 38 9 31 42 0 29 44 46 49 2 
44 5
38 21 2 26 33 
6 9
38 42 12 35 2 3 33 48 11 
32 9
24 38 0 15 10 49 47 22 36 
47 5
13 0 11 48 32 
49 6
7 46 16 27 32 21 
26 8
25 41 13 3 1 27 43 44 
43 7
36 0 46 12 41 7 26 
27 6
20 4 49 33 26 31 
3 6
38 17 11 6 26 36 
41 7
0 43 7 26 48 42 5 
5 6
11 42 8 33 46 41 
4 8
13 27 17 35 29 10 12 33 
12 7
6 7 14 4 43 0 29 
10 12
16 48 30 36 37 32 35 38 4 40 39 34 
46 6
49 43 9 5 36 21 
28 8
33 31 0 13 18 1 40 20 
29 9
36 8 4 31 1 37 21 13 12 
48 10
38 40 15 10 16 41 31 9 6 47 
9 9
25 1 46 15 48 19 45 21 24 
20 5
23 18 11 27 28 
14 6
31 45 34 40 12 16 
37 5
2 16 8 10 29 
31 9
1 14 40 21 29 45 48 28 27 
8 7
29 15 5 37 23 30 19 
34 5
14 11 0 10 33 
22 5
32 24 45 25 38 
38 10
48 3 44 2 6 32 10 21 11 22 
24 7
32 11 21 0 22 19 9 
11 14
24 38 6 36 5 35 47 20 34 3 16 7 17 0 
35 11
6 2 4 0 10 30 23 1 7 11 17 
30 6
10 33 8 35 45 23 
39 4
10 33 16 19 
7 8
41 12 2 35 49 43 11 17 
17 7
25 0 4 11 3 35 7 
