50
24 8
37 10 39 9 27 41 19 35 
35 7
38 7 1 5 24 11 27 
41 8
47 42 19 46 24 40 3 25 
27 11
12 10 15 32 24 26 35 48 36 8 33 
39 9
4 16 23 1 29 15 11 24 14 
10 14
33 49 4 47 24 31 17 27 11 48 25 9 0 5 
4 8
25 20 39 16 7 10 1 42 
42 7
18 29 41 44 11 21 4 
1 16
20 35 18 45 0 6 4 43 3 5 12 38 32 30 39 14 
7 6
18 4 35 0 29 12 
47 7
41 9 10 11 36 44 14 
14 9
2 18 1 20 39 29 0 38 47 
44 5
13 29 42 47 22 
36 8
0 47 16 46 9 27 23 20 
11 10
22 39 42 25 9 17 10 47 2 35 
16 8
33 46 39 4 5 28 36 2 
2 7
20 14 11 21 38 25 16 
28 8
30 16 31 21 40 34 26 45 
12 8
0 32 1 19 27 48 7 34 
34 9
46 32 23 49 43 3 18 12 28 
48 6
3 10 30 31 27 12 
19 9
49 0 29 24 31 6 12 41 20 
32 8
34 12 1 27 31 38 29 8 
22 8
11 43 8 44 6 18 29 0 
5 10
16 20 10 29 1 31 35 37 21 13 
38 10
0 2 35 1 9 32 13 8 20 14 
33 6
16 10 29 9 27 18 
15 5
8 30 27 39 25 
25 8
4 18 11 10 15 26 2 41 
37 6
24 26 29 5 49 31 
31 9
19 21 37 28 48 32 10 3 5 
49 8
19 34 18 13 29 10 8 37 
29 14
19 7 22 49 5 3 32 45 39 33 44 14 37 42 
21 7
8 30 31 28 42 5 2 
8 8
15 21 27 9 22 38 49 32 
13 6
46 44 26 38 49 5 
18 10
42 1 7 49 25 33 22 23 14 34 
26 7
27 28 37 13 25 20 45 
46 9
34 16 17 13 41 0 30 36 6 
6 7
19 22 30 0 1 46 43 
0 12
12 38 36 22 19 45 7 6 10 46 1 14 
17 6
46 20 40 10 30 11 
9 8
47 36 38 8 33 24 11 10 
20 10
4 38 17 1 5 14 2 26 19 36 
30 8
15 46 1 21 28 48 17 6 
23 4
34 39 18 36 
3 6
48 31 1 41 34 29 
40 3
17 28 41 
45 5
29 0 28 1 26 
43 4
22 1 34 6 
