50
13 6
27 28 31 14 34 12 
12 6
29 48 42 33 13 38 
34 4
7 13 22 42 
14 5
48 19 1 13 25 
31 6
28 4 13 20 3 10 
28 10
13 22 36 31 17 48 37 11 40 44 
27 4
22 13 7 15 
10 4
21 38 20 31 
3 4
42 16 37 31 
20 6
11 41 10 40 31 45 
4 4
16 38 31 23 
5 4
6 23 36 43 
43 5
29 42 47 5 23 
36 6
24 22 47 35 28 5 
23 12
45 38 5 1 9 0 29 22 16 33 43 4 
6 4
8 5 1 49 
9 4
23 39 17 18 
18 6
46 30 38 35 2 9 
17 3
28 9 46 
39 9
29 15 32 1 41 7 9 37 26 
45 4
23 37 8 20 
40 7
29 15 28 1 20 7 35 
41 5
21 20 39 46 22 
8 4
6 32 49 45 
49 5
0 48 6 8 11 
32 7
35 39 1 8 16 21 47 
22 9
34 19 36 23 28 48 27 25 41 
25 6
35 1 21 16 14 22 
48 15
30 15 29 33 44 12 49 2 46 28 22 0 1 37 14 
19 7
22 33 44 16 14 21 0 
1 12
25 39 40 14 30 23 35 32 6 42 0 48 
42 5
3 1 12 43 34 
7 4
34 40 39 27 
0 7
49 21 23 48 1 26 19 
21 7
25 41 10 0 19 32 46 
16 6
3 4 23 19 25 32 
44 4
37 48 28 19 
33 7
48 19 35 12 38 24 23 
24 3
36 33 38 
38 7
23 33 18 10 4 12 24 
30 6
47 2 37 18 1 48 
15 6
2 48 27 39 40 11 
29 7
12 43 40 39 23 48 11 
2 5
26 15 30 48 18 
37 7
44 30 45 28 48 39 3 
35 8
11 32 25 1 18 40 36 33 
46 5
18 41 21 48 17 
11 6
20 35 28 15 29 49 
26 3
2 39 0 
47 4
43 30 36 32 
