30
24 5
26 15 0 27 28 
28 8
7 25 17 9 12 26 10 24 
27 9
7 26 0 24 9 12 3 16 8 
10 11
0 12 3 5 23 26 2 20 11 21 28 
26 12
23 14 20 27 28 5 24 11 21 10 15 6 
12 13
6 1 5 18 4 25 9 28 27 10 15 22 21 
9 7
12 15 16 27 28 3 13 
17 10
6 15 1 3 25 20 14 28 22 4 
21 10
18 6 0 29 10 4 26 12 20 14 
22 10
8 11 20 6 25 12 17 1 2 19 
15 12
18 9 17 4 13 11 24 14 20 29 12 26 
25 8
4 28 17 1 3 22 23 12 
23 5
26 1 10 4 25 
3 10
10 11 7 8 4 17 27 9 25 5 
1 7
2 12 17 5 25 23 22 
2 6
1 18 22 10 13 20 
20 10
6 17 22 15 10 0 26 2 21 7 
13 6
15 11 19 2 5 9 
7 5
28 27 3 8 20 
0 8
10 18 19 16 21 24 27 20 
29 3
15 21 6 
6 9
12 20 17 21 4 22 26 29 18 
5 8
11 10 12 14 13 26 1 3 
16 6
11 0 19 27 9 14 
14 7
15 5 26 17 11 21 16 
19 4
13 0 16 22 
18 7
21 2 12 15 0 8 6 
8 5
22 7 18 3 27 
11 10
22 14 16 5 3 13 15 10 26 4 
4 9
25 15 12 6 23 3 21 11 17 
