20
8 7
0 9 11 4 2 3 1 
1 6
10 9 12 16 8 6 
3 9
11 18 4 9 17 8 13 10 15 
14 5
16 18 10 9 17 
17 4
3 6 2 14 
10 11
0 15 16 11 2 14 9 5 1 3 18 
18 7
3 9 14 13 15 10 0 
9 14
4 2 19 7 10 13 15 0 1 18 5 3 14 8 
4 8
9 7 8 11 0 3 2 6 
6 12
19 11 16 13 7 1 5 0 15 17 4 12 
2 9
8 0 10 15 4 7 17 9 19 
19 5
6 9 13 11 2 
7 6
4 12 2 16 9 6 
15 10
11 10 0 9 2 6 16 13 18 3 
13 7
19 12 18 3 6 9 15 
16 8
11 6 14 1 7 0 10 15 
5 5
10 9 12 6 11 
11 10
6 8 16 4 19 15 10 0 3 5 
12 6
13 7 1 5 0 6 
0 11
6 16 8 2 10 15 4 12 11 9 18 
