20
4 8
6 8 9 14 1 2 19 15 
15 8
2 8 16 12 6 13 11 4 
19 7
18 1 4 9 10 8 16 
14 10
2 16 7 4 3 18 1 5 6 11 
11 9
9 6 0 15 5 1 3 2 14 
6 13
17 4 12 13 11 14 10 15 8 5 18 3 1 
8 11
4 19 9 17 15 0 10 13 18 5 6 
5 7
11 12 6 18 14 9 8 
13 9
12 6 18 17 0 15 10 16 8 
10 7
16 8 2 19 6 13 18 
0 8
9 13 11 2 16 8 3 12 
17 6
6 9 13 8 18 3 
18 10
5 17 6 2 19 14 8 13 7 10 
9 9
0 4 17 11 1 5 19 8 16 
2 8
14 18 12 4 10 15 0 11 
3 7
14 6 7 12 11 0 17 
7 3
14 3 18 
1 6
9 14 11 4 19 6 
16 7
14 10 0 15 13 9 19 
12 7
13 2 6 5 3 15 0 
