50
25 6
23 31 19 29 46 37 
37 7
21 29 1 2 43 4 25 
46 9
34 42 21 25 9 17 16 36 30 
2 8
36 39 14 47 37 41 31 33 
33 3
30 10 2 
31 8
25 8 48 49 47 5 18 2 
41 6
43 8 5 2 19 36 
4 5
16 23 36 39 37 
39 4
2 45 4 6 
36 11
46 10 2 26 32 6 4 12 22 41 14 
32 5
34 40 30 36 22 
22 10
35 18 7 0 47 6 32 36 48 38 
30 9
12 49 33 46 32 19 35 18 17 
40 3
16 35 32 
34 3
46 32 21 
26 3
8 36 21 
21 7
37 46 19 26 13 28 34 
43 8
41 47 1 20 9 12 11 37 
1 4
43 27 37 12 
14 4
2 12 5 36 
12 11
10 30 36 19 43 14 20 1 24 9 7 
6 10
27 42 15 29 5 18 22 36 20 39 
10 8
49 11 12 42 27 33 36 18 
38 8
45 47 9 17 18 3 22 15 
48 6
29 24 11 31 22 3 
47 8
5 43 38 42 31 22 2 19 
0 4
22 19 28 27 
7 3
23 22 12 
28 6
0 18 3 24 21 42 
42 5
47 46 10 6 28 
3 5
8 28 48 38 5 
19 8
25 41 15 0 12 30 21 47 
5 8
31 47 41 14 20 3 18 6 
11 4
10 43 48 23 
23 6
4 25 7 35 27 11 
18 14
28 31 6 30 22 5 35 45 16 44 10 29 8 38 
20 5
6 43 13 12 5 
15 4
19 13 6 38 
27 6
6 44 1 10 0 23 
35 5
40 22 23 30 18 
45 5
38 39 18 24 44 
16 4
40 4 46 18 
8 5
41 26 31 3 18 
44 3
27 18 45 
29 5
37 48 25 18 6 
24 5
17 28 48 12 45 
13 4
20 15 21 49 
49 4
10 31 30 13 
17 4
24 38 30 46 
9 4
38 43 46 12 
