30
12 6
15 11 21 4 19 9 
9 13
1 2 16 8 17 27 15 0 10 22 14 11 12 
19 9
25 17 28 13 0 12 24 2 5 
11 13
8 20 12 21 5 3 1 7 13 23 22 17 9 
22 8
25 6 3 15 7 9 11 20 
23 8
4 17 6 16 8 11 26 2 
13 9
6 26 19 18 3 24 11 20 29 
1 9
8 14 10 9 27 6 11 3 18 
21 10
28 27 16 6 12 26 10 11 14 20 
18 9
16 17 26 3 5 1 29 13 4 
4 7
23 12 8 17 28 2 18 
29 10
16 6 0 25 17 27 14 3 18 13 
5 11
11 24 20 17 27 16 3 18 19 0 6 
26 11
8 2 13 23 21 17 6 3 18 14 25 
20 11
14 5 3 17 27 7 13 11 21 8 22 
3 13
27 22 14 20 26 11 24 5 1 18 29 15 13 
15 10
12 2 14 9 22 3 24 10 0 16 
16 9
9 23 18 5 29 10 15 21 24 
0 9
25 14 19 6 9 5 29 15 10 
24 9
13 6 5 3 10 15 19 27 16 
14 13
6 20 1 3 21 28 27 17 9 15 0 29 26 
2 10
8 15 25 7 9 27 4 26 19 23 
28 7
17 21 14 10 19 7 4 
17 15
9 28 7 4 20 25 14 26 19 5 10 29 18 11 23 
8 10
11 25 1 2 26 10 9 4 23 20 
6 13
14 25 13 22 23 24 21 10 29 0 26 1 5 
25 9
8 22 6 0 29 17 19 2 26 
7 7
11 10 2 28 17 22 20 
27 10
3 1 5 29 2 21 24 9 14 20 
10 12
7 1 6 16 8 24 21 15 0 17 28 9 
