30
27 5
28 13 26 12 22 
22 5
2 13 21 12 27 
20 5
1 3 15 29 6 
6 4
4 8 14 20 
29 5
12 2 0 10 20 
3 3
19 20 4 
14 5
26 6 5 28 11 
11 3
25 12 14 
28 7
27 0 21 19 16 18 14 
26 6
14 7 21 27 17 15 
15 4
0 24 20 26 
17 3
18 23 26 
21 5
22 26 10 28 9 
9 3
13 18 21 
10 6
7 1 29 16 24 21 
23 3
1 7 17 
7 6
26 10 18 23 24 13 
12 7
27 11 18 22 8 29 0 
1 5
13 10 20 23 4 
4 5
6 24 5 3 1 
0 5
5 28 15 29 12 
8 5
2 16 6 18 12 
18 8
19 16 8 17 9 28 7 12 
16 6
18 5 8 28 10 2 
13 5
1 9 27 22 7 
24 7
10 15 4 25 2 19 7 
19 6
24 28 18 3 5 25 
2 5
22 24 29 8 16 
25 3
11 24 19 
5 5
0 16 4 14 19 
