20
4 10
14 13 19 2 10 0 1 3 18 9 
9 11
11 14 10 0 19 2 17 3 5 18 4 
18 10
12 16 8 1 3 13 7 4 15 9 
0 7
1 5 17 9 13 4 16 
2 12
13 7 1 12 15 4 17 9 14 8 6 11 
13 12
2 5 1 18 14 4 16 11 0 15 10 6 
14 10
10 9 13 4 1 2 19 12 8 16 
16 10
13 5 18 3 6 14 8 15 0 12 
12 9
18 17 7 15 10 2 14 8 16 
19 5
4 3 9 6 14 
1 11
4 6 13 7 14 2 0 10 15 18 5 
10 11
4 14 8 17 9 15 12 13 1 5 6 
6 12
1 5 11 15 10 8 16 19 2 17 7 13 
5 13
13 7 9 17 11 16 8 6 0 15 10 3 1 
11 8
9 15 8 6 13 2 5 3 
8 11
12 15 10 6 14 11 17 16 2 5 18 
17 9
7 5 0 10 12 2 9 8 6 
15 12
12 8 16 10 11 6 2 7 13 1 5 18 
7 9
17 2 12 15 5 1 18 3 6 
3 8
9 4 19 5 18 16 7 11 
