30
24 9
4 2 8 21 11 5 18 1 3 
3 10
7 12 27 22 23 29 0 24 26 5 
11 5
7 4 12 8 24 
21 11
22 19 26 18 5 10 0 24 4 17 25 
8 12
13 25 19 11 24 0 16 20 14 1 18 6 
2 3
24 0 14 
6 8
22 25 13 1 10 0 16 8 
18 7
25 4 24 21 8 9 1 
14 7
13 7 25 8 22 23 2 
16 9
6 17 28 4 20 5 8 13 22 
0 10
7 13 3 2 6 22 23 21 17 8 
12 4
4 11 3 5 
5 8
19 22 4 16 24 21 3 12 
4 13
12 17 27 20 16 25 29 15 18 5 24 11 21 
1 4
8 24 6 18 
9 3
13 27 18 
23 3
3 14 0 
25 8
17 6 18 7 8 14 4 21 
26 4
13 21 3 27 
27 6
4 3 9 17 26 20 
20 6
22 4 29 8 16 27 
22 10
6 21 20 14 3 5 19 7 0 16 
7 8
11 0 10 3 25 14 22 28 
19 5
5 21 8 22 17 
17 9
4 16 25 28 27 29 0 21 19 
13 11
26 6 14 0 10 15 29 8 16 9 28 
28 4
16 17 13 7 
29 6
3 17 20 15 4 13 
15 3
29 4 13 
10 4
21 6 7 13 
