50
31 10
28 32 8 16 33 35 26 20 39 11 
11 12
6 45 42 43 46 36 22 20 48 31 38 10 
39 13
38 14 34 46 16 27 17 31 47 49 6 15 23 
26 12
16 22 4 24 21 38 25 0 10 9 28 31 
35 10
30 45 17 31 47 37 14 6 46 16 
37 9
4 46 8 32 6 45 35 10 42 
42 7
48 17 15 25 11 37 34 
10 11
17 28 34 3 5 18 33 26 37 11 23 
45 17
35 33 4 49 2 7 15 0 41 27 37 24 18 11 20 32 30 
6 16
11 27 38 35 7 13 44 4 39 20 37 14 12 23 0 22 
29 14
18 25 16 12 43 47 2 49 1 9 28 21 20 15 
1 14
7 20 34 40 29 19 9 48 49 4 3 16 8 38 
25 11
49 22 23 42 15 0 29 19 26 7 48 
2 8
33 28 17 41 19 45 21 29 
16 15
38 26 13 29 12 39 31 35 47 46 0 9 1 43 36 
12 9
6 43 49 16 27 5 18 41 29 
43 12
41 17 48 11 16 46 8 33 30 12 47 29 
47 15
39 43 4 18 14 29 15 40 35 22 9 27 38 3 16 
49 15
25 12 45 19 15 29 39 41 22 9 1 33 20 21 4 
38 14
41 7 11 24 4 47 30 26 19 6 16 39 1 9 
20 16
19 6 30 4 49 18 11 44 1 9 31 46 7 29 13 45 
22 13
30 0 18 32 6 26 25 21 11 4 47 49 7 
23 14
5 14 39 15 3 30 25 4 46 7 10 27 9 6 
15 14
29 23 36 39 49 47 8 5 3 42 45 48 17 25 
48 9
43 18 1 11 24 42 15 36 25 
36 10
15 16 4 11 32 41 40 17 48 28 
30 8
35 45 38 43 20 22 23 5 
33 12
3 7 45 2 44 31 27 28 0 10 49 43 
8 8
1 24 37 43 15 34 31 9 
5 12
21 4 12 32 7 13 3 18 10 15 23 30 
3 14
19 28 7 23 5 9 1 0 13 15 27 10 33 47 
18 10
48 45 32 22 29 10 5 12 47 20 
13 9
6 20 3 5 28 9 27 44 16 
27 13
39 23 12 47 46 33 45 19 0 3 6 32 13 
32 12
24 37 36 22 45 19 18 5 31 27 28 7 
7 17
46 5 1 22 23 38 25 32 3 41 45 6 19 21 20 4 33 
4 19
36 49 5 45 6 21 20 34 23 38 47 9 22 1 28 17 7 37 26 
46 13
7 43 35 19 27 39 20 23 37 11 24 16 44 
44 8
19 13 20 33 46 6 0 9 
24 11
32 38 41 45 26 0 14 8 46 48 28 
19 14
27 3 1 14 44 46 7 32 25 38 20 21 2 49 
28 13
13 2 26 31 17 29 10 33 3 24 4 32 36 
17 11
36 39 41 28 15 10 35 2 43 4 42 
9 18
26 34 23 41 38 8 44 1 16 3 47 4 49 21 20 13 40 29 
41 13
38 24 43 49 36 12 40 14 7 2 45 17 9 
14 9
39 0 6 24 41 19 35 23 47 
40 5
1 41 47 36 9 
34 8
9 39 4 1 21 10 8 42 
21 11
29 22 7 5 4 49 34 19 2 26 9 
0 12
14 22 25 45 26 16 33 44 24 27 6 3 
