100
89 1
64 
64 3
21 89 17 
28 1
17 
17 2
64 28 
36 1
25 
25 2
67 36 
5 1
85 
85 5
45 97 61 11 5 
98 1
2 
2 3
61 49 98 
12 1
50 
50 3
80 29 12 
0 1
84 
84 3
71 74 0 
88 1
75 
75 3
91 8 88 
23 1
91 
91 3
42 75 23 
18 1
7 
7 6
67 47 27 78 16 18 
21 4
96 42 64 59 
54 1
38 
38 4
45 71 43 54 
92 1
41 
41 5
56 51 76 60 92 
87 1
45 
45 10
67 85 14 57 38 72 94 83 70 87 
68 1
51 
51 2
41 68 
60 1
41 
9 1
93 
93 2
67 9 
1 1
24 
24 2
57 1 
76 2
41 81 
81 2
76 20 
57 3
45 13 24 
8 1
75 
42 3
21 69 91 
4 1
63 
63 2
13 4 
48 1
31 
31 2
71 48 
34 1
15 
15 3
78 34 66 
67 4
7 45 93 25 
77 1
32 
32 2
71 77 
66 3
26 15 10 
10 1
66 
70 1
45 
72 2
45 6 
6 1
72 
74 1
84 
13 2
57 63 
97 6
85 22 30 82 55 62 
62 1
97 
55 1
97 
82 1
97 
30 1
97 
22 5
97 80 90 40 52 
35 1
73 
73 2
71 35 
16 1
7 
71 5
38 32 31 73 84 
59 1
21 
96 5
14 33 21 19 58 
26 3
66 14 95 
95 1
26 
14 5
45 26 44 96 79 
83 1
45 
37 1
94 
94 5
45 46 56 99 37 
46 1
94 
65 1
61 
61 5
85 2 53 3 65 
78 2
7 15 
27 1
7 
47 1
7 
11 1
85 
90 1
22 
33 2
96 86 
86 1
33 
52 1
22 
79 1
14 
44 1
14 
39 1
56 
56 3
94 41 39 
99 1
94 
40 1
22 
80 2
22 50 
3 1
61 
53 1
61 
43 1
38 
69 1
42 
49 1
2 
58 1
96 
19 1
96 
29 1
50 
20 1
81 
