30
13 7
9 25 23 10 29 7 18 
18 7
29 12 23 14 1 7 13 
7 6
18 4 16 21 13 9 
29 8
12 28 17 25 5 18 1 13 
23 4
8 18 5 13 
25 11
9 27 16 5 15 29 22 13 19 2 11 
9 6
4 25 13 7 11 24 
1 9
17 15 29 3 18 11 24 22 12 
15 7
6 10 1 24 11 25 12 
12 10
14 27 28 17 26 18 1 29 10 15 
24 10
8 15 0 22 28 9 1 26 19 20 
11 9
1 16 19 2 20 15 10 9 25 
22 6
21 24 16 25 0 1 
0 9
21 24 14 28 2 26 19 22 10 
16 7
28 11 25 7 22 14 8 
21 7
0 14 4 7 22 28 27 
3 3
8 1 6 
17 7
2 28 12 29 1 6 20 
10 6
12 13 11 15 0 6 
20 5
19 6 11 24 17 
14 9
12 21 0 18 8 16 27 28 26 
19 8
20 25 0 27 11 24 6 5 
26 6
27 6 24 12 0 14 
28 8
16 12 17 24 21 29 0 14 
27 6
12 25 26 19 14 21 
8 5
24 23 14 3 16 
6 10
20 26 2 19 15 10 5 3 17 4 
2 5
17 0 11 6 25 
5 5
29 6 25 23 19 
4 4
9 21 7 6 
