100
51 2
11 46 
46 6
66 10 96 75 94 51 
54 2
80 21 
21 6
26 96 90 13 61 54 
64 5
65 38 35 59 71 
71 3
73 13 64 
94 3
62 86 46 
73 4
71 83 8 26 
26 5
13 42 21 84 73 
72 2
70 13 
13 5
26 40 21 71 72 
48 3
28 20 23 
23 4
70 53 88 48 
36 1
55 
55 4
14 40 24 36 
2 4
43 91 85 37 
37 2
79 2 
85 1
2 
91 3
52 6 2 
45 4
32 82 27 83 
83 10
16 3 65 20 14 80 84 73 69 45 
57 3
76 99 59 
59 6
62 64 97 0 52 57 
31 2
14 32 
32 6
62 50 45 69 43 31 
0 3
33 30 59 
25 4
50 96 41 29 
29 3
80 4 25 
6 3
3 35 91 
52 7
91 14 49 47 28 59 35 
35 4
64 99 6 52 
84 4
98 68 83 26 
90 7
40 92 68 77 70 62 21 
80 8
33 29 86 47 54 24 19 83 
20 4
83 74 48 65 
65 6
83 81 64 86 4 20 
86 4
80 94 65 44 
44 6
82 24 34 39 43 86 
16 3
87 83 41 
41 5
74 88 25 81 16 
43 6
5 42 2 44 33 32 
98 4
84 19 93 99 
99 7
79 49 98 1 57 95 35 
82 4
44 45 60 40 
40 6
42 13 90 1 55 82 
89 3
69 8 39 
39 6
17 66 79 22 44 89 
88 2
41 23 
97 5
68 70 17 59 93 
93 2
98 97 
17 5
38 39 97 67 58 
70 8
66 72 90 78 79 23 97 15 
42 5
40 26 43 4 22 
22 2
39 42 
4 7
79 77 42 29 10 28 65 
49 6
96 52 77 75 99 87 
87 3
16 92 49 
75 4
27 49 46 7 
77 6
24 90 49 4 5 8 
19 2
98 80 
24 7
50 77 79 44 81 80 55 
3 5
83 6 56 8 76 
76 4
28 57 15 3 
62 6
59 32 94 90 60 69 
69 5
32 83 62 89 11 
60 2
82 62 
92 5
87 90 81 18 50 
50 4
25 24 32 92 
18 2
1 92 
81 5
24 65 30 92 41 
67 1
17 
58 2
78 17 
30 2
0 81 
28 4
76 48 52 4 
10 2
46 4 
74 3
41 20 1 
1 4
18 99 74 40 
53 1
23 
68 5
97 84 96 90 9 
9 1
68 
11 2
51 69 
8 4
3 73 89 77 
5 2
43 77 
38 3
17 64 33 
33 6
0 80 34 14 43 38 
61 4
21 79 14 27 
27 4
75 12 45 61 
14 6
55 52 83 31 61 33 
79 8
39 4 99 70 37 24 61 12 
78 3
58 70 96 
96 7
49 25 46 21 78 68 66 
15 2
70 76 
7 1
75 
56 2
3 47 
47 4
52 80 34 56 
12 2
27 79 
95 1
99 
34 4
33 44 63 47 
63 1
34 
66 4
70 39 46 96 
