30
19 10
10 17 27 24 1 3 18 8 16 7 
7 4
21 16 3 19 
16 7
27 9 7 29 12 19 25 
8 6
25 3 0 10 9 19 
18 5
13 29 2 19 26 
3 9
8 5 1 29 0 7 19 2 17 
1 5
15 19 26 3 23 
24 5
4 19 26 29 13 
27 5
16 26 19 21 22 
17 4
19 5 3 23 
10 6
19 26 2 11 29 8 
28 3
14 26 5 
5 7
3 22 23 13 17 28 29 
26 10
22 14 10 24 11 28 27 6 1 18 
14 8
28 13 0 15 29 26 25 11 
21 4
7 11 27 6 
29 10
16 3 18 5 14 20 22 23 10 24 
11 6
13 4 21 26 14 10 
2 4
20 18 3 10 
22 6
26 12 5 29 9 27 
6 3
20 26 21 
20 4
6 2 15 29 
0 6
14 23 3 8 13 15 
25 3
8 16 14 
12 4
22 23 16 9 
9 6
16 8 23 22 4 12 
23 9
9 17 15 0 29 12 4 5 1 
15 5
1 14 20 23 0 
13 6
11 24 14 18 5 0 
4 4
23 24 11 9 
