50
42 6
6 27 28 45 34 21 
21 4
4 46 42 12 
34 4
5 24 45 42 
45 7
34 35 36 42 10 1 13 
28 6
9 4 43 42 46 6 
27 6
33 42 32 24 19 26 
6 2
42 28 
49 8
3 0 48 44 33 14 19 43 
43 7
3 22 46 12 38 49 28 
19 6
3 10 49 4 27 48 
14 3
49 24 23 
33 5
27 24 11 49 38 
44 5
8 7 49 5 32 
23 3
31 35 14 
35 6
13 23 37 45 2 17 
12 7
48 13 26 32 43 21 30 
46 7
22 10 21 9 28 5 43 
5 7
34 18 1 46 44 36 15 
9 5
28 46 10 29 40 
40 3
13 30 9 
29 4
37 25 38 9 
10 5
46 19 45 17 9 
38 6
13 1 15 29 43 33 
15 7
37 8 17 48 38 5 3 
1 6
39 2 45 38 5 47 
25 3
0 29 47 
48 5
12 49 7 15 19 
4 9
47 2 19 41 28 21 24 37 16 
41 3
37 17 4 
17 4
10 15 41 35 
37 5
29 15 41 35 4 
32 5
27 36 30 12 44 
30 3
40 32 12 
36 6
16 45 32 5 0 22 
26 4
16 11 12 27 
11 4
31 26 33 7 
24 6
20 34 14 4 33 27 
39 4
2 1 18 20 
20 4
24 2 22 39 
18 4
0 5 16 39 
7 3
44 48 11 
16 5
36 26 3 18 4 
22 5
46 31 20 43 36 
31 4
11 23 22 13 
0 4
49 18 25 36 
47 5
13 4 1 25 8 
2 5
39 20 4 1 35 
13 7
47 40 38 12 35 45 31 
3 5
19 16 49 43 15 
8 3
44 15 47 
