20
2 8
7 19 17 1 5 12 11 10 
10 9
16 4 11 5 3 1 13 19 2 
11 6
4 10 7 14 2 9 
12 9
4 6 15 19 2 1 5 9 14 
5 11
19 2 3 12 7 13 16 8 4 10 0 
1 7
17 8 2 19 10 12 13 
17 7
13 19 2 0 16 1 18 
0 9
14 4 6 13 16 8 9 17 5 
4 9
11 12 8 7 6 0 10 15 5 
8 11
9 4 16 14 7 13 19 0 1 5 3 
16 9
10 0 19 8 3 5 6 14 17 
13 8
17 8 10 0 7 3 5 1 
7 9
8 4 6 5 11 13 2 19 15 
3 7
5 18 15 10 13 16 8 
19 10
12 17 2 5 1 15 10 16 8 7 
14 6
8 16 0 15 11 12 
9 6
8 0 12 18 11 6 
15 7
6 3 12 19 4 14 7 
6 8
18 4 7 12 15 0 16 9 
18 4
6 3 9 17 
