50
13 8
5 29 10 33 36 23 19 39 
39 11
17 48 9 42 0 16 24 21 30 1 13 
19 6
35 48 28 34 36 13 
23 7
48 36 49 4 15 21 13 
36 17
35 23 46 44 0 6 19 24 21 43 2 49 18 13 40 25 30 
33 8
0 21 44 13 7 2 35 47 
10 9
3 5 25 38 48 37 13 0 4 
29 7
38 25 13 47 30 45 11 
11 6
5 18 49 47 44 29 
45 9
47 3 28 12 34 38 29 15 6 
30 9
18 47 43 39 14 20 29 36 12 
47 12
30 18 24 11 46 33 28 31 29 45 35 26 
9 8
31 26 22 39 44 3 1 24 
24 11
6 46 40 39 14 47 4 36 22 7 9 
1 4
35 14 39 9 
3 9
45 20 34 10 6 32 42 8 9 
44 9
8 33 16 0 34 9 36 11 42 
18 9
35 46 11 14 20 47 49 30 36 
49 13
31 28 7 38 5 18 35 20 11 37 23 36 15 
20 10
21 40 26 2 30 3 18 49 38 32 
14 9
17 22 30 46 1 18 24 12 26 
22 4
9 14 40 24 
40 7
24 34 20 41 36 22 8 
8 6
44 43 7 27 40 3 
27 5
0 41 7 8 37 
7 9
32 6 8 33 49 21 24 27 17 
42 3
39 3 44 
15 5
23 16 45 43 49 
37 9
34 43 49 28 48 27 31 25 10 
35 10
19 36 12 34 47 49 18 1 33 17 
5 6
11 13 49 28 10 38 
38 7
31 45 49 29 10 20 5 
28 9
0 49 47 37 5 17 45 19 41 
17 7
14 39 43 4 28 7 35 
34 10
31 37 40 16 44 45 35 26 19 3 
41 5
27 48 28 21 40 
25 6
26 29 10 21 37 36 
31 6
9 34 38 49 47 37 
48 9
23 39 41 16 46 19 10 37 21 
43 10
17 8 37 12 4 30 36 15 26 6 
2 8
0 26 21 36 6 33 16 20 
4 5
23 17 43 24 10 
16 7
32 48 15 34 39 2 44 
26 9
25 9 2 46 34 20 14 47 43 
46 9
18 24 26 48 47 32 6 36 14 
6 8
24 36 3 2 45 43 46 7 
12 6
45 35 0 43 14 30 
0 9
2 12 27 28 39 36 33 44 10 
21 10
25 33 2 36 23 7 41 20 39 48 
32 5
7 16 46 3 20 
