20
2 6
14 4 1 8 15 10 
10 10
0 8 13 4 5 11 12 6 2 17 
17 9
12 19 8 7 13 0 10 1 18 
18 7
11 7 5 12 15 9 17 
7 8
16 0 15 17 6 4 18 1 
1 5
4 17 2 13 7 
11 6
18 5 6 4 10 13 
13 11
0 10 19 9 17 8 16 14 5 1 11 
14 9
2 4 8 12 3 5 13 0 15 
15 11
2 4 9 7 0 12 18 5 3 14 16 
5 9
8 12 11 18 13 14 15 10 0 
3 5
16 15 0 14 12 
16 7
3 12 8 7 13 0 15 
12 11
17 8 16 14 5 18 3 4 15 10 19 
0 12
19 7 13 17 9 10 15 16 8 14 3 5 
19 6
0 4 17 13 12 8 
4 10
11 14 19 2 15 10 1 7 12 9 
9 5
15 0 18 13 4 
6 3
11 7 10 
8 10
5 13 12 17 14 10 0 16 2 19 
