30
8 4
15 14 20 3 
3 5
24 29 7 1 8 
14 6
17 8 12 4 5 18 
18 8
0 13 7 21 26 1 14 23 
26 6
23 17 4 18 0 12 
12 6
14 6 10 13 19 26 
0 8
18 4 22 2 19 26 9 28 
22 6
9 0 7 11 24 21 
21 8
20 17 28 11 18 23 22 7 
24 8
29 19 3 5 1 27 9 22 
9 9
0 16 20 23 22 2 24 11 13 
13 3
18 12 9 
11 8
1 21 2 22 9 29 10 20 
1 8
6 11 24 18 3 15 29 17 
17 6
14 26 21 25 7 1 
29 7
10 24 11 28 3 1 25 
25 5
17 10 29 15 5 
15 7
19 8 10 23 20 1 25 
27 3
6 24 19 
19 7
12 6 24 27 10 15 0 
23 5
26 9 21 15 18 
20 5
9 15 8 21 11 
10 6
19 29 15 12 25 11 
6 6
1 12 28 27 19 2 
5 4
24 28 14 25 
7 7
17 18 3 22 21 16 4 
4 5
16 14 0 26 7 
16 3
4 9 7 
28 6
6 2 5 21 29 0 
2 5
0 28 9 11 6 
