100
4 2
69 89 
89 6
71 20 39 96 55 4 
34 2
1 51 
51 4
52 87 34 79 
83 3
43 86 13 
13 3
95 65 83 
2 3
94 37 93 
93 2
36 2 
41 2
82 3 
3 2
90 41 
88 3
74 39 49 
49 5
96 95 88 58 6 
97 3
0 37 48 
48 5
92 38 95 68 97 
54 3
64 55 81 
81 3
68 15 54 
23 2
33 32 
32 4
28 43 0 23 
60 3
9 64 46 
46 6
66 57 69 60 21 47 
64 5
54 40 98 60 86 
25 2
94 0 
0 5
17 98 97 32 25 
63 2
78 37 
37 4
97 2 77 63 
42 2
9 20 
20 4
40 89 57 42 
36 5
33 9 12 59 93 
73 1
57 
57 5
46 20 15 73 22 
76 1
52 
52 3
91 51 76 
1 2
34 43 
43 8
21 38 32 94 29 85 83 1 
82 5
41 56 78 8 94 
94 6
2 25 43 28 9 82 
75 1
98 
98 3
0 64 75 
21 3
11 43 46 
26 1
70 
70 4
68 56 44 26 
68 3
81 48 70 
67 2
55 62 
62 5
39 71 77 67 66 
59 2
27 36 
50 2
47 40 
40 6
31 12 64 50 20 92 
91 4
74 9 38 52 
9 5
60 36 91 42 94 
28 2
32 94 
38 6
48 7 96 43 91 84 
47 2
50 46 
77 3
62 37 99 
16 2
58 24 
24 2
78 16 
39 4
62 88 89 90 
90 3
39 14 3 
96 4
89 49 38 80 
80 3
99 96 19 
85 2
43 45 
29 1
43 
86 2
83 64 
99 2
80 77 
66 3
46 72 62 
44 1
70 
56 4
82 58 70 74 
15 2
57 81 
92 2
48 40 
12 4
18 40 17 36 
17 2
0 12 
19 4
10 80 27 61 
6 1
49 
58 3
16 56 49 
95 5
71 49 48 8 13 
55 3
54 67 89 
71 4
95 89 18 62 
18 5
71 11 12 69 53 
53 1
18 
69 3
4 46 18 
11 2
21 18 
35 1
8 
8 7
82 95 30 5 87 10 35 
10 2
19 8 
5 1
8 
30 4
8 31 78 72 
61 1
19 
84 1
38 
27 3
59 19 7 
87 2
8 51 
45 2
79 85 
22 1
57 
31 2
40 30 
14 1
90 
72 2
66 30 
78 5
63 82 30 33 24 
79 2
45 51 
33 3
36 23 78 
74 3
88 91 56 
65 1
13 
7 2
38 27 
