100
83 5
59 74 75 50 32 
32 7
22 88 84 83 54 28 29 
50 7
13 89 92 44 83 65 25 
75 4
4 90 83 71 
74 8
83 8 95 2 26 48 70 34 
92 5
46 15 95 50 77 
77 5
72 80 92 20 43 
95 11
18 5 47 37 89 92 90 41 74 33 19 
15 3
92 44 26 
46 5
48 58 92 98 97 
2 4
49 74 94 57 
57 3
76 2 40 
94 2
23 2 
49 6
2 81 93 54 8 53 
53 5
7 10 70 49 64 
8 5
74 5 3 97 49 
54 6
36 91 49 61 32 9 
93 3
85 12 49 
81 3
67 28 49 
98 2
76 46 
76 7
56 27 43 47 57 98 84 
78 2
51 58 
58 3
46 21 78 
51 5
78 44 5 97 99 
97 4
3 51 8 46 
3 8
8 97 67 66 80 71 21 61 
99 2
0 51 
5 11
8 95 22 21 68 31 51 91 56 73 62 
44 7
60 15 12 51 52 28 50 
26 3
17 74 15 
42 3
1 68 84 
84 7
32 96 76 89 66 48 42 
68 6
64 42 12 5 88 35 
1 3
73 69 42 
71 6
35 62 0 3 41 75 
41 6
20 71 70 61 95 27 
0 4
99 25 71 28 
62 2
71 5 
35 5
79 71 89 68 80 
64 2
68 53 
70 6
23 38 53 41 74 79 
10 5
53 90 55 7 23 
7 3
53 10 59 
27 4
76 41 87 6 
61 6
87 54 39 41 28 3 
20 3
30 41 77 
21 7
39 5 3 58 47 96 16 
48 6
31 74 63 46 11 84 
66 5
19 84 37 3 88 
89 5
14 50 95 84 35 
96 4
9 33 84 21 
30 2
20 17 
17 5
26 28 90 38 30 
52 4
59 16 44 39 
39 4
21 61 88 52 
16 2
52 21 
59 3
83 52 7 
34 2
11 74 
13 2
50 29 
29 3
4 32 13 
67 2
81 3 
25 3
90 0 50 
65 4
82 40 86 50 
12 5
93 68 44 91 72 
72 3
77 12 24 
91 3
54 5 12 
28 9
17 86 11 69 81 44 61 32 0 
69 4
28 60 1 36 
11 5
55 34 28 48 85 
86 4
4 65 28 90 
23 3
94 70 10 
6 2
85 27 
87 2
61 27 
55 2
11 10 
90 8
24 75 17 25 95 63 10 86 
60 4
44 45 69 4 
4 4
75 29 86 60 
45 3
22 43 60 
82 2
65 63 
63 4
48 90 14 82 
19 2
66 95 
36 2
54 69 
33 2
96 95 
37 2
95 66 
47 3
95 21 76 
18 2
95 56 
14 2
89 63 
43 3
76 77 45 
9 2
96 54 
85 3
6 93 11 
40 2
65 57 
24 2
90 72 
73 2
1 5 
56 3
76 5 18 
80 3
77 3 35 
88 4
32 68 66 39 
79 2
35 70 
38 2
70 17 
31 2
48 5 
22 3
45 32 5 
