50
13 6
11 45 36 31 48 12 
12 11
5 27 10 44 33 30 23 43 32 26 13 
47 3
27 2 4 
4 7
40 22 1 18 2 49 47 
16 8
27 19 38 44 6 18 1 3 
3 6
29 0 28 43 44 16 
31 6
34 14 13 41 49 22 
22 16
15 31 20 34 39 36 43 4 0 9 1 49 2 35 41 37 
24 6
19 49 43 29 14 34 
34 10
31 29 41 14 36 30 22 2 45 24 
11 6
13 36 19 2 45 26 
26 6
40 29 0 49 12 11 
39 8
19 38 28 15 22 36 18 1 
1 11
5 4 23 22 8 16 37 38 35 2 39 
20 6
19 33 28 17 23 22 
17 5
8 14 20 0 15 
15 10
22 43 49 32 39 14 38 48 17 8 
40 11
5 9 14 2 26 42 8 46 4 49 30 
30 8
36 12 33 25 38 32 34 40 
0 6
22 17 7 3 26 25 
25 7
7 30 49 8 46 29 0 
8 8
1 42 44 17 25 40 7 15 
33 6
30 20 49 12 21 27 
27 7
47 21 32 12 42 16 33 
18 6
39 10 16 9 4 5 
5 6
40 12 45 46 1 18 
48 4
45 15 13 7 
7 7
25 42 37 0 8 32 48 
43 9
15 24 2 49 38 12 46 22 3 
37 9
22 36 6 44 46 1 35 7 41 
41 9
6 49 22 34 29 38 31 28 37 
35 10
38 46 29 10 6 1 45 37 22 23 
32 6
15 7 12 30 36 27 
36 11
38 22 30 13 34 39 37 11 21 32 45 
10 5
18 12 21 35 19 
19 8
39 20 24 11 44 16 49 10 
29 9
23 34 3 41 26 35 24 38 25 
38 12
39 45 35 41 44 16 36 30 43 29 15 1 
9 7
45 18 22 40 14 46 28 
28 8
2 20 39 14 3 42 41 9 
46 9
35 45 25 40 43 5 9 37 21 
21 8
14 10 6 27 36 49 33 46 
49 15
24 41 44 33 19 14 26 43 4 21 22 31 25 40 15 
2 10
44 28 11 22 40 34 1 43 47 4 
45 10
38 13 11 46 9 48 5 36 35 34 
42 7
7 8 40 23 28 27 6 
6 6
41 37 21 35 16 42 
44 9
38 2 19 12 37 3 8 16 49 
14 10
40 34 15 21 24 31 17 28 9 49 
23 6
29 20 1 42 12 35 
