50
15 2
26 29 
29 2
7 15 
8 2
31 38 
38 4
46 8 12 20 
13 2
2 32 
32 3
41 13 35 
24 2
19 1 
1 3
28 36 24 
26 5
15 10 18 11 16 
16 2
27 26 
35 2
10 32 
41 2
37 32 
18 3
26 36 12 
12 6
19 25 38 14 34 18 
48 2
22 19 
19 5
12 24 34 22 48 
7 4
31 23 0 29 
14 2
12 34 
34 3
19 12 14 
11 3
47 26 42 
42 2
37 11 
39 2
25 20 
20 2
38 39 
33 2
21 25 
25 4
12 39 36 33 
4 1
10 
10 4
35 26 37 4 
22 4
48 30 49 19 
49 3
46 22 3 
9 2
43 44 
44 3
43 37 9 
46 6
17 38 49 47 0 40 
40 1
46 
0 2
46 7 
47 2
11 46 
17 4
45 31 46 23 
23 2
7 17 
31 5
8 7 36 37 17 
37 6
31 30 41 44 10 42 
30 4
22 37 27 28 
6 1
3 
3 3
21 49 6 
45 4
17 27 5 21 
21 3
3 33 45 
5 1
45 
27 5
30 36 45 16 43 
28 2
1 30 
2 2
13 36 
36 6
27 31 2 18 1 25 
43 3
44 9 27 
