50
19 3
45 48 36 
36 6
9 39 30 21 24 19 
43 7
15 49 2 30 34 8 16 
16 11
3 23 48 11 26 35 13 7 4 47 43 
20 7
23 46 47 15 39 2 35 
35 6
32 3 16 9 17 20 
46 4
11 45 20 22 
22 4
24 49 15 46 
48 7
47 16 27 6 26 19 15 
15 10
11 20 29 45 26 43 4 18 22 48 
47 5
48 20 16 26 45 
45 9
27 8 46 41 15 1 19 2 47 
7 5
28 31 23 30 16 
26 8
47 1 48 6 12 16 44 15 
32 5
17 35 4 49 34 
34 5
27 44 43 18 32 
9 9
10 36 8 35 2 40 5 13 6 
6 7
0 26 12 30 48 9 21 
5 7
12 23 17 9 0 29 10 
10 3
9 17 5 
29 7
24 11 15 31 4 49 5 
8 9
45 30 9 43 4 13 11 33 44 
44 3
34 26 8 
33 5
24 12 42 1 8 
37 3
13 30 14 
14 4
12 24 37 41 
18 8
1 31 21 24 49 15 34 23 
23 6
16 20 39 7 5 18 
1 6
18 26 45 42 39 33 
39 7
13 36 23 20 0 1 38 
42 4
33 49 1 27 
24 9
33 18 29 22 36 30 14 12 13 
25 3
30 12 49 
49 7
43 18 32 42 22 29 25 
2 5
43 9 20 45 3 
3 4
16 13 35 2 
4 6
32 13 16 8 29 15 
31 5
38 18 7 29 28 
28 3
12 7 31 
11 7
38 27 46 8 16 15 29 
13 8
39 3 4 8 16 9 37 24 
12 9
33 5 25 6 14 26 24 28 17 
30 9
25 8 43 36 37 24 6 41 7 
27 6
38 45 34 48 11 42 
41 4
45 30 14 40 
40 4
17 9 38 41 
17 6
32 40 5 10 12 35 
38 7
21 11 31 27 40 39 0 
0 4
6 5 39 38 
21 4
38 18 36 6 
