50
33 1
23 
23 8
11 2 30 25 39 20 8 33 
4 1
40 
40 5
28 38 39 43 4 
43 3
10 17 40 
8 8
24 23 20 41 32 5 18 27 
27 3
45 46 8 
48 3
6 39 12 
12 5
11 46 17 28 48 
7 3
25 2 9 
9 6
17 21 39 26 2 7 
10 5
43 20 25 22 45 
45 4
17 27 24 10 
38 4
40 26 11 24 
24 8
22 36 25 38 8 46 45 35 
47 5
39 34 36 13 6 
6 8
48 0 13 11 37 5 26 47 
16 3
15 5 44 
44 9
49 15 17 2 26 20 46 16 30 
32 4
8 28 20 39 
39 12
47 26 42 25 0 23 48 31 9 41 40 32 
26 7
9 44 39 38 36 2 6 
31 5
42 28 39 15 1 
1 5
19 35 46 17 31 
22 5
36 10 24 20 3 
3 1
22 
20 8
10 32 37 8 44 30 23 22 
13 2
47 6 
15 6
16 44 25 31 41 36 
36 7
47 22 24 11 2 26 15 
41 6
17 42 8 39 14 15 
29 3
46 35 19 
19 2
1 29 
35 4
1 24 29 42 
46 9
29 37 24 21 11 1 27 12 44 
11 6
6 38 23 36 12 46 
21 3
49 9 46 
2 7
44 7 23 36 26 9 28 
17 9
1 45 12 9 41 43 44 0 34 
34 2
47 17 
0 5
5 25 39 6 17 
30 3
23 20 44 
5 4
0 8 16 6 
37 4
46 20 6 49 
25 8
7 23 0 10 15 24 39 18 
49 3
44 21 37 
14 3
18 42 41 
18 4
28 14 8 25 
28 6
18 40 31 12 32 2 
42 5
31 41 14 39 35 
