30
4 7
10 1 13 7 28 9 12 
12 10
20 25 5 8 16 22 23 27 17 4 
9 6
7 8 17 23 4 6 
7 8
16 9 15 1 4 24 14 25 
8 6
15 12 13 9 14 18 
18 9
24 14 29 15 3 27 28 17 8 
14 10
0 27 17 24 2 26 18 1 7 8 
22 5
12 29 10 21 24 
24 12
21 16 25 2 13 7 18 1 0 29 14 22 
21 6
24 29 15 0 1 22 
10 8
4 2 17 11 16 1 29 22 
29 7
10 22 23 21 24 18 1 
6 5
20 23 27 9 26 
23 7
26 2 6 12 29 27 9 
17 6
10 18 9 12 14 2 
1 11
4 16 7 28 11 24 21 10 29 15 14 
15 7
7 21 18 1 20 8 16 
11 5
10 26 2 1 27 
28 8
4 0 18 3 5 1 16 19 
0 5
14 20 28 24 21 
27 8
6 14 12 23 13 11 18 3 
3 7
20 16 25 19 18 28 27 
19 3
26 3 28 
16 11
1 3 24 25 7 13 12 10 15 28 2 
5 3
12 28 25 
2 7
14 10 24 11 23 16 17 
20 5
3 12 6 0 15 
13 5
4 24 8 16 27 
25 7
16 26 24 12 3 5 7 
26 6
23 11 25 19 14 6 
