50
13 10
42 14 8 45 27 17 36 22 10 0 
0 9
27 21 38 45 13 33 46 8 36 
22 11
32 41 13 45 4 46 16 25 15 30 23 
17 8
15 46 33 5 13 36 21 32 
45 9
9 0 24 19 35 13 30 22 49 
15 14
2 32 34 31 22 9 17 18 48 11 21 29 41 42 
32 13
3 18 26 35 41 38 22 15 21 37 14 48 17 
34 9
30 31 42 11 21 4 7 15 5 
23 13
18 7 41 4 20 14 21 31 28 2 8 33 22 
25 9
26 37 24 46 44 16 20 39 22 
16 7
20 3 19 43 12 25 22 
46 11
42 25 48 31 17 0 3 18 33 36 22 
4 14
6 47 34 9 22 23 14 37 10 41 7 28 2 38 
36 13
46 21 2 19 6 13 7 39 1 18 9 17 0 
8 10
12 23 44 19 26 5 0 13 7 41 
21 16
2 32 47 36 43 23 48 17 34 24 33 12 40 15 0 5 
40 6
43 6 21 39 44 31 
31 7
15 46 23 38 42 34 40 
44 12
7 6 25 27 42 24 20 40 49 43 8 33 
39 12
29 24 43 48 25 36 30 2 35 40 3 1 
33 10
1 47 17 0 21 46 44 12 20 23 
18 8
28 35 11 32 15 23 36 46 
3 8
32 41 1 39 16 46 12 42 
2 11
15 4 6 9 38 39 21 37 24 36 23 
28 9
27 18 5 43 4 49 23 26 19 
14 10
13 11 30 23 4 19 27 6 32 5 
47 7
1 33 20 12 4 24 21 
48 11
43 5 46 32 39 15 10 37 21 11 27 
20 8
25 23 47 1 16 44 33 10 
10 7
30 4 7 13 48 29 20 
1 7
33 47 35 3 36 20 39 
24 10
39 43 47 25 21 44 6 45 2 30 
37 10
25 42 4 41 7 32 48 27 2 30 
35 9
18 1 11 32 29 7 45 19 39 
19 13
42 8 16 5 14 45 35 38 36 30 27 28 29 
27 11
0 13 26 19 44 11 37 14 28 48 12 
12 12
21 5 3 7 29 43 47 42 8 16 33 27 
11 10
41 49 18 35 34 14 29 15 27 48 
29 7
39 11 12 35 19 15 10 
30 12
6 22 10 34 14 39 45 26 19 24 37 9 
38 8
4 0 31 7 32 2 19 42 
5 10
12 21 43 8 19 48 17 28 14 34 
7 12
44 8 23 36 10 4 49 12 38 35 34 37 
41 10
4 3 9 15 32 22 23 11 37 8 
26 7
32 30 28 27 25 8 43 
42 13
13 37 19 15 34 46 44 9 31 43 12 38 3 
43 13
48 28 9 40 39 5 24 21 12 42 16 44 26 
9 10
15 45 2 4 49 43 41 42 36 30 
6 8
30 36 2 44 14 40 24 4 
49 6
11 44 7 9 28 45 
