30
23 11
21 7 27 14 20 18 3 16 19 4 0 
0 13
14 7 2 9 4 22 23 5 1 18 24 15 10 
4 10
26 14 13 12 24 0 16 8 23 25 
19 10
12 27 16 8 23 1 3 11 25 15 
16 13
11 6 10 19 26 25 7 4 28 17 9 22 23 
3 8
8 15 23 28 17 19 2 13 
21 11
23 8 7 14 25 2 5 1 9 24 11 
11 13
20 12 22 1 16 8 15 29 24 21 19 28 27 
24 9
22 2 8 28 25 4 11 21 0 
9 11
1 18 5 28 25 6 0 21 26 2 16 
1 9
9 28 13 19 0 12 11 21 8 
5 11
25 6 15 0 10 9 28 7 21 26 18 
2 8
13 26 0 24 21 25 9 3 
25 14
26 4 2 19 18 5 21 24 7 29 16 22 9 27 
14 9
4 26 21 13 7 23 22 0 10 
20 7
11 23 7 18 17 10 6 
6 6
13 16 5 9 10 20 
10 10
7 27 18 5 16 8 6 0 20 14 
17 10
3 18 29 28 7 20 16 8 12 26 
18 11
20 8 25 10 29 0 23 22 5 9 17 
15 9
5 3 11 26 19 0 29 22 7 
8 12
3 18 1 19 24 21 11 4 28 27 17 10 
12 6
11 19 4 1 27 17 
22 10
7 24 11 16 25 15 0 29 14 18 
29 10
18 15 25 11 17 28 27 22 7 13 
26 10
25 4 2 16 14 15 5 27 9 17 
7 13
23 22 21 20 14 5 16 25 17 10 0 29 15 
13 7
6 2 14 4 1 3 29 
27 9
12 23 25 26 19 8 10 29 11 
28 10
8 16 9 17 1 3 5 29 24 11 
