100
23 1
18 
18 2
47 23 
70 3
22 36 95 
95 4
89 78 38 70 
66 2
32 11 
11 3
82 79 66 
51 1
24 
24 5
55 39 35 56 51 
91 3
82 76 84 
84 3
38 49 91 
76 1
91 
82 6
1 80 0 91 11 46 
98 3
12 31 30 
30 2
58 98 
31 2
10 98 
71 1
2 
2 7
87 92 68 17 73 97 71 
68 4
36 92 2 42 
42 3
33 64 68 
47 2
12 18 
80 4
82 19 5 83 
83 3
6 7 80 
75 1
56 
56 3
69 24 75 
60 1
10 
10 4
73 62 31 60 
77 1
17 
17 5
15 87 2 5 77 
78 1
95 
97 3
87 40 2 
93 1
32 
32 4
52 66 53 93 
35 4
45 14 24 22 
7 2
4 83 
63 2
44 49 
49 5
79 84 53 86 63 
1 2
82 72 
72 4
74 45 69 1 
52 3
32 37 43 
43 1
52 
37 3
53 27 52 
54 2
40 62 
62 7
9 12 64 39 10 45 54 
16 1
79 
79 3
49 11 16 
53 8
37 64 49 3 88 36 74 32 
92 5
68 2 46 96 28 
28 3
29 73 92 
64 6
62 53 4 58 67 42 
86 1
49 
4 5
14 64 7 99 94 
94 3
61 4 90 
33 2
42 90 
90 3
94 96 33 
6 3
8 83 26 
26 2
39 6 
48 2
55 87 
87 7
96 44 17 48 97 2 19 
38 3
84 95 65 
65 1
38 
61 2
94 9 
9 5
40 96 62 61 57 
74 2
72 53 
36 6
41 22 68 12 70 53 
88 1
53 
3 2
53 21 
89 3
96 0 95 
0 2
89 82 
96 9
67 12 87 15 9 89 90 92 20 
46 2
92 82 
50 2
67 85 
85 3
67 25 50 
59 1
19 
19 4
80 87 29 59 
67 5
50 96 64 85 55 
55 3
24 48 67 
12 6
36 98 96 62 81 47 
81 5
12 99 41 34 14 
20 1
96 
15 2
17 96 
44 2
63 87 
21 2
3 13 
45 4
35 58 62 72 
39 4
41 24 62 26 
5 3
13 80 17 
40 4
54 9 97 58 
58 4
45 30 64 40 
57 1
9 
73 4
10 2 28 27 
25 1
85 
27 2
73 37 
69 2
56 72 
14 3
4 81 35 
34 1
81 
41 3
36 39 81 
99 2
4 81 
29 3
28 19 8 
8 2
6 29 
13 2
5 21 
22 3
36 70 35 
