30
20 9
23 3 18 9 19 24 21 29 7 
7 3
28 11 20 
29 5
8 21 19 12 20 
21 10
23 28 8 1 29 15 0 4 12 20 
12 8
28 23 22 29 21 26 19 3 
3 9
20 9 28 13 11 0 8 23 12 
19 7
29 17 12 6 22 20 14 
4 6
27 8 22 21 15 10 
10 2
4 18 
18 4
11 20 14 10 
27 7
13 4 25 16 9 23 2 
2 6
16 26 22 23 1 27 
15 7
4 1 6 9 17 21 11 
11 7
22 7 24 18 3 17 15 
13 6
23 27 9 5 3 16 
16 9
6 26 2 27 28 8 24 13 25 
5 3
13 1 26 
26 5
16 12 2 25 5 
1 4
15 21 5 2 
22 7
11 14 12 4 9 2 19 
9 7
3 20 15 13 27 22 6 
6 6
16 15 25 19 17 9 
0 3
17 3 21 
8 6
29 4 3 16 28 21 
23 8
12 13 20 21 2 3 27 28 
28 9
7 3 12 21 25 16 8 23 17 
24 3
11 20 16 
17 6
6 19 0 15 11 28 
25 5
6 26 27 28 16 
14 3
22 18 19 
