30
12 8
7 14 21 8 1 18 9 23 
23 11
11 13 26 6 25 17 9 18 0 10 12 
9 9
26 24 22 23 4 18 6 10 12 
18 13
11 29 16 23 22 3 1 28 9 7 20 14 12 
8 13
20 26 2 6 12 29 10 7 13 5 1 3 25 
21 9
7 0 2 14 12 5 1 17 27 
13 16
25 5 23 15 29 22 1 8 16 17 10 27 2 11 19 6 
22 11
17 9 6 25 14 3 5 18 2 24 13 
29 11
6 8 3 18 5 14 4 27 2 10 13 
10 19
16 27 11 17 28 7 23 15 13 29 8 4 24 9 1 25 19 6 20 
1 15
25 17 4 8 5 18 16 3 6 13 21 20 27 10 12 
17 14
5 3 16 26 2 19 13 7 22 1 0 10 23 21 
2 12
4 21 11 20 17 0 29 22 7 13 8 19 
19 13
6 28 17 11 24 16 0 10 15 13 7 26 2 
27 11
13 26 20 16 10 29 25 4 1 5 21 
15 8
20 13 10 28 25 19 6 3 
3 11
22 14 20 17 29 0 15 18 1 4 8 
6 14
19 10 8 25 23 0 9 1 22 15 29 13 7 4 
20 14
15 4 28 7 14 2 5 18 3 1 0 27 10 8 
4 17
24 6 25 5 20 7 28 9 1 16 3 27 10 29 2 26 11 
28 8
19 4 18 5 20 15 10 11 
7 13
21 6 12 8 25 18 17 20 2 19 10 0 4 
14 10
16 26 12 22 29 21 20 3 5 18 
5 15
11 8 21 20 0 1 22 27 28 17 13 29 4 14 26 
0 13
23 17 20 5 3 7 19 2 26 25 6 21 24 
24 8
4 16 19 9 10 0 22 25 
11 10
23 10 13 4 19 2 25 18 5 28 
25 14
13 15 8 24 11 6 10 27 7 23 4 0 22 1 
16 10
10 13 14 24 1 18 19 27 17 4 
26 10
19 5 14 23 4 8 0 9 27 17 
