20
12 10
6 2 19 8 0 15 5 1 7 14 
14 6
3 19 0 10 17 12 
17 6
9 8 0 15 10 14 
5 9
11 12 1 3 0 4 2 16 8 
8 10
12 16 9 17 10 15 3 1 5 19 
19 10
18 12 11 0 10 4 14 6 16 8 
1 10
7 12 4 8 10 15 0 6 5 18 
15 8
12 13 0 17 1 18 16 8 
13 5
16 6 11 15 0 
0 13
17 19 12 6 14 15 18 5 1 3 16 11 13 
10 10
11 6 1 2 19 8 14 4 7 17 
7 6
16 12 1 3 18 10 
9 4
8 17 2 3 
3 8
11 8 7 14 18 5 0 9 
11 8
3 5 19 2 4 13 10 0 
16 8
5 19 2 8 13 7 15 0 
18 8
4 0 15 3 1 19 2 7 
6 7
12 10 0 19 13 1 4 
2 7
12 16 10 11 9 5 18 
4 7
19 18 1 5 11 10 6 
