50
48 9
16 37 27 30 23 5 32 42 49 
49 5
12 16 3 31 48 
42 11
22 33 6 35 19 5 3 43 20 48 24 
32 11
38 9 17 48 12 11 40 39 14 47 16 
5 9
45 0 17 48 33 20 42 41 1 
23 5
28 48 6 8 19 
9 10
0 3 12 21 35 27 16 8 32 6 
6 13
42 33 22 36 23 30 20 39 43 47 38 9 26 
8 6
46 14 34 47 23 9 
16 12
0 3 36 26 35 49 43 17 48 9 32 25 
27 6
22 10 15 48 9 43 
35 7
1 38 9 42 16 33 40 
21 10
24 34 19 41 7 31 9 43 47 38 
12 12
29 14 45 38 7 41 32 28 9 31 49 47 
3 9
9 16 33 4 49 10 41 13 42 
19 11
2 33 46 21 39 40 22 23 18 15 42 
38 14
20 21 24 18 33 44 12 35 6 32 25 29 40 43 
47 9
8 33 25 11 21 37 6 32 12 
43 11
38 15 16 41 21 42 6 34 4 2 27 
7 5
2 12 21 29 15 
41 11
46 43 20 12 22 11 21 24 25 3 5 
24 9
38 21 11 14 20 22 1 42 41 
20 11
4 38 26 39 29 0 24 5 41 6 42 
2 4
7 19 45 43 
4 6
20 3 26 37 43 36 
34 5
21 8 22 43 0 
15 7
43 19 29 27 11 44 7 
44 5
38 39 17 29 15 
11 9
47 33 37 24 22 36 41 32 15 
29 8
12 13 7 20 10 15 44 38 
33 12
11 42 13 6 10 5 3 22 38 47 19 35 
22 13
42 33 46 41 6 26 19 27 17 34 11 24 0 
10 7
29 27 28 40 33 3 26 
13 5
29 33 3 14 26 
36 8
16 11 6 28 31 45 30 4 
37 5
48 11 14 4 47 
26 8
16 31 20 22 4 6 10 13 
14 7
1 8 12 37 24 13 32 
0 8
16 9 18 5 20 34 25 22 
1 4
14 35 24 5 
17 8
40 25 16 44 5 22 30 32 
18 4
0 46 19 38 
40 6
17 38 19 35 10 32 
39 8
19 31 28 20 6 32 44 46 
46 8
8 18 41 22 39 28 19 45 
30 5
48 28 17 36 6 
45 5
5 12 36 2 46 
31 6
39 49 21 26 12 36 
28 7
39 12 10 23 30 36 46 
25 6
17 47 38 41 0 16 
