50
48 14
49 5 23 32 30 36 41 42 27 9 17 37 21 16 
49 8
41 11 12 16 3 27 31 48 
42 11
22 33 6 35 19 5 3 43 20 48 24 
32 14
16 47 14 39 40 12 11 48 17 22 9 8 38 45 
5 10
45 10 0 17 48 33 20 42 41 1 
23 8
25 21 28 48 6 8 45 19 
9 13
7 0 3 12 21 35 48 27 46 16 8 32 6 
6 14
19 26 38 47 39 20 30 23 43 36 9 22 33 42 
8 8
32 46 39 14 34 47 23 9 
16 13
0 3 22 36 26 35 49 43 17 48 9 32 25 
27 7
22 10 15 48 9 49 43 
35 8
1 38 9 42 16 33 34 40 
21 12
23 24 34 19 41 7 48 31 9 43 47 38 
12 14
4 47 49 31 9 41 28 7 38 32 25 45 14 29 
3 11
9 16 33 4 49 15 10 7 41 13 42 
19 13
7 6 2 33 46 21 39 40 22 23 18 15 42 
38 15
45 20 21 24 18 33 44 12 35 6 32 25 29 40 43 
47 9
8 33 25 11 21 37 6 32 12 
43 13
38 15 33 16 41 21 42 6 34 4 2 31 27 
7 9
9 18 3 19 2 12 21 29 15 
41 15
39 5 3 25 24 48 11 22 12 21 20 43 49 46 44 
24 11
15 25 38 21 11 14 20 22 1 42 41 
20 11
4 38 26 39 29 0 24 5 41 6 42 
2 4
7 19 45 43 
4 7
12 20 3 26 37 43 36 
34 8
13 35 21 33 8 22 43 0 
15 10
3 18 43 19 29 27 24 11 44 7 
44 7
41 33 38 39 17 29 15 
11 10
49 47 33 37 24 22 36 41 32 15 
29 10
22 12 13 7 14 20 10 15 44 38 
33 15
34 43 35 47 38 22 3 5 19 6 13 10 42 11 44 
22 16
29 32 16 0 24 11 34 26 19 6 17 46 33 27 41 42 
10 8
29 27 28 40 33 5 3 26 
13 7
29 33 3 34 40 14 26 
36 11
1 16 11 6 48 28 31 26 45 30 4 
37 6
46 48 11 14 4 47 
26 11
45 16 31 39 20 36 22 4 6 10 13 
14 8
29 1 8 12 37 24 13 32 
0 10
46 16 9 18 5 39 20 34 25 22 
1 5
36 14 35 24 5 
17 9
48 40 25 16 44 5 22 30 32 
18 6
7 15 0 46 19 38 
40 7
13 17 38 19 35 10 32 
39 12
0 41 26 19 31 28 20 6 32 8 44 46 
46 11
37 0 8 18 41 22 39 9 28 19 45 
30 5
48 28 17 36 6 
45 9
38 32 5 12 23 36 26 2 46 
31 9
25 28 39 43 49 21 26 12 36 
28 8
31 39 12 10 23 30 36 46 
25 10
23 24 12 31 17 47 38 41 0 16 
