30
16 5
14 24 0 15 10 
10 13
22 19 13 24 5 18 1 27 9 17 20 14 16 
15 7
27 7 13 19 23 16 20 
24 14
5 20 4 26 6 19 17 9 27 10 29 12 16 25 
2 6
3 5 27 23 14 20 
20 8
6 9 1 24 0 10 15 2 
23 8
25 27 9 2 1 5 15 4 
27 12
17 23 14 10 15 24 25 3 19 2 7 6 
5 8
14 2 11 24 7 23 10 29 
25 7
24 29 23 27 9 8 4 
4 10
28 26 23 6 24 11 25 13 7 3 
8 4
0 25 19 26 
9 7
10 22 23 20 24 25 17 
17 11
13 7 27 9 3 21 24 29 10 26 6 
22 6
6 9 10 29 26 12 
12 9
7 19 3 18 21 24 29 22 28 
26 7
4 29 24 1 17 22 8 
29 11
25 6 26 0 21 24 17 13 12 22 5 
1 5
23 26 10 20 7 
7 10
12 13 18 3 5 1 15 17 27 4 
14 6
5 2 16 27 28 10 
28 6
21 4 6 19 14 12 
21 7
12 29 28 17 13 19 18 
18 5
10 12 7 13 21 
19 12
13 8 6 12 10 15 0 24 11 21 27 28 
13 9
4 17 19 7 10 29 15 18 21 
6 9
24 20 22 19 28 17 27 29 4 
3 8
12 2 7 27 17 11 0 4 
0 6
20 16 8 29 3 19 
11 4
5 3 19 4 
