100
48 8
79 63 76 94 11 83 49 53 
53 6
68 3 64 84 0 48 
40 5
89 91 64 38 39 
39 4
4 0 19 40 
18 4
70 30 27 85 
85 4
31 80 0 18 
14 3
46 45 34 
34 6
63 57 32 38 21 14 
49 7
44 48 94 4 51 88 61 
61 7
42 96 21 23 82 64 49 
82 6
16 10 63 45 12 61 
12 4
44 17 82 51 
51 10
6 94 88 26 35 45 56 49 86 12 
52 3
20 57 50 
50 4
92 42 80 52 
73 5
98 69 55 94 1 
1 5
65 86 27 44 73 
19 4
42 96 44 39 
77 3
8 24 89 
89 6
40 93 21 78 84 77 
5 8
8 41 65 45 81 69 31 29 
29 6
96 8 16 93 5 74 
4 7
15 39 62 49 33 95 80 
80 8
8 42 85 72 50 81 86 4 
28 4
41 45 66 15 
15 9
4 76 68 93 35 27 28 78 59 
0 8
39 79 87 93 67 65 85 53 
75 4
44 70 93 88 
88 7
3 86 51 49 22 65 75 
65 8
1 5 10 0 31 97 54 88 
59 4
31 8 91 15 
35 5
97 51 7 90 15 
94 8
44 31 48 58 51 49 73 7 
7 3
41 35 94 
23 6
97 43 62 72 61 37 
37 2
99 23 
43 5
11 60 30 57 23 
97 7
90 46 16 95 65 23 35 
71 3
98 72 54 
54 6
9 64 42 26 65 71 
84 9
68 53 62 13 60 30 89 69 26 
78 6
8 44 89 15 56 95 
95 10
30 9 4 64 58 67 97 32 99 78 
2 4
33 72 60 9 
9 6
54 95 55 96 91 2 
21 8
89 44 25 61 38 47 92 34 
60 8
62 25 64 43 2 11 84 33 
33 5
2 4 17 68 60 
11 8
55 43 8 48 3 68 60 69 
26 5
31 51 25 54 84 
47 7
86 57 38 67 87 83 21 
22 4
76 42 88 87 
87 7
93 70 0 20 47 22 79 
3 8
98 53 24 11 6 57 88 93 
93 9
75 89 0 87 15 91 29 36 3 
62 8
60 76 4 36 23 84 69 45 
45 6
28 14 5 82 51 62 
55 6
11 76 32 73 9 64 
64 10
61 54 40 60 53 95 16 31 6 55 
86 6
88 80 41 1 47 51 
20 3
87 52 67 
67 7
8 0 95 27 58 47 20 
81 3
5 63 80 
42 11
83 92 74 22 58 80 19 61 54 50 72 
72 5
80 71 2 23 42 
58 7
94 25 69 67 95 42 10 
17 8
25 90 12 96 33 13 6 70 
70 5
87 18 79 75 17 
6 4
51 64 3 17 
13 6
25 84 96 16 17 91 
31 7
94 26 85 59 5 65 64 
16 9
82 68 83 97 64 13 10 29 38 
83 5
42 16 48 47 92 
92 5
50 42 21 44 83 
36 3
25 62 93 
91 6
40 93 59 13 9 8 
44 11
49 75 94 56 12 21 78 92 19 46 1 
69 6
62 58 5 73 84 11 
99 2
37 95 
32 4
55 96 34 95 
98 4
3 73 71 25 
25 10
21 17 13 36 26 58 68 63 60 98 
24 3
3 77 63 
63 6
34 48 82 81 25 24 
8 9
5 77 67 78 11 59 80 29 91 
90 5
74 17 66 97 35 
79 5
48 0 70 10 87 
41 6
5 86 7 28 27 96 
96 9
29 61 32 19 17 74 9 13 41 
27 10
76 15 57 30 67 18 1 68 66 41 
74 4
90 96 42 29 
68 9
53 30 15 16 33 27 84 11 25 
56 4
78 51 44 76 
30 6
43 95 27 18 68 84 
10 5
16 82 65 79 58 
57 7
34 27 52 47 43 3 66 
66 4
90 28 27 57 
38 5
21 47 40 34 16 
76 7
27 48 55 62 22 15 56 
46 3
97 14 44 
