100
17 5
93 67 92 34 77 
77 6
0 73 36 83 41 17 
34 12
38 57 36 91 63 53 80 48 17 18 5 12 
92 9
4 49 17 70 10 42 72 62 71 
67 9
31 17 53 43 81 97 21 99 65 
93 6
4 24 40 17 48 42 
48 8
29 91 27 93 34 16 6 24 
24 6
36 94 93 47 76 48 
6 5
82 19 69 58 48 
16 3
32 28 48 
27 5
48 71 25 81 82 
91 7
4 31 48 34 39 50 65 
29 7
48 59 53 49 86 60 38 
25 5
88 73 42 27 38 
38 7
39 34 43 12 29 56 25 
42 8
19 73 93 25 99 92 98 47 
73 12
2 10 36 44 60 90 5 68 25 31 77 42 
88 7
25 41 86 49 23 96 44 
2 6
73 71 46 22 70 64 
64 4
45 2 43 15 
70 7
5 43 40 92 36 56 2 
22 11
26 2 35 11 20 33 44 96 55 0 23 
46 4
20 69 2 53 
71 6
47 8 27 75 2 92 
52 3
60 99 87 
87 5
18 39 86 10 52 
99 5
42 97 67 52 60 
60 11
90 59 73 35 26 97 52 57 29 96 99 
97 6
57 99 79 60 56 67 
56 5
62 38 97 70 94 
79 6
97 54 62 7 80 85 
9 3
51 45 12 
12 7
90 34 63 36 38 32 9 
45 6
64 78 82 62 9 63 
51 6
9 96 13 61 54 5 
72 3
8 28 92 
28 5
30 14 16 72 78 
8 6
71 72 85 49 47 96 
0 5
77 62 22 49 90 
90 7
12 60 73 86 44 0 89 
49 11
3 32 8 44 75 31 30 88 29 0 92 
62 10
56 0 55 79 14 92 35 45 1 3 
23 3
3 88 22 
3 5
49 23 83 62 19 
78 5
45 81 74 28 15 
15 3
94 64 78 
74 7
35 32 82 86 78 66 54 
81 8
66 67 27 85 78 20 55 95 
47 4
71 24 8 42 
98 7
19 59 89 21 42 33 7 
19 8
42 98 96 55 6 53 35 3 
39 4
38 57 87 91 
57 6
97 34 60 39 18 37 
68 3
54 73 5 
5 7
70 73 43 51 82 34 68 
54 8
79 21 41 95 68 35 51 74 
41 5
88 54 77 63 13 
13 6
44 55 51 83 1 41 
63 8
12 95 36 34 4 45 26 41 
94 6
15 56 36 59 24 66 
85 4
58 8 81 79 
80 5
66 43 35 34 79 
7 3
44 79 98 
86 7
88 90 61 96 29 87 74 
53 10
67 19 34 29 55 84 37 1 46 58 
59 6
98 60 20 95 94 29 
33 3
22 14 98 
21 5
89 67 54 95 98 
89 5
55 21 66 98 90 
35 8
54 62 74 44 60 80 22 19 
95 6
54 59 11 21 63 81 
66 5
80 81 94 89 74 
55 9
89 11 62 13 19 81 69 22 53 
96 8
19 50 51 86 60 88 22 8 
26 4
60 22 30 63 
32 5
16 49 18 74 12 
18 5
87 30 57 32 34 
10 6
37 73 14 92 40 87 
4 7
91 63 93 76 44 43 92 
1 3
62 13 53 
76 3
4 24 37 
37 6
10 69 53 76 50 57 
14 5
10 62 33 28 82 
69 5
46 6 55 37 30 
11 5
22 95 65 55 84 
83 6
3 82 13 77 50 61 
31 4
67 73 91 49 
44 11
50 7 13 22 30 88 73 35 90 4 49 
36 9
94 70 63 34 24 73 12 77 75 
30 7
18 28 84 49 44 26 69 
82 7
6 45 83 5 74 27 14 
58 3
85 6 53 
84 3
30 11 53 
43 9
80 65 75 70 5 64 4 38 67 
75 4
43 49 71 36 
40 4
70 10 93 20 
20 5
46 22 81 40 59 
50 5
96 44 91 37 83 
61 3
51 86 83 
65 4
43 91 67 11 
