30
23 11
21 7 27 14 20 18 3 16 19 4 0 
0 13
14 7 2 9 4 22 23 5 1 18 24 15 10 
4 12
1 26 14 13 12 21 24 0 16 8 23 25 
19 11
6 12 27 16 8 23 1 3 11 25 15 
16 17
5 3 15 8 23 22 9 4 17 28 7 25 26 10 19 6 11 
3 10
18 16 8 15 23 28 17 19 2 13 
21 14
10 11 24 9 1 5 2 25 14 7 8 23 12 4 
11 14
14 27 28 19 24 29 15 8 16 1 22 12 21 20 
24 9
22 2 8 28 25 4 11 21 0 
9 12
1 18 5 28 25 6 10 0 21 26 2 16 
1 13
20 4 9 28 7 13 2 19 0 12 11 21 8 
5 13
22 16 25 6 15 0 10 9 28 7 21 26 18 
2 11
6 13 26 29 0 24 21 25 9 1 3 
25 14
26 4 2 19 18 5 21 24 7 29 16 22 9 27 
14 13
6 20 4 26 11 21 13 7 23 22 15 0 10 
20 10
12 14 11 23 7 1 18 17 10 6 
6 9
19 2 13 16 5 9 10 14 20 
10 13
21 26 7 9 27 18 5 16 8 6 0 20 14 
17 11
3 18 29 28 13 7 20 16 8 12 26 
18 13
12 20 8 25 10 29 0 23 22 3 5 9 17 
15 12
12 16 14 5 3 11 26 19 0 29 22 7 
8 13
16 3 18 1 19 24 21 11 4 28 27 17 10 
12 11
20 7 15 21 11 19 4 18 1 27 17 
22 11
7 24 11 16 25 15 0 29 14 5 18 
29 11
2 18 15 25 11 17 28 27 22 7 13 
26 12
13 25 4 2 16 14 10 15 5 27 9 17 
7 16
12 15 29 27 10 17 25 16 5 14 20 21 1 0 22 23 
13 10
27 17 6 26 2 14 4 1 3 29 
27 11
13 7 12 23 25 26 19 8 10 29 11 
28 10
8 16 9 17 1 3 5 29 24 11 
