30
28 9
13 22 25 1 21 11 14 19 15 
15 10
7 3 6 21 4 14 10 27 9 28 
19 5
29 20 28 11 24 
24 6
11 8 16 3 19 23 
14 9
3 23 20 4 0 15 28 9 27 
27 4
25 15 10 14 
9 11
6 2 16 0 15 29 3 18 20 14 7 
26 5
10 18 11 4 20 
20 10
10 18 25 9 14 16 6 19 2 26 
16 6
13 22 24 9 1 20 
1 8
6 4 28 29 0 13 8 16 
6 8
9 12 4 1 29 15 22 20 
3 11
8 5 14 9 7 22 15 29 4 24 25 
25 8
4 20 27 17 28 0 29 3 
4 14
25 8 3 26 14 23 0 1 22 29 15 13 21 6 
22 8
3 16 13 6 4 0 28 17 
17 4
25 0 12 22 
0 13
8 14 25 7 10 9 17 4 18 1 5 22 21 
13 7
16 7 28 29 4 22 1 
7 10
13 3 18 15 29 0 10 23 2 9 
10 7
20 26 27 7 21 0 15 
29 13
12 8 6 19 13 7 9 1 3 23 25 4 11 
11 7
19 26 8 24 21 28 29 
23 6
14 4 29 7 24 2 
8 9
0 29 3 1 5 24 21 11 4 
5 3
3 8 0 
21 10
8 2 4 28 11 12 15 10 0 18 
18 7
2 26 20 7 0 9 21 
2 7
18 21 9 20 7 23 12 
12 5
29 6 21 17 2 
