20
4 11
12 10 6 1 3 11 7 13 16 2 17 
17 9
11 13 12 5 18 3 10 8 4 
2 10
16 9 6 11 13 4 0 15 3 18 
16 9
19 2 6 4 13 1 5 14 11 
13 13
14 17 5 18 1 10 15 19 2 8 16 12 4 
7 6
10 11 1 4 8 14 
11 9
7 17 1 3 14 10 4 2 16 
3 10
18 5 12 0 14 11 4 2 17 9 
12 9
4 14 17 3 18 13 15 10 19 
19 9
18 1 6 13 16 9 0 10 12 
10 11
14 1 7 13 4 8 11 12 0 19 17 
18 12
15 13 14 8 12 6 9 17 3 1 19 2 
0 10
6 9 8 14 2 19 3 1 15 10 
8 10
0 10 15 13 7 14 18 1 17 6 
9 7
0 14 2 19 1 18 3 
14 14
10 7 13 8 6 0 9 1 16 3 11 18 5 12 
5 8
13 14 15 3 1 17 6 16 
1 14
4 5 16 8 10 0 9 14 15 13 7 19 18 11 
6 10
14 4 0 15 16 8 19 2 18 5 
15 9
0 12 18 5 1 13 6 2 8 
