50
13 6
38 20 42 6 8 45 
45 3
16 46 13 
46 6
42 48 3 1 20 45 
20 7
15 13 42 11 40 16 46 
5 6
18 28 27 21 2 26 
26 8
44 11 15 0 32 49 43 5 
37 4
1 36 39 40 
40 5
23 49 4 20 37 
43 3
7 15 26 
0 5
7 35 26 39 30 
30 7
49 4 47 17 14 15 0 
17 3
35 44 30 
14 4
6 41 25 30 
34 6
25 47 49 4 23 7 
7 8
0 31 28 8 33 43 47 34 
22 2
49 42 
42 7
13 20 6 46 8 16 22 
44 6
26 41 17 38 47 49 
49 7
40 34 9 22 30 26 44 
12 3
39 41 23 
23 4
40 34 12 6 
41 5
14 8 44 29 12 
6 7
14 2 13 42 33 27 23 
21 2
5 27 
27 7
5 28 9 6 32 21 15 
11 6
18 1 4 26 19 20 
29 4
36 9 31 41 
31 6
19 7 10 29 1 3 
36 4
19 37 32 29 
15 5
20 30 26 43 27 
1 6
32 10 31 46 37 11 
32 7
1 27 8 16 36 19 26 
33 3
6 4 7 
47 5
44 7 30 34 39 
39 4
12 37 0 47 
16 5
20 45 25 32 42 
3 5
46 48 31 2 35 
35 4
17 0 3 24 
2 4
6 5 3 10 
8 7
48 41 7 13 42 32 38 
38 4
13 25 44 8 
9 5
49 29 27 28 18 
18 3
5 9 11 
28 6
4 5 27 9 48 7 
24 2
4 35 
48 4
3 8 46 28 
10 3
31 1 2 
19 5
36 32 31 11 25 
4 7
28 30 34 40 33 24 11 
25 5
14 34 38 16 19 
