50
22 4
39 7 30 27 
27 5
47 25 26 33 22 
30 7
21 22 29 16 44 9 47 
7 2
22 21 
39 2
22 32 
46 2
16 38 
38 3
43 42 46 
16 3
46 30 47 
32 4
1 33 20 39 
11 3
43 35 14 
14 5
0 6 25 11 28 
35 6
11 10 2 8 44 34 
43 3
38 11 19 
47 3
27 30 16 
21 6
30 28 15 41 7 3 
10 4
3 13 35 36 
36 4
31 17 25 10 
13 3
10 9 8 
3 3
10 21 23 
8 4
42 18 35 13 
9 5
24 26 33 30 13 
29 5
12 15 40 30 18 
18 3
8 42 29 
40 4
49 5 29 23 
15 3
26 29 21 
12 2
29 19 
34 5
19 35 42 37 49 
49 3
40 34 44 
37 4
25 34 24 31 
42 5
8 4 34 38 18 
19 6
34 20 6 5 43 12 
28 3
6 14 21 
25 8
37 6 4 27 5 14 36 2 
6 6
28 1 25 4 19 14 
0 3
14 33 4 
5 4
48 25 40 19 
20 3
19 44 32 
44 5
20 41 35 30 49 
41 3
45 44 21 
33 7
0 31 27 9 2 32 1 
1 4
17 32 6 33 
2 3
33 35 25 
31 3
36 33 37 
4 6
23 25 26 6 42 0 
26 4
9 27 15 4 
23 3
4 3 40 
24 2
9 37 
17 3
1 36 45 
45 3
41 17 48 
48 2
5 45 
