30
12 10
10 14 18 1 8 19 17 28 21 25 
25 7
27 28 18 8 13 7 12 
21 4
2 6 12 20 
28 4
25 8 23 12 
17 9
2 26 1 13 7 12 24 29 10 
19 6
10 27 2 22 12 14 
8 7
22 7 28 25 29 0 12 
1 6
29 24 17 3 6 12 
18 4
25 20 12 26 
14 5
12 2 19 24 5 
4 3
29 23 22 
22 10
29 27 24 26 2 19 8 16 23 4 
23 10
16 6 27 28 26 2 4 11 22 15 
29 9
22 4 1 0 2 11 24 8 17 
2 13
24 21 19 17 9 27 5 14 10 15 29 22 23 
27 7
25 20 19 2 22 23 0 
9 7
20 0 6 7 13 11 2 
11 7
24 29 13 7 6 23 9 
13 6
11 25 6 17 9 15 
7 9
26 8 17 9 6 20 25 11 3 
6 8
9 23 13 7 26 21 11 1 
3 4
16 1 24 7 
24 9
11 2 16 22 1 3 14 29 17 
16 8
15 10 24 3 5 23 22 26 
15 7
16 26 2 0 23 13 5 
5 5
16 26 2 14 15 
0 6
9 27 29 10 15 8 
10 6
12 16 19 2 0 17 
26 9
7 23 22 15 5 18 6 17 16 
20 5
9 27 7 18 21 
