50
31 3
28 12 33 
33 8
43 9 31 21 23 1 26 35 
12 8
46 24 2 31 48 30 23 7 
48 4
14 1 12 22 
22 4
38 27 48 20 
1 7
41 37 49 36 48 42 33 
4 5
26 34 13 23 15 
15 7
9 18 3 32 4 42 36 
23 10
42 12 30 40 4 33 10 25 26 45 
13 7
18 45 28 27 43 4 36 
34 4
26 41 4 40 
3 5
49 30 15 44 32 
32 7
43 15 46 44 20 30 3 
44 5
17 3 6 32 40 
45 3
13 23 28 
28 5
31 10 13 45 24 
6 4
44 14 29 43 
43 6
13 32 6 33 16 5 
29 6
8 5 0 10 6 11 
14 9
19 26 6 48 27 39 38 21 30 
30 7
3 11 12 20 14 23 32 
20 4
42 32 30 22 
11 2
30 29 
49 5
16 27 3 1 19 
19 4
17 14 47 49 
42 5
23 0 15 1 20 
0 5
25 47 42 29 10 
24 4
12 2 21 28 
21 9
33 46 5 18 24 37 25 14 39 
2 4
27 12 24 7 
25 3
0 21 23 
7 4
9 12 8 2 
40 7
5 23 37 9 44 34 38 
17 3
19 44 47 
36 4
16 13 1 15 
8 3
29 7 41 
41 3
1 34 8 
38 3
22 14 40 
35 2
18 33 
9 4
15 7 33 40 
39 4
27 10 14 21 
10 6
39 23 29 0 28 27 
5 4
40 29 21 43 
27 7
2 22 49 39 14 10 13 
47 4
0 37 19 17 
37 5
18 1 40 47 21 
46 3
12 32 21 
16 3
36 49 43 
18 6
13 15 35 26 37 21 
26 6
4 33 23 34 14 18 
