30
12 4
28 7 25 5 
5 6
4 15 27 28 6 12 
25 5
12 17 8 16 10 
7 2
12 2 
20 3
18 27 26 
26 10
6 22 3 10 0 29 16 2 17 20 
27 8
2 6 21 5 3 20 16 10 
4 8
10 5 6 21 24 16 19 9 
9 3
3 8 4 
19 5
11 14 16 4 18 
16 9
13 0 29 25 19 26 27 28 4 
24 5
8 4 3 1 10 
21 3
4 27 0 
11 4
19 14 23 28 
28 8
12 15 29 0 16 11 5 22 
23 4
13 11 10 1 
18 3
20 29 19 
29 5
18 28 16 8 26 
10 7
4 1 23 26 24 27 25 
3 4
24 26 9 27 
6 6
0 26 4 8 27 5 
8 7
6 24 2 9 22 25 29 
1 4
10 15 24 23 
15 3
28 5 1 
22 3
26 8 28 
13 3
23 16 0 
0 6
6 16 28 26 21 13 
2 5
27 14 8 26 7 
17 3
25 26 14 
14 4
11 19 2 17 
