100
89 5
43 44 33 34 23 
23 3
24 89 81 
34 4
8 89 65 17 
33 3
83 37 89 
44 5
54 10 89 9 3 
43 3
89 6 88 
17 2
90 34 
65 4
38 34 69 59 
8 5
34 92 27 74 63 
68 3
99 92 45 
45 3
56 68 42 
92 4
74 8 95 68 
99 5
28 79 68 91 10 
90 11
51 18 5 62 69 17 31 48 28 14 77 
80 3
38 69 39 
39 3
57 6 80 
69 3
90 65 80 
38 6
2 22 65 80 5 18 
42 2
66 45 
66 5
12 42 75 7 29 
87 2
49 97 
97 8
82 46 36 88 10 87 63 35 
49 5
16 91 87 35 7 
7 5
6 58 49 66 96 
35 6
50 85 97 49 63 77 
91 9
56 10 1 18 99 49 53 71 16 
16 3
21 49 91 
76 2
48 11 
11 4
3 31 10 76 
48 7
4 72 25 71 76 29 90 
1 3
91 37 24 
24 3
23 15 1 
37 6
94 33 59 75 41 1 
79 4
99 10 30 84 
84 3
70 79 62 
30 2
40 79 
10 10
61 97 44 79 41 95 14 91 11 99 
56 3
45 91 47 
47 4
98 85 6 56 
71 3
48 31 91 
53 3
29 91 50 
18 7
90 60 91 32 75 26 38 
95 4
9 74 10 92 
74 3
92 95 8 
5 6
93 31 38 59 90 94 
94 2
37 5 
59 4
58 5 37 65 
31 7
88 96 11 71 32 90 5 
93 3
60 5 75 
60 3
15 93 18 
15 3
24 60 14 
75 7
66 18 40 98 37 63 93 
81 2
70 23 
70 5
81 84 54 29 22 
19 2
20 82 
82 3
97 19 64 
20 3
19 40 41 
9 7
95 22 36 63 44 55 85 
63 7
6 8 35 97 13 9 75 
98 2
47 75 
40 5
30 22 41 20 75 
85 4
47 67 35 9 
55 4
78 21 13 9 
36 5
97 9 0 46 12 
22 5
38 9 40 88 70 
13 4
55 63 41 27 
27 4
52 29 8 13 
41 8
40 20 10 37 13 4 57 52 
83 2
33 32 
32 5
31 18 83 51 6 
6 8
39 7 43 64 47 63 32 54 
77 5
50 90 73 35 78 
78 2
55 77 
73 3
0 61 77 
50 3
77 35 53 
25 2
48 21 
21 3
16 55 25 
2 3
38 54 86 
86 2
88 2 
54 5
44 14 70 6 2 
51 3
90 32 61 
61 4
73 10 51 58 
64 3
67 6 82 
67 3
64 58 85 
72 2
48 58 
58 5
59 61 72 67 7 
29 5
53 70 48 27 66 
4 2
48 41 
62 2
90 84 
3 2
11 44 
88 5
86 43 31 22 97 
46 2
97 36 
14 4
54 10 15 90 
28 2
99 90 
57 2
39 41 
96 2
31 7 
52 2
27 41 
0 3
26 73 36 
26 2
0 18 
12 2
66 36 
