30
12 8
25 13 16 8 29 21 24 18 
18 13
6 11 14 9 17 22 23 4 5 3 1 13 12 
24 11
14 3 2 26 19 27 9 10 29 12 16 
29 12
20 4 22 12 13 28 17 24 21 0 26 6 
1 7
17 6 18 20 10 26 23 
23 17
20 25 27 2 22 1 5 3 15 4 26 14 17 28 7 18 11 
26 10
23 2 28 16 1 11 24 0 29 4 
10 7
0 19 25 27 5 1 24 
20 8
23 22 19 29 0 1 17 9 
9 8
15 16 5 18 25 24 20 22 
22 11
23 14 20 18 21 8 16 6 0 29 9 
25 11
12 19 3 10 15 16 8 17 9 27 23 
16 13
25 4 9 12 14 22 3 19 26 13 15 21 24 
27 13
7 2 5 3 25 11 21 24 10 15 14 23 17 
19 10
13 25 16 20 17 28 11 24 10 15 
11 9
27 23 14 7 26 19 18 3 5 
5 11
18 15 10 9 17 27 23 13 7 11 2 
3 12
23 18 25 8 16 0 24 11 28 17 27 7 
13 8
19 17 12 16 5 18 29 7 
4 7
16 29 17 18 6 23 26 
14 11
18 16 22 23 11 24 15 0 17 28 27 
28 9
21 3 23 0 29 14 26 19 6 
15 10
5 14 25 16 23 19 7 17 9 27 
6 7
18 1 8 22 4 29 28 
0 10
21 22 28 26 20 14 3 10 29 8 
8 8
22 3 7 12 6 21 25 0 
17 16
23 5 27 3 18 1 14 21 20 2 19 25 15 29 13 4 
21 9
22 12 16 8 28 27 17 0 29 
7 8
8 23 11 27 15 5 3 13 
2 6
26 24 23 17 27 5 
