50
20 5
15 19 38 39 47 
47 10
45 26 1 3 46 29 15 31 14 20 
39 6
44 29 3 20 13 17 
38 11
49 4 15 37 46 8 12 20 7 31 9 
19 12
11 32 6 26 42 20 34 22 23 17 48 25 
15 13
41 20 38 29 32 47 43 48 27 28 35 26 16 
16 15
45 12 15 23 27 41 11 26 37 24 46 33 3 36 43 
26 12
7 31 47 19 45 2 33 46 16 15 3 5 
28 7
48 7 32 23 30 15 37 
27 9
5 9 36 45 8 16 43 15 13 
48 10
28 23 33 0 15 7 2 19 42 1 
43 8
7 2 35 16 27 15 11 34 
32 12
49 28 30 12 41 13 19 35 45 15 0 3 
29 8
31 47 39 18 3 8 7 15 
13 11
35 3 49 42 0 46 44 32 27 23 39 
23 9
6 10 14 16 48 28 17 13 19 
44 9
12 13 39 34 11 37 9 2 35 
24 6
7 16 1 0 34 14 
14 11
25 33 47 35 9 5 22 23 40 34 24 
0 8
2 25 48 46 13 7 32 24 
1 7
47 5 3 36 24 48 12 
25 9
14 21 12 0 36 46 33 35 19 
22 7
30 3 14 46 49 19 6 
34 8
19 44 8 24 37 12 14 43 
7 12
26 43 49 46 28 48 24 11 0 29 41 38 
8 8
3 17 27 29 34 38 45 36 
3 14
26 41 29 13 32 6 49 35 47 16 8 39 1 22 
18 6
33 29 12 45 4 49 
49 11
38 2 32 13 41 7 46 36 22 3 18 
45 11
10 47 26 9 27 5 18 21 32 16 8 
12 10
44 16 35 32 11 25 38 34 18 1 
36 10
42 49 16 8 9 27 31 2 1 25 
4 5
18 38 9 10 33 
33 10
18 14 48 2 26 21 16 25 41 4 
10 7
2 45 23 11 37 4 41 
9 8
27 14 2 45 4 36 44 38 
2 11
10 0 43 49 33 44 26 48 9 36 42 
42 7
13 36 37 11 48 19 2 
46 14
16 13 40 47 49 38 25 31 17 7 0 22 26 6 
6 6
46 19 23 22 3 37 
41 9
49 16 33 37 32 3 7 15 10 
21 4
25 33 45 40 
11 8
19 10 7 44 16 12 42 43 
17 8
19 5 40 39 31 8 46 23 
37 11
38 34 31 28 30 41 16 44 10 42 6 
30 5
22 32 37 28 35 
31 8
38 29 26 46 36 37 17 47 
5 7
1 17 27 40 14 45 26 
35 11
25 13 15 43 12 32 3 30 14 40 44 
40 6
5 17 14 46 35 21 
