30
28 7
7 10 11 12 6 9 8 
8 6
20 19 29 17 28 5 
9 6
29 17 28 13 16 14 
6 5
24 26 28 16 7 
12 4
11 24 28 18 
11 5
12 25 4 28 0 
10 4
28 13 0 21 
18 9
27 5 1 21 24 16 13 12 4 
24 6
4 6 2 12 18 15 
25 4
16 11 14 5 
5 7
8 16 13 20 25 18 3 
14 7
25 23 22 3 1 9 27 
2 4
15 20 24 26 
26 4
20 6 4 2 
20 6
8 16 26 2 19 5 
17 6
22 9 7 13 8 29 
29 4
15 8 9 17 
16 8
25 20 15 6 19 5 18 9 
19 3
8 16 20 
15 4
2 29 16 24 
13 9
1 18 5 27 17 9 7 10 23 
23 4
14 0 27 13 
7 5
28 17 13 1 6 
1 5
14 13 7 18 22 
4 4
24 11 18 26 
21 2
18 10 
27 4
13 23 18 14 
0 3
23 10 11 
22 3
17 14 1 
3 2
14 5 
