30
5 4
24 9 28 25 
25 7
4 28 29 10 23 1 5 
28 10
5 1 25 15 10 16 8 9 24 21 
13 7
12 22 20 11 21 24 27 
27 6
19 21 10 14 18 13 
24 5
28 9 5 29 13 
21 10
3 10 0 13 2 26 27 17 9 28 
20 5
26 9 13 4 15 
29 10
24 11 19 6 8 10 0 25 9 17 
17 6
11 21 16 8 14 29 
9 8
1 5 20 24 21 10 29 28 
0 4
23 21 29 14 
10 8
16 21 7 9 27 28 29 25 
8 5
3 29 28 17 4 
6 5
1 23 16 29 4 
19 4
27 15 29 23 
11 5
12 13 17 29 4 
15 4
28 19 7 20 
7 5
4 10 15 16 22 
23 8
0 22 14 6 25 16 26 19 
22 4
23 2 13 7 
2 3
21 4 22 
1 6
16 6 25 14 9 28 
14 10
18 1 3 4 23 17 27 26 12 0 
4 9
25 7 14 20 8 26 2 11 6 
18 2
14 27 
12 4
13 11 26 14 
26 6
23 4 12 21 20 14 
3 3
21 8 14 
16 7
1 10 17 28 7 6 23 
