100
94 3
54 30 52 
52 6
62 28 92 40 19 94 
73 3
19 33 78 
78 5
38 65 64 24 73 
39 1
25 
25 6
74 84 59 66 13 39 
92 4
76 38 52 60 
60 3
46 34 92 
22 4
72 14 17 76 
76 4
92 90 15 22 
85 4
4 89 21 3 
3 4
36 28 85 2 
46 5
31 58 53 99 60 
36 4
3 30 95 75 
75 3
8 30 36 
49 3
69 86 28 
28 8
98 58 43 49 11 84 52 3 
80 1
15 
15 9
72 2 58 47 76 74 7 80 21 
9 4
29 5 86 74 
74 6
19 15 29 54 25 9 
63 4
0 54 57 93 
93 3
69 45 63 
77 2
1 59 
59 4
43 70 25 77 
4 6
95 85 40 51 53 61 
61 4
11 13 69 4 
53 4
64 4 46 12 
23 1
58 
58 6
46 28 18 15 97 23 
83 4
40 69 84 24 
24 3
8 78 83 
0 4
65 63 21 62 
62 2
52 0 
21 5
19 85 15 0 33 
45 4
41 54 97 93 
69 7
12 49 83 68 61 50 93 
54 6
94 74 45 56 63 66 
66 3
81 25 54 
20 1
56 
56 3
54 96 20 
86 5
9 64 49 97 70 
70 2
59 86 
97 6
44 45 19 43 58 86 
51 4
95 4 40 2 
2 6
87 15 3 89 43 51 
5 4
9 37 68 98 
98 3
28 96 5 
71 1
79 
79 4
65 64 8 71 
96 5
65 30 90 98 56 
16 1
7 
7 5
6 40 72 15 16 
32 1
11 
11 4
61 28 99 32 
88 5
18 34 82 35 67 
67 3
91 88 26 
82 2
99 88 
34 5
48 13 60 8 88 
57 2
63 55 
55 7
6 44 18 65 57 50 87 
31 2
46 6 
6 5
7 55 33 8 31 
12 3
69 42 53 
64 4
78 79 86 53 
95 4
4 51 36 13 
13 4
34 61 25 95 
19 6
1 74 73 97 21 52 
50 2
55 69 
81 3
17 66 41 
41 3
84 45 81 
38 3
92 78 87 
87 5
2 68 55 38 37 
33 4
6 73 91 21 
8 7
75 27 48 24 79 6 34 
65 7
79 0 55 17 78 96 35 
18 4
88 55 58 43 
40 6
7 27 83 4 51 52 
43 6
2 97 59 37 18 28 
72 4
7 15 22 30 
30 6
36 14 94 96 75 72 
14 5
47 22 30 84 68 
68 5
87 5 69 14 48 
84 5
83 25 28 41 14 
47 3
14 17 15 
17 5
81 47 22 65 10 
10 1
17 
90 4
89 76 96 27 
1 3
19 77 27 
27 7
8 37 89 29 40 90 1 
37 4
27 5 43 87 
91 5
99 67 35 33 44 
44 3
97 55 91 
35 3
88 65 91 
99 5
91 82 11 46 42 
42 2
12 99 
29 3
9 27 74 
89 4
85 27 90 2 
48 3
34 8 68 
26 1
67 
