50
5 1
47 
47 4
41 1 5 17 
48 1
20 
20 2
45 48 
45 2
18 20 
38 1
39 
39 2
25 38 
8 2
2 30 
30 1
8 
2 6
41 34 36 3 25 8 
15 1
24 
24 3
36 19 15 
31 1
0 
0 4
32 46 33 31 
25 3
2 9 39 
11 1
41 
41 5
32 2 16 47 11 
13 1
42 
42 2
32 13 
43 1
1 
1 3
47 43 18 
9 1
25 
49 1
27 
27 4
16 28 22 49 
32 5
10 0 41 42 44 
7 1
37 
37 2
18 7 
10 2
32 26 
26 2
10 21 
14 1
18 
18 4
1 37 45 14 
34 3
2 35 29 
29 1
34 
35 1
34 
22 1
27 
28 1
27 
16 3
41 27 23 
46 2
0 4 
4 1
46 
17 1
47 
23 2
16 6 
19 3
36 12 24 
12 1
19 
36 3
24 2 19 
3 1
2 
40 1
33 
33 2
0 40 
44 1
32 
21 1
26 
6 1
23 
