50
31 11
42 43 29 5 3 11 24 38 25 27 48 
48 17
45 32 27 10 0 15 31 34 14 8 17 28 46 5 4 49 23 
25 8
44 43 49 1 24 19 31 13 
24 13
10 5 3 27 31 41 7 25 8 2 35 42 43 
3 13
36 22 21 24 8 13 10 29 9 31 2 35 42 
5 12
8 40 24 37 29 41 31 48 27 19 26 49 
29 16
35 15 40 39 7 41 31 36 23 2 19 3 5 11 37 8 
13 9
21 22 27 20 14 32 3 45 25 
45 12
19 26 48 9 17 34 23 30 33 46 7 13 
32 15
19 12 26 36 23 22 16 27 13 15 48 11 18 8 38 
14 11
28 48 11 35 49 13 30 12 42 46 8 
20 10
12 0 6 13 21 11 40 46 16 26 
37 12
33 19 29 22 9 17 5 34 40 39 11 21 
21 14
39 1 3 11 27 37 26 47 35 23 7 13 20 12 
39 11
44 41 1 47 29 0 17 21 37 2 23 
40 12
29 7 30 6 5 1 35 2 20 37 33 46 
34 13
37 8 16 10 43 49 27 48 36 26 45 7 12 
36 11
3 42 27 33 47 43 34 32 0 29 38 
38 10
47 31 32 6 44 8 35 2 36 30 
1 7
0 25 30 39 40 11 21 
11 15
23 31 32 6 19 4 1 18 29 46 17 14 37 20 21 
43 10
25 34 0 31 9 49 36 23 26 24 
26 16
34 16 7 28 17 42 5 43 49 4 32 45 35 22 20 21 
23 15
33 39 32 12 41 42 29 45 6 19 47 43 21 11 48 
16 8
19 26 33 27 34 20 32 42 
46 7
33 48 14 20 40 45 11 
12 13
21 42 7 41 22 23 44 33 32 19 14 20 34 
19 14
5 12 42 11 37 29 15 7 45 23 25 30 32 16 
33 13
37 49 23 36 45 2 40 16 46 41 7 17 12 
41 10
33 39 24 35 49 5 10 29 12 23 
42 14
14 26 24 27 31 22 23 36 3 16 12 15 19 6 
44 11
18 39 12 25 38 10 15 4 49 9 17 
17 14
44 33 39 30 45 7 28 9 48 11 26 37 6 49 
49 15
33 17 5 44 2 34 26 14 41 43 6 48 22 30 25 
15 10
42 19 29 10 44 32 48 27 4 47 
47 13
38 10 0 15 21 4 7 36 22 23 30 39 18 
4 10
26 44 48 30 18 47 11 7 10 15 
27 17
48 36 31 35 5 10 42 7 13 15 21 24 32 6 9 34 16 
7 17
26 45 21 22 34 29 40 4 47 33 27 17 28 24 6 19 12 
22 11
37 26 3 6 32 49 47 12 42 13 7 
8 11
29 5 18 3 30 24 48 32 38 34 14 
30 14
49 45 19 14 40 17 28 47 4 38 8 0 9 1 
10 12
44 41 4 47 24 3 18 15 34 2 27 48 
2 10
24 49 33 6 40 39 3 29 10 38 
6 15
18 11 22 0 23 40 20 38 28 17 7 49 2 27 42 
28 9
14 0 6 30 17 9 48 7 26 
9 10
37 44 45 43 17 27 28 3 18 30 
0 10
1 48 28 43 47 36 30 20 39 6 
18 9
44 8 10 6 32 4 47 9 11 
35 10
29 38 14 40 41 26 3 21 24 27 
