100
80 3
91 95 83 
83 4
55 62 81 80 
95 6
47 66 68 6 38 80 
91 3
80 19 35 
35 5
72 17 91 37 5 
19 5
86 63 91 0 50 
4 2
89 40 
40 3
39 79 4 
89 4
4 18 56 34 
34 8
74 47 51 18 81 14 94 89 
56 5
74 63 7 78 89 
18 3
89 34 31 
31 6
97 67 26 94 51 18 
94 7
24 78 8 34 31 27 29 
14 4
82 39 34 75 
81 6
70 1 83 20 34 24 
51 3
49 34 31 
47 6
32 61 95 34 11 85 
74 4
56 73 34 43 
15 5
71 53 41 0 55 
55 4
59 29 15 83 
0 6
71 11 15 3 19 39 
41 3
99 15 17 
53 6
29 15 66 23 58 50 
71 7
3 93 92 0 15 72 7 
39 8
17 42 12 5 10 0 40 14 
3 3
65 71 0 
11 6
79 63 0 72 47 52 
93 3
84 71 62 
62 3
83 7 93 
84 3
6 82 93 
92 2
71 73 
73 4
74 97 92 86 
63 5
11 19 43 57 56 
57 2
30 63 
43 5
97 67 63 99 74 
69 4
13 33 44 97 
97 5
43 31 27 69 73 
44 10
48 66 1 29 70 69 82 65 59 12 
33 4
69 45 72 23 
13 2
69 37 
38 2
76 95 
6 2
84 95 
68 3
30 95 85 
66 7
72 53 67 44 96 95 75 
50 4
98 19 36 53 
86 2
19 73 
24 6
16 54 94 23 90 81 
20 4
22 60 81 27 
1 2
81 44 
70 3
81 44 79 
75 3
10 66 14 
10 3
75 39 99 
48 3
44 76 26 
26 4
36 31 48 9 
76 5
38 45 48 27 59 
7 5
78 71 56 30 62 
72 8
35 66 33 52 71 11 27 58 
23 6
45 53 33 24 42 32 
45 4
23 76 33 54 
79 4
11 70 40 61 
96 5
25 99 67 2 66 
67 6
96 16 66 2 43 31 
8 3
94 29 36 
36 5
77 26 50 52 8 
29 5
53 55 94 44 8 
5 3
87 39 35 
37 3
59 35 13 
17 4
9 39 41 35 
27 5
94 76 72 97 20 
82 3
14 44 84 
58 2
72 53 
30 3
57 68 7 
87 2
5 98 
98 3
50 99 87 
77 2
36 22 
22 4
20 49 77 46 
12 2
39 44 
42 3
46 39 23 
90 2
28 24 
28 4
90 85 78 61 
52 3
36 72 11 
88 2
99 2 
2 5
96 85 67 49 88 
99 6
41 88 96 43 98 10 
54 2
24 45 
25 2
96 59 
59 5
37 55 44 76 25 
49 4
51 2 21 22 
85 4
68 2 28 47 
78 6
21 7 64 28 94 56 
64 2
78 65 
21 2
78 49 
32 2
47 23 
46 2
42 22 
16 2
24 67 
61 3
47 79 28 
9 3
17 26 60 
60 2
20 9 
65 3
3 44 64 
