100
60 3
70 5 65 
65 3
64 39 60 
34 2
66 21 
21 3
41 37 34 
89 2
25 1 
1 4
10 86 84 89 
53 1
44 
44 3
2 30 53 
71 2
48 88 
88 3
80 40 71 
80 3
23 88 2 
2 5
93 73 44 94 80 
25 3
69 89 39 
39 3
69 65 25 
4 3
91 47 92 
92 4
52 90 40 4 
29 3
72 74 82 
82 3
64 66 29 
99 1
14 
14 3
27 86 99 
17 1
42 
42 2
61 17 
66 5
19 73 34 98 82 
18 2
6 79 
79 4
90 24 38 18 
78 1
98 
98 4
72 62 66 78 
41 2
21 97 
97 2
62 41 
61 2
24 42 
57 2
76 63 
63 3
73 23 57 
45 1
56 
56 5
87 24 37 20 45 
31 1
55 
55 4
30 22 85 31 
36 2
27 47 
47 2
4 36 
27 5
14 28 48 6 36 
73 6
72 66 74 48 2 63 
15 2
81 22 
22 5
16 52 5 55 15 
94 2
77 2 
62 5
30 87 97 98 12 
48 5
71 73 27 8 64 
64 5
82 48 46 65 35 
8 1
48 
38 1
79 
24 4
67 56 61 79 
40 4
90 92 52 88 
0 3
70 10 51 
51 1
0 
10 4
69 35 1 0 
70 4
60 54 0 95 
12 4
62 23 52 16 
16 3
22 96 12 
52 5
40 92 22 93 12 
9 3
77 54 69 
69 4
10 39 25 9 
54 5
72 58 28 9 70 
93 7
6 77 52 75 86 49 2 
49 1
93 
86 4
93 14 1 72 
75 5
93 26 87 91 85 
76 2
57 26 
26 4
77 75 7 76 
84 2
1 77 
28 6
68 27 90 54 58 43 
32 2
91 83 
83 2
32 19 
91 4
4 75 11 32 
85 3
55 75 23 
87 6
75 5 3 56 62 96 
43 2
28 81 
58 2
54 28 
90 5
79 28 74 40 92 
68 2
5 28 
30 3
55 62 44 
6 3
18 93 27 
11 2
67 91 
46 3
64 81 67 
67 3
11 24 46 
37 3
56 21 50 
50 1
37 
7 2
26 13 
13 1
7 
59 2
20 33 
33 1
59 
20 2
56 59 
96 2
16 87 
3 1
87 
5 4
60 87 68 22 
72 5
73 54 98 29 86 
81 3
15 46 43 
77 5
94 9 93 26 84 
74 3
73 29 90 
95 1
70 
19 2
66 83 
35 2
10 64 
23 4
63 80 12 85 
