30
19 9
9 7 13 8 29 10 18 23 24 
24 6
27 28 0 8 4 19 
23 13
3 5 4 11 8 16 13 28 17 9 27 2 19 
18 7
7 13 0 11 19 28 20 
10 9
3 1 19 29 15 0 14 6 8 
29 7
28 19 10 0 4 5 1 
8 12
20 5 28 23 13 7 15 10 19 12 24 21 
28 9
6 4 24 15 29 8 18 23 22 
22 5
4 9 17 28 2 
9 10
5 19 12 7 15 22 23 6 17 27 
27 6
24 7 25 23 2 9 
6 8
21 26 2 28 9 15 10 4 
2 11
26 5 12 21 6 23 22 13 0 17 27 
17 6
9 2 12 23 22 21 
4 11
25 14 16 28 3 12 24 23 22 6 29 
21 7
7 8 6 2 26 20 17 
12 14
5 15 11 4 3 16 8 7 17 1 9 2 14 26 
0 10
14 24 10 29 18 5 13 7 2 16 
16 10
14 1 4 7 26 15 0 12 25 23 
7 13
19 27 9 12 11 21 25 16 8 0 18 3 13 
5 9
1 9 23 12 2 8 29 0 20 
14 11
16 25 4 20 3 12 0 10 13 26 11 
1 8
5 25 16 26 11 10 29 12 
3 7
23 10 12 4 7 14 20 
15 9
6 28 9 10 16 8 11 26 12 
11 7
7 1 18 23 12 15 14 
13 10
18 0 8 23 14 20 19 2 26 7 
25 8
4 1 27 7 16 14 20 26 
20 8
14 8 25 13 3 18 5 21 
26 10
2 12 1 6 16 21 13 14 15 25 
