30
4 11
10 29 12 14 27 2 19 23 22 18 1 
1 8
0 16 2 24 9 18 12 4 
18 10
27 13 21 4 1 26 19 8 16 20 
22 7
19 23 20 0 10 4 12 
23 8
21 4 16 22 14 28 26 25 
19 11
8 11 22 9 20 15 4 2 6 18 5 
2 8
4 5 1 19 17 27 29 6 
27 5
18 3 4 26 2 
14 9
13 11 21 4 23 5 0 15 12 
12 9
8 17 28 4 20 14 1 11 22 
5 9
16 8 29 14 11 26 2 19 3 
6 5
16 24 9 19 2 
15 5
25 0 19 14 8 
20 11
19 22 9 0 13 7 12 8 3 18 25 
9 7
6 19 20 29 1 3 17 
11 6
14 7 19 3 5 12 
28 4
12 23 29 24 
24 5
6 26 1 8 28 
29 6
4 5 21 28 9 2 
25 4
15 10 20 23 
8 8
19 7 12 5 18 20 24 15 
7 4
11 8 16 20 
13 4
18 14 20 26 
0 6
1 22 15 14 20 17 
17 4
12 2 9 0 
10 6
4 16 21 22 25 26 
3 5
20 11 5 27 9 
16 9
6 5 1 18 26 10 23 7 21 
21 7
14 18 10 29 23 16 26 
26 9
24 21 16 23 27 5 18 13 10 
