30
16 8
28 15 20 1 3 22 21 24 
24 10
3 27 17 28 6 22 11 21 16 2 
22 8
10 24 7 19 2 26 17 16 
3 11
24 10 25 9 17 16 20 13 26 6 1 
12 7
21 11 10 23 14 13 26 
26 10
25 9 15 10 23 22 20 18 3 12 
13 12
4 28 29 15 12 21 19 2 5 3 23 20 
15 9
26 6 16 8 0 4 13 7 14 
14 10
12 19 18 4 29 0 15 9 28 21 
7 11
25 8 1 18 22 4 2 0 10 15 6 
20 10
11 16 4 3 1 19 26 13 28 9 
23 7
12 9 17 28 26 19 13 
2 10
5 4 6 28 9 7 13 22 21 24 
21 11
25 12 10 2 17 5 16 8 24 13 14 
29 8
13 27 9 14 0 8 6 4 
4 9
11 19 2 13 7 14 20 15 29 
6 14
1 10 29 15 8 3 5 7 17 18 11 24 19 2 
8 9
7 21 0 15 29 25 5 18 6 
9 10
23 29 10 26 2 27 3 18 14 20 
18 12
7 14 5 1 8 9 17 19 26 6 10 0 
27 8
0 10 29 24 11 28 9 19 
1 11
28 0 10 16 7 6 11 20 18 3 5 
5 11
8 2 19 21 25 13 6 28 17 18 1 
17 10
28 24 21 6 23 22 3 5 18 0 
19 11
4 18 5 6 20 14 13 22 23 27 25 
10 12
22 1 18 3 12 27 9 7 26 6 21 11 
28 12
16 5 1 0 24 13 2 17 27 23 20 14 
11 9
4 12 20 24 27 1 6 0 10 
25 8
21 7 0 3 5 8 26 19 
0 12
8 25 14 15 29 11 7 1 18 27 28 17 
