50
48 8
26 30 25 40 47 16 31 32 
32 6
23 5 15 27 48 4 
31 14
23 4 5 9 48 6 17 7 29 13 44 33 34 12 
16 8
13 36 48 0 15 33 8 1 
47 4
11 48 22 23 
34 7
43 25 20 8 31 1 22 
22 6
20 34 41 47 49 26 
1 5
34 11 37 16 27 
14 6
9 6 4 41 0 46 
46 11
33 23 36 38 45 15 29 11 24 5 14 
0 10
14 3 5 18 41 16 33 9 26 19 
4 4
14 30 31 32 
30 7
48 39 40 19 4 21 24 
9 6
41 14 24 0 38 31 
38 10
41 10 12 39 46 45 35 21 24 9 
24 9
49 38 9 23 30 15 3 46 35 
37 7
8 1 36 23 15 20 6 
6 5
10 29 14 31 37 
20 6
35 34 7 22 29 37 
15 12
43 40 3 46 16 41 7 24 37 32 10 29 
23 13
32 2 29 46 33 44 37 24 17 28 31 18 47 
36 7
5 40 13 37 16 46 33 
33 9
46 44 16 31 23 36 29 0 13 
13 6
31 40 36 16 33 43 
29 11
31 6 26 45 20 41 18 33 46 23 15 
10 5
43 6 38 26 15 
7 6
19 45 20 17 31 15 
41 10
9 38 44 18 14 29 0 15 22 45 
3 7
43 49 0 15 21 24 12 
5 8
36 26 21 32 0 31 8 46 
18 6
41 42 39 29 0 23 
39 5
30 38 18 12 2 
8 9
5 37 19 27 17 16 34 40 25 
11 5
1 46 45 47 25 
27 4
8 32 21 1 
21 7
38 30 27 17 3 5 42 
35 8
19 38 20 40 12 43 28 24 
28 4
45 35 26 23 
43 6
34 3 15 10 35 13 
12 6
38 17 31 35 3 39 
26 8
42 5 0 10 29 22 48 28 
49 3
3 24 22 
45 8
38 28 46 11 29 7 41 42 
17 6
23 12 7 8 31 21 
44 5
41 33 19 31 23 
40 7
15 13 48 35 36 30 8 
19 8
35 7 44 8 42 25 30 0 
25 5
48 34 19 8 11 
2 2
23 39 
42 5
18 26 19 45 21 
