30
26 10
7 1 3 6 14 4 19 9 27 8 
8 7
18 14 9 19 26 6 16 
27 10
28 4 6 3 21 11 13 23 12 26 
19 6
8 28 3 18 26 23 
4 15
23 16 3 5 26 13 9 7 28 17 27 12 21 11 25 
14 13
8 7 18 3 1 26 11 24 9 17 22 15 10 
6 13
5 3 29 26 27 9 23 22 20 16 8 24 21 
23 15
4 18 25 20 2 19 6 12 29 27 28 9 22 3 24 
18 15
14 11 24 19 2 13 15 3 0 1 9 17 8 25 23 
3 14
4 25 5 18 0 1 27 17 26 14 20 19 6 23 
28 10
7 21 27 25 23 19 16 1 5 4 
29 8
6 1 24 23 22 10 7 13 
13 9
18 1 12 9 27 16 4 15 29 
10 4
17 22 29 14 
22 11
23 12 24 21 0 10 29 15 6 14 17 
24 10
6 23 22 14 29 0 18 1 7 2 
1 15
28 24 20 21 13 29 15 5 16 3 11 18 25 14 26 
15 9
13 2 16 14 20 1 18 21 22 
21 9
2 28 27 4 22 1 0 15 6 
20 8
1 3 5 15 0 6 23 7 
16 11
4 6 2 28 15 12 7 13 8 5 1 
12 9
4 17 27 22 23 16 13 7 2 
11 5
4 14 27 1 18 
7 12
2 26 29 16 28 17 25 14 20 24 4 12 
0 6
3 18 22 21 24 20 
2 9
7 15 18 17 16 23 12 21 24 
17 11
10 25 4 7 2 14 12 9 3 18 22 
9 9
13 14 26 6 4 23 17 8 18 
25 9
4 17 28 7 18 1 5 3 23 
5 8
6 4 16 20 25 28 1 3 
