50
31 7
16 33 35 26 20 39 11 
11 7
43 46 22 20 31 38 10 
39 6
16 31 49 6 15 23 
26 10
16 22 4 24 21 25 0 10 28 31 
35 6
31 47 37 14 6 16 
37 6
8 6 45 35 10 42 
42 6
48 17 15 25 37 34 
10 9
17 28 34 18 33 26 37 11 23 
45 11
20 24 37 27 0 15 7 41 2 4 49 
6 9
23 12 39 37 4 44 7 0 35 
29 9
49 47 43 12 16 2 25 18 1 
1 10
4 49 3 48 9 19 29 40 34 20 
25 9
22 23 42 0 29 19 26 7 48 
2 7
33 17 41 19 45 21 29 
16 7
31 39 12 29 26 35 13 
12 9
6 43 49 16 27 5 18 41 29 
43 8
11 46 8 33 30 12 47 29 
47 12
38 27 9 35 40 14 22 15 29 18 4 43 
49 11
21 33 1 41 9 39 29 15 22 45 12 
38 5
30 47 4 11 7 
20 11
45 13 7 31 9 46 11 4 30 1 18 
22 7
26 25 11 4 47 49 7 
23 12
6 27 7 4 25 3 46 10 15 30 39 14 
15 10
48 45 42 3 5 8 47 49 39 23 
48 6
1 24 42 15 36 25 
36 4
41 40 48 28 
30 5
38 43 20 23 5 
33 9
2 44 31 27 28 0 10 49 43 
8 5
37 43 15 34 9 
5 7
12 32 13 3 18 15 30 
3 10
15 0 5 1 23 7 9 27 28 19 
18 6
29 10 5 12 47 20 
13 4
20 5 27 16 
27 11
23 12 47 46 33 45 19 0 3 32 13 
32 5
19 5 27 28 7 
7 12
4 20 19 45 41 3 32 6 25 38 23 22 
4 15
45 6 21 20 34 23 38 47 9 22 1 28 17 7 26 
46 8
43 19 27 20 23 11 24 44 
44 5
33 46 6 0 9 
24 7
45 26 0 14 46 48 28 
19 9
25 2 7 32 46 14 1 3 27 
28 9
26 17 10 33 3 24 4 32 36 
17 6
41 28 10 2 4 42 
9 11
20 40 49 4 47 3 1 44 8 41 21 
41 10
49 36 12 40 14 7 2 45 17 9 
14 6
24 41 19 35 23 47 
40 5
1 41 47 36 9 
34 6
4 1 21 10 8 42 
21 6
4 49 34 2 26 9 
0 9
25 45 26 33 44 24 27 6 3 
