20
12 7
8 9 17 13 0 15 14 
14 11
5 18 7 13 6 10 0 11 9 17 12 
15 9
8 13 3 9 17 4 0 11 12 
13 12
1 6 14 11 16 8 12 19 7 15 0 10 
17 7
12 19 11 5 14 15 6 
3 7
16 15 6 18 5 7 19 
19 5
0 17 9 13 3 
7 7
18 1 3 14 13 10 0 
5 8
14 16 6 11 17 9 1 3 
18 6
7 14 9 2 3 4 
6 9
13 10 2 3 5 14 9 17 4 
16 5
5 3 13 10 11 
11 10
0 15 17 14 13 5 1 8 16 2 
10 8
0 6 14 16 1 2 7 13 
9 10
12 4 8 14 5 18 15 6 2 19 
0 11
12 1 19 4 11 14 13 7 10 15 8 
2 7
4 8 9 6 18 11 10 
4 6
2 9 0 15 6 18 
1 7
8 5 13 7 0 10 11 
8 8
1 12 2 11 9 13 15 0 
