30
24 4
23 21 20 14 
14 3
6 21 24 
9 5
1 6 19 7 21 
21 9
11 24 18 17 28 9 12 4 14 
22 3
16 0 29 
29 7
8 13 23 22 5 28 27 
1 3
9 7 2 
2 5
20 15 16 5 1 
7 8
23 9 28 6 20 18 5 1 
28 4
25 29 7 21 
0 4
22 11 20 6 
6 9
9 27 7 12 23 4 14 20 0 
20 9
25 24 6 15 0 18 2 19 7 
17 3
12 21 3 
3 4
18 16 23 17 
16 6
22 4 3 2 26 10 
10 3
23 11 16 
26 2
25 16 
8 4
12 18 29 15 
15 5
25 2 20 11 8 
18 6
7 4 20 21 8 3 
23 9
27 12 24 6 3 10 29 7 13 
13 3
29 23 11 
4 4
18 16 6 21 
12 6
17 5 23 8 6 21 
19 2
9 20 
11 6
21 27 0 15 10 13 
27 4
23 6 11 29 
5 5
2 12 7 29 25 
25 5
15 20 28 26 5 
