50
18 5
20 23 24 26 2 
2 9
7 43 27 30 39 3 5 18 25 
24 12
22 10 29 0 48 27 20 34 18 16 8 7 
23 8
31 27 30 36 34 45 18 44 
20 7
10 3 18 24 35 26 25 
25 7
40 20 6 41 12 22 2 
26 9
18 36 9 28 17 20 40 41 33 
37 5
42 8 17 32 38 
38 8
21 37 3 44 8 45 17 14 
32 8
30 36 31 28 1 37 7 16 
17 10
1 34 37 47 29 10 38 26 19 30 
5 4
22 2 15 6 
6 5
27 48 29 25 5 
15 6
4 42 36 30 46 5 
22 10
5 19 24 29 47 49 30 48 25 46 
9 4
49 26 13 41 
41 5
8 3 25 26 9 
13 4
45 0 9 8 
8 11
10 34 43 47 1 33 38 37 24 41 13 
0 9
44 45 40 42 13 24 11 27 28 
45 6
13 0 23 38 27 31 
46 7
48 44 34 14 22 15 43 
48 9
46 24 6 49 43 4 42 3 22 
30 11
32 10 29 15 23 22 2 27 28 17 11 
49 7
9 48 16 44 22 21 1 
47 7
40 17 7 22 36 8 4 
29 10
14 39 12 24 6 30 22 17 27 7 
19 3
22 7 17 
28 6
4 32 3 30 26 0 
3 7
20 41 38 2 28 48 27 
7 7
12 47 32 2 19 24 29 
33 5
21 12 16 8 26 
40 7
11 25 0 4 47 42 26 
36 5
32 26 15 23 47 
16 7
24 33 49 4 43 34 32 
1 5
17 31 8 32 49 
43 9
42 2 35 48 31 8 44 46 16 
14 3
29 46 38 
34 9
17 10 35 11 24 23 8 46 16 
44 8
0 46 27 43 49 38 11 23 
42 8
37 43 48 10 15 0 40 39 
4 7
40 15 10 28 48 16 47 
27 10
44 6 30 23 45 2 24 29 0 3 
12 5
7 33 29 25 21 
39 4
35 2 29 42 
10 9
30 42 8 24 20 34 17 35 4 
35 6
31 20 39 34 10 43 
21 5
33 38 11 49 12 
31 6
32 1 23 43 35 45 
11 6
40 34 30 21 0 44 
