50
18 6
28 1 36 23 25 40 
40 5
10 45 31 14 18 
25 8
22 33 16 42 18 0 26 19 
23 4
42 35 18 30 
36 6
18 3 46 32 45 11 
15 6
8 32 9 13 1 45 
45 10
42 2 40 9 31 13 22 30 36 15 
1 7
18 35 26 15 29 9 28 
13 7
47 16 15 29 28 26 45 
19 5
9 25 24 39 8 
0 8
32 28 12 35 24 34 47 25 
42 7
45 23 21 5 33 25 41 
16 8
49 48 37 11 39 14 13 25 
33 8
27 25 44 5 6 42 4 34 
2 7
38 7 35 45 6 44 21 
21 9
24 38 31 42 29 44 46 49 2 
44 4
21 2 26 33 
6 5
2 3 33 48 11 
32 7
38 0 15 10 49 47 36 
47 5
13 0 11 48 32 
49 4
16 27 32 21 
26 8
25 41 13 3 1 27 43 44 
43 5
46 12 41 7 26 
27 5
4 49 33 26 31 
3 5
17 11 6 26 36 
41 6
43 7 26 48 42 5 
5 6
11 42 8 33 46 41 
4 7
27 17 35 29 10 12 33 
12 6
7 14 4 43 0 29 
10 8
37 32 35 38 4 40 39 34 
46 5
43 9 5 36 21 
28 6
31 0 13 18 1 20 
29 7
4 31 1 37 21 13 12 
48 5
16 41 9 6 47 
9 7
1 46 15 48 19 45 24 
20 2
11 28 
14 3
40 12 16 
37 4
16 8 10 29 
31 6
40 21 29 45 28 27 
8 5
15 5 37 30 19 
34 4
11 0 10 33 
22 4
24 45 25 38 
38 6
2 32 10 21 11 22 
24 5
21 0 22 19 9 
11 12
17 16 34 20 47 5 3 7 36 6 35 38 
35 9
2 4 0 10 23 1 7 11 17 
30 3
8 45 23 
39 3
10 16 19 
7 7
41 12 2 35 43 11 17 
17 5
4 11 3 35 7 
