30
1 9
25 20 8 2 10 24 17 5 3 
3 6
23 16 17 24 11 1 
17 7
10 24 23 26 3 1 7 
24 12
8 26 17 9 21 22 3 5 1 14 0 29 
22 11
6 20 12 5 0 10 27 24 26 19 16 
16 7
25 11 13 6 3 26 22 
19 7
8 0 27 18 25 13 22 
27 8
25 19 8 21 22 23 29 0 
9 5
25 0 24 7 13 
13 8
4 16 12 10 0 5 19 9 
7 8
29 17 9 6 20 25 21 11 
0 11
12 19 22 23 13 18 24 9 27 10 15 
15 8
18 12 23 21 11 8 2 0 
10 8
17 6 13 22 2 5 1 0 
28 3
29 4 23 
23 12
8 3 25 15 0 14 21 17 27 28 2 4 
20 8
22 8 11 26 7 1 5 18 
18 9
25 2 19 15 29 0 14 20 12 
14 5
12 23 24 18 5 
5 10
12 22 6 24 26 13 1 10 20 14 
26 7
20 5 24 22 17 16 6 
6 9
22 10 12 5 8 16 7 26 21 
29 6
18 27 28 7 24 8 
21 9
15 4 25 7 12 27 24 23 6 
4 5
12 21 28 13 23 
2 6
25 18 1 10 15 23 
11 5
16 20 15 3 7 
25 11
18 1 21 16 8 23 27 9 2 19 7 
12 10
14 15 0 4 22 6 13 21 5 18 
8 10
23 19 20 25 27 6 24 1 15 29 
