50
38 2
49 10 
10 4
20 49 4 38 
37 2
28 8 
8 3
34 30 37 
24 1
22 
22 2
45 24 
45 6
36 30 22 13 31 9 
34 3
16 8 0 
0 3
11 47 34 
14 5
1 27 48 12 40 
40 1
14 
12 3
43 4 14 
30 3
15 45 8 
20 3
19 10 11 
11 6
0 36 7 3 47 20 
19 2
20 9 
9 4
42 45 19 48 
17 1
3 
3 3
7 11 17 
47 2
11 0 
43 3
25 7 12 
7 4
3 11 43 35 
27 2
14 33 
33 5
4 5 44 25 27 
35 3
7 1 23 
23 1
35 
1 3
14 6 35 
31 3
26 45 29 
29 3
49 48 31 
41 1
48 
48 4
29 14 9 41 
28 3
37 5 13 
13 5
45 26 28 15 16 
46 2
36 5 
5 5
6 28 46 33 42 
36 6
11 45 6 32 46 18 
4 4
33 42 12 10 
16 3
13 34 39 
39 1
16 
42 6
4 9 15 18 5 21 
26 2
31 13 
32 2
36 49 
49 4
38 29 10 32 
6 4
36 5 1 2 
2 2
44 6 
15 3
30 42 13 
18 2
42 36 
25 2
43 33 
44 2
33 2 
21 1
42 
