100
52 1
2 
2 3
75 33 52 
34 2
6 97 
97 4
83 33 74 34 
89 1
65 
65 11
47 28 68 66 63 61 69 73 94 39 89 
9 1
74 
74 3
4 97 9 
16 1
29 
29 3
13 59 16 
32 2
37 82 
82 3
5 49 32 
40 1
38 
38 5
35 26 56 14 40 
5 3
18 82 11 
11 2
59 5 
0 2
33 10 
10 2
26 0 
33 5
0 39 97 2 58 
77 1
75 
75 5
47 2 93 77 90 
18 3
70 5 3 
3 2
51 18 
25 1
84 
84 4
95 71 99 25 
64 1
36 
36 5
83 92 60 80 64 
78 1
80 
80 5
26 23 36 78 79 
4 2
74 81 
81 2
68 4 
15 1
1 
1 2
46 15 
48 1
95 
95 4
84 31 48 44 
88 2
83 39 
39 3
33 65 88 
60 2
36 17 
17 3
6 7 60 
7 2
12 17 
94 2
65 57 
57 1
94 
24 1
93 
93 2
75 24 
70 2
18 8 
8 2
63 70 
66 2
65 51 
51 3
66 3 53 
54 1
28 
28 7
87 65 22 83 31 54 6 
98 2
68 46 
46 2
98 1 
68 5
65 35 19 81 98 
49 2
87 82 
23 1
80 
41 1
21 
21 3
87 41 71 
6 4
34 17 28 45 
31 2
28 95 
83 6
88 36 28 97 67 92 
22 2
14 28 
87 6
28 13 49 43 21 12 
42 2
63 91 
91 2
42 30 
63 5
65 42 86 8 96 
79 2
55 80 
26 3
38 80 10 
71 5
90 21 84 47 72 
72 1
71 
47 3
65 71 75 
92 3
12 36 83 
53 1
51 
45 1
6 
96 1
63 
86 2
63 20 
56 1
38 
67 2
83 55 
19 1
68 
35 3
68 38 50 
12 3
92 87 7 
73 1
65 
61 2
65 27 
30 1
91 
43 1
87 
13 3
87 29 76 
50 2
35 69 
27 1
61 
14 2
22 38 
69 2
65 50 
44 2
95 62 
37 2
32 59 
59 4
29 11 37 85 
58 1
33 
76 1
13 
90 2
71 75 
62 1
44 
55 2
79 67 
99 1
84 
20 1
86 
85 1
59 
