20
8 9
13 14 10 4 11 19 17 3 6 
6 11
9 2 19 4 11 7 18 15 0 16 8 
3 12
2 13 12 16 8 4 18 1 5 10 15 17 
17 9
13 9 14 8 10 5 18 3 2 
14 11
8 5 18 1 4 2 19 17 10 7 13 
13 9
8 16 3 1 4 17 9 10 14 
10 14
13 19 2 7 17 5 16 3 14 12 4 1 0 8 
2 10
6 7 14 3 18 10 12 4 9 17 
4 13
6 14 8 16 2 19 5 3 18 13 15 10 0 
0 9
5 16 9 11 6 10 15 4 7 
18 11
3 7 14 17 6 4 15 12 2 19 16 
19 8
6 8 14 9 7 10 18 4 
5 9
14 11 17 4 0 15 10 16 3 
16 11
6 11 4 10 0 15 13 5 3 1 18 
15 11
9 6 12 4 16 11 0 5 1 18 3 
1 8
14 9 15 10 13 16 3 12 
7 9
11 18 6 14 12 2 19 10 0 
12 8
15 10 7 2 9 3 18 1 
9 10
6 1 15 0 17 2 19 12 13 11 
11 8
7 5 6 16 8 0 15 9 
