50
5 2
26 47 
47 5
41 1 5 9 17 
48 2
7 20 
20 2
45 48 
45 4
2 3 18 20 
38 6
12 43 25 24 19 39 
39 2
25 38 
8 4
32 35 2 30 
30 2
43 8 
2 10
45 17 4 29 41 34 36 3 25 8 
15 2
6 24 
24 6
3 41 38 36 19 15 
31 3
41 13 0 
0 6
22 32 46 33 28 31 
25 7
38 44 1 2 27 9 39 
11 3
34 7 41 
41 9
31 18 32 35 2 16 47 24 11 
13 3
31 21 42 
42 4
40 28 32 13 
43 3
38 30 1 
1 5
25 49 47 43 18 
9 2
47 25 
49 4
7 4 1 27 
27 5
25 16 28 22 49 
32 7
37 10 0 41 42 8 44 
7 4
49 48 11 37 
37 4
46 32 18 7 
10 2
32 26 
26 5
5 16 29 10 21 
14 2
35 18 
18 6
4 41 1 37 45 14 
34 5
46 11 2 35 29 
29 3
26 2 34 
35 4
8 41 14 34 
22 2
0 27 
28 3
0 42 27 
16 4
26 41 27 23 
46 4
34 37 0 4 
4 4
49 18 2 46 
17 3
44 2 47 
23 3
33 16 6 
19 4
38 36 12 24 
12 4
36 38 3 19 
36 5
12 3 24 2 19 
3 6
24 36 12 33 45 2 
40 2
42 33 
33 4
3 23 0 40 
44 4
17 25 6 32 
21 2
13 26 
6 3
15 44 23 
