20
5 6
4 6 7 11 16 1 
1 9
4 8 14 11 12 2 19 18 5 
14 7
3 1 12 7 17 10 0 
0 8
6 10 8 9 13 12 3 14 
17 9
10 8 13 4 19 2 3 11 14 
9 8
11 13 6 3 12 0 15 4 
4 8
5 1 18 11 6 12 17 9 
19 5
17 15 12 3 1 
6 7
0 9 4 11 7 5 18 
18 7
4 12 11 1 3 2 6 
3 12
14 16 7 9 17 12 15 0 10 18 2 19 
10 7
17 0 14 3 12 8 16 
16 5
7 3 5 11 10 
12 14
4 8 18 11 10 19 2 3 0 1 9 15 13 14 
8 7
17 1 13 11 0 10 12 
11 12
7 4 15 5 1 18 8 16 6 12 9 17 
15 7
19 3 11 13 7 9 12 
2 7
12 17 3 1 18 13 7 
7 8
16 11 15 5 3 14 6 2 
13 7
9 17 8 15 0 12 2 
