50
8 5
31 42 1 22 30 
30 9
40 6 19 1 18 3 10 0 8 
46 9
4 19 5 33 16 44 48 17 28 
28 8
43 26 32 11 34 41 16 46 
23 6
25 20 39 48 17 16 
16 9
46 35 5 41 28 4 40 14 23 
21 6
34 29 6 32 2 42 
42 13
48 47 41 34 40 25 10 35 2 8 44 11 21 
5 12
10 12 7 11 24 31 4 16 46 34 40 20 
20 10
48 13 43 45 24 23 22 10 12 5 
15 8
40 36 9 31 48 18 35 45 
45 5
20 13 43 25 15 
48 9
46 42 20 14 15 19 23 41 13 
13 11
25 49 12 35 45 41 20 40 39 27 48 
32 7
2 7 28 21 22 47 4 
4 9
29 17 9 34 5 46 16 49 32 
26 5
38 11 28 27 2 
2 10
32 9 49 3 18 21 11 42 19 26 
49 7
0 2 11 37 13 7 4 
12 5
5 13 43 11 20 
19 8
2 24 18 48 30 46 40 34 
34 14
21 19 24 17 28 1 18 5 25 38 36 4 41 42 
31 7
8 40 29 15 5 47 25 
25 8
38 13 23 22 42 34 45 31 
44 6
24 36 29 46 47 42 
7 6
9 32 5 22 33 49 
37 4
39 40 38 49 
9 10
38 4 7 15 39 40 2 18 3 33 
33 4
46 7 41 9 
22 9
25 7 8 32 39 20 40 14 47 
47 9
42 32 31 40 39 11 44 22 36 
14 6
1 48 10 0 22 16 
40 14
31 30 38 5 19 37 24 42 16 47 22 9 13 15 
36 5
15 44 39 34 47 
1 8
18 6 30 8 0 10 14 34 
38 8
9 25 26 34 40 37 29 10 
41 8
42 0 13 34 16 33 48 28 
11 9
5 28 10 49 47 26 2 42 12 
18 10
9 1 29 15 34 30 19 2 35 43 
43 8
20 24 12 28 27 45 18 6 
35 6
15 16 42 6 13 18 
39 10
9 0 24 37 47 3 36 22 23 13 
17 8
4 27 46 3 6 23 34 29 
29 9
4 21 18 3 38 44 31 17 27 
0 6
49 1 41 39 14 30 
27 6
17 13 24 26 43 29 
10 8
30 11 14 20 42 5 1 38 
24 10
19 44 27 3 5 43 39 40 20 34 
6 6
21 30 1 17 35 43 
3 7
24 29 2 17 9 39 30 
