50
35 3
38 24 45 
45 2
32 35 
24 5
42 5 2 35 13 
38 3
35 19 49 
27 2
12 14 
14 6
29 11 33 30 42 27 
12 8
20 30 36 27 48 7 16 11 
20 7
12 7 25 4 37 31 17 
17 2
43 20 
31 2
7 20 
37 4
21 30 20 3 
4 2
28 20 
25 2
49 20 
7 9
31 28 34 20 40 6 32 2 12 
48 4
22 12 42 47 
47 9
21 13 26 2 48 28 32 30 22 
42 5
24 14 48 46 6 
22 5
39 40 9 48 47 
9 3
23 22 18 
18 3
32 36 9 
23 2
9 44 
36 5
10 0 12 44 18 
32 5
18 45 7 47 34 
8 2
40 11 
11 3
14 12 8 
40 3
8 22 7 
43 5
0 17 6 46 21 
21 4
10 37 47 43 
46 3
49 43 42 
6 4
16 43 7 42 
0 4
43 36 15 5 
5 3
24 19 0 
15 6
49 44 26 0 39 34 
44 3
15 36 23 
10 4
36 21 16 19 
3 3
41 34 37 
30 5
49 47 37 12 14 
49 6
15 46 16 25 38 30 
19 4
5 38 28 10 
28 5
19 4 47 7 29 
2 4
16 7 47 24 
16 6
2 6 12 10 49 33 
13 2
47 24 
29 2
14 28 
34 4
3 7 15 32 
39 3
22 15 26 
26 6
15 33 47 39 41 1 
33 4
1 14 26 16 
1 2
33 26 
41 2
3 26 
