30
5 8
23 8 4 0 28 7 1 3 
3 10
7 14 23 24 26 19 8 17 5 10 
7 7
21 3 5 22 12 16 15 
28 8
23 14 0 19 2 17 5 16 
20 8
6 14 13 21 17 9 1 29 
29 8
12 0 10 19 2 8 11 20 
1 7
2 5 23 20 14 13 17 
9 5
23 8 4 20 25 
21 11
12 15 7 27 11 24 26 19 14 20 6 
17 10
20 23 12 26 2 28 3 18 1 13 
13 9
20 12 8 16 1 2 19 17 25 
14 9
26 16 25 28 21 20 23 3 1 
23 12
9 28 17 12 6 8 14 5 3 1 24 4 
25 8
19 12 14 6 8 16 13 9 
22 3
4 7 24 
24 7
10 27 3 21 16 23 22 
16 11
12 14 18 4 2 25 13 7 8 24 28 
8 11
6 25 13 23 5 3 9 27 0 29 16 
12 11
16 25 29 17 23 2 18 7 13 21 11 
11 4
21 19 29 12 
18 7
6 16 10 0 4 12 17 
2 8
13 1 19 28 17 16 12 29 
19 11
25 28 27 2 29 0 6 11 21 13 3 
10 7
24 27 4 29 18 3 26 
15 4
26 21 6 7 
6 10
8 4 20 18 25 23 0 15 19 21 
0 7
29 28 5 18 8 6 19 
26 6
14 17 3 21 15 10 
27 5
10 19 24 21 8 
4 8
6 10 9 16 5 18 22 23 
