30
20 12
6 27 29 10 16 8 1 18 3 25 24 21 
21 7
4 17 7 29 0 14 20 
25 8
4 12 7 23 11 17 27 20 
3 11
6 24 22 23 12 1 17 15 10 20 13 
18 17
2 16 7 8 27 20 15 13 11 24 1 5 12 14 26 6 19 
8 8
11 29 17 7 22 20 14 18 
14 10
21 5 1 18 6 16 8 19 26 28 
28 8
13 1 6 11 22 0 15 14 
26 6
10 7 1 18 5 14 
19 7
15 1 18 14 23 22 17 
16 9
2 20 14 12 17 7 18 5 24 
6 11
4 13 0 20 14 28 27 3 18 1 22 
5 11
14 4 23 22 18 1 29 0 16 9 26 
1 17
20 19 6 2 5 3 18 11 17 28 26 14 4 0 15 13 29 
7 11
13 17 22 18 21 8 16 26 29 25 4 
10 10
23 20 26 2 3 29 0 27 13 12 
24 9
20 12 17 27 3 18 22 0 16 
17 12
29 25 21 24 23 3 1 8 16 19 7 13 
12 9
24 25 13 27 3 18 16 2 10 
2 6
27 16 18 1 12 10 
22 14
3 19 6 9 4 24 5 8 28 7 15 29 13 23 
9 5
27 5 22 4 29 
4 12
6 29 21 1 5 25 23 22 27 9 13 7 
15 7
19 0 1 18 3 28 22 
29 12
20 4 1 5 8 10 0 22 7 21 17 9 
11 7
23 8 27 28 1 18 25 
27 12
13 4 20 2 9 12 6 10 18 25 11 24 
0 9
28 6 15 29 10 1 5 24 21 
13 13
7 6 4 12 1 18 3 27 28 17 10 22 23 
23 10
11 19 4 22 3 5 10 17 25 13 
