20
12 8
13 0 10 9 5 1 14 11 
11 10
6 2 15 7 14 4 5 3 18 12 
14 11
13 4 6 15 0 12 11 18 3 19 17 
1 6
19 0 5 18 12 6 
19 7
3 1 10 0 13 9 14 
9 9
13 17 12 19 2 16 10 4 18 
6 8
11 13 14 0 10 5 3 1 
3 10
18 10 19 2 13 11 14 6 8 16 
10 9
12 3 18 19 2 13 6 9 15 
5 9
6 12 11 7 13 15 1 18 4 
4 7
13 7 14 11 17 9 5 
18 10
14 16 2 15 10 11 9 3 1 5 
15 8
14 16 2 18 5 11 0 10 
16 6
2 9 18 3 15 0 
0 8
6 7 12 19 1 14 16 15 
8 3
13 2 3 
13 11
12 14 8 9 6 4 2 19 10 5 3 
2 10
13 11 16 8 18 3 15 10 17 9 
17 5
2 9 4 14 7 
7 5
5 0 4 11 17 
