20
4 9
0 2 19 13 1 5 8 17 9 
9 11
7 13 2 5 1 18 4 11 12 10 0 
8 13
6 10 16 13 7 14 19 2 17 1 5 4 11 
5 8
9 17 16 8 19 18 3 4 
1 11
11 8 0 15 10 9 4 6 13 7 18 
3 8
11 10 15 17 16 14 5 6 
18 9
10 1 5 7 13 16 17 9 2 
19 8
4 11 16 8 2 5 0 7 
16 14
12 10 3 5 15 13 17 7 6 19 8 14 18 11 
17 12
7 13 14 4 11 18 5 3 8 16 15 10 
15 9
2 17 14 3 1 7 10 16 11 
6 10
11 12 8 16 13 7 1 3 2 14 
13 10
0 4 6 17 9 12 1 18 16 8 
14 9
2 17 0 15 16 8 7 3 6 
10 8
16 8 3 18 1 15 9 17 
11 13
6 3 1 7 12 2 19 17 9 16 8 0 15 
7 13
11 17 9 6 14 0 15 18 1 2 19 16 8 
2 11
15 14 7 4 11 19 9 8 12 6 18 
12 6
16 11 13 6 2 9 
0 8
11 4 14 13 7 1 19 9 
