30
28 11
13 12 11 22 0 10 15 4 9 17 25 
25 9
2 8 5 10 29 12 20 28 11 
17 11
20 14 12 26 0 10 27 28 22 4 8 
9 13
12 7 28 1 5 3 2 26 20 14 10 0 15 
4 7
8 16 24 7 22 28 17 
15 11
18 10 22 14 20 28 9 11 24 6 7 
22 13
12 11 6 15 10 4 5 3 27 28 17 20 14 
7 11
9 23 21 24 29 15 4 1 5 26 2 
24 10
4 7 11 8 6 10 15 18 3 1 
1 10
9 20 3 7 26 8 23 12 24 29 
29 8
0 23 3 1 2 26 7 25 
12 11
22 14 28 9 17 3 5 1 6 25 21 
23 7
19 29 7 16 1 21 27 
8 12
4 0 25 19 26 21 24 16 18 5 1 17 
26 10
7 11 19 1 29 17 9 27 8 20 
0 10
8 16 29 13 17 28 9 19 18 6 
10 14
3 11 24 27 17 28 19 2 9 22 20 13 15 25 
14 11
16 20 15 12 5 17 9 27 22 2 13 
20 11
6 1 14 22 10 15 17 9 25 19 26 
3 11
12 10 29 1 18 5 19 2 9 22 24 
5 13
22 21 12 8 25 14 6 18 3 9 27 13 7 
6 9
20 22 5 11 24 15 0 16 12 
18 7
24 3 5 15 0 8 16 
19 8
20 8 13 23 3 26 0 10 
13 10
28 0 10 16 21 11 5 19 2 14 
11 10
6 22 28 26 21 24 13 15 10 25 
27 8
17 16 10 26 14 22 23 5 
2 8
25 9 29 10 7 13 3 14 
16 9
14 27 0 4 23 13 8 6 18 
21 7
8 5 13 7 11 23 12 
