30
8 13
4 6 29 15 22 27 17 28 24 11 14 2 19 
19 11
11 27 2 26 18 22 15 0 29 20 8 
14 12
20 9 4 7 5 10 0 29 11 21 8 26 
11 19
19 12 20 2 5 7 28 0 22 9 24 3 16 8 14 4 13 27 10 
22 11
12 3 23 8 16 19 10 15 29 11 4 
4 13
8 6 14 0 21 11 26 2 17 9 13 5 22 
29 15
27 5 1 22 0 6 19 2 24 26 14 21 20 7 8 
15 13
19 26 6 8 16 18 3 0 23 22 21 27 9 
9 12
17 7 13 4 25 3 15 14 20 26 11 24 
24 14
10 26 28 17 7 21 20 13 29 9 0 8 11 18 
26 15
7 23 14 24 27 10 29 15 18 9 1 4 6 19 16 
20 11
14 25 29 7 3 11 24 9 23 12 19 
3 11
22 7 1 5 20 17 9 27 11 10 15 
25 14
5 18 13 17 7 27 10 1 9 0 6 2 23 20 
1 8
3 23 28 26 21 25 10 29 
21 14
18 23 14 29 15 13 7 17 24 6 1 12 4 2 
16 9
13 26 6 22 23 10 15 28 11 
28 10
5 1 0 10 24 11 7 12 8 16 
23 12
25 22 15 27 1 5 18 16 20 26 12 21 
27 15
25 10 15 29 12 11 3 23 17 7 26 6 19 2 8 
6 11
4 12 25 8 16 21 27 26 15 29 13 
13 9
16 4 21 11 24 25 6 9 17 
7 14
24 25 28 9 11 27 10 29 12 21 20 26 14 3 
10 14
2 27 25 28 7 5 16 3 11 24 1 22 26 14 
18 8
21 24 15 25 19 26 2 23 
12 11
6 11 21 7 28 27 22 23 0 20 2 
0 11
11 24 14 28 4 25 19 15 29 12 5 
5 10
28 14 3 11 23 25 4 10 29 0 
17 9
4 3 8 9 27 24 21 13 25 
2 11
19 8 27 21 11 25 4 18 29 10 12 
