20
12 11
19 2 14 17 9 5 18 11 10 7 8 
8 15
4 10 12 14 1 0 9 2 15 13 17 7 5 16 3 
7 10
3 5 11 10 15 8 14 12 9 17 
10 14
5 4 8 14 15 11 18 16 3 9 1 12 2 7 
14 16
12 2 11 5 16 8 17 7 13 15 1 9 0 10 19 6 
5 11
12 7 13 9 10 0 15 8 16 14 6 
1 12
11 8 16 3 18 2 4 17 9 14 10 0 
17 13
12 1 6 9 4 8 16 0 15 2 14 13 7 
16 10
10 2 19 17 9 1 3 5 8 14 
13 12
6 15 0 18 5 3 8 19 2 14 17 9 
15 14
8 14 10 4 3 5 18 2 19 0 9 17 7 13 
0 13
6 8 13 17 9 15 14 2 4 18 5 1 11 
19 10
12 13 6 16 11 14 15 3 18 2 
6 9
13 0 2 19 11 14 17 9 5 
9 14
6 5 8 16 10 13 15 1 0 14 12 7 17 4 
2 15
12 4 8 17 18 16 3 1 0 10 15 13 14 19 6 
18 10
13 11 12 0 15 10 2 19 1 3 
11 10
7 6 1 3 18 14 12 19 10 0 
4 9
8 2 9 17 3 1 15 0 10 
3 12
11 16 8 7 13 4 10 15 19 2 1 18 
