50
13 3
14 44 35 
35 2
20 13 
44 6
8 47 42 41 13 21 
14 6
12 33 13 18 31 4 
29 4
32 45 11 9 
9 4
6 17 16 29 
11 3
19 47 29 
45 6
36 37 24 42 38 29 
32 5
29 0 24 37 42 
15 4
18 2 10 23 
23 2
42 15 
10 3
47 15 19 
2 3
31 42 15 
18 11
46 28 14 15 21 24 30 22 5 42 43 
8 4
44 46 41 28 
28 3
18 8 33 
41 6
49 0 44 8 5 48 
46 4
18 8 12 36 
21 2
18 44 
42 13
40 23 43 27 26 45 2 7 32 44 5 18 37 
47 6
11 10 44 7 30 17 
12 2
14 46 
17 2
9 47 
30 2
18 47 
7 6
31 27 42 49 47 40 
16 5
39 25 9 5 19 
19 3
11 10 16 
5 6
16 42 1 3 18 41 
25 2
16 24 
39 2
16 0 
26 2
42 37 
37 5
45 26 42 32 34 
24 6
38 25 45 32 18 1 
0 7
38 32 41 49 39 20 31 
20 3
35 3 0 
3 4
20 49 5 22 
27 3
4 42 7 
4 2
27 14 
38 4
34 0 24 45 
34 3
38 37 6 
6 2
9 34 
22 3
33 18 3 
33 4
22 48 28 14 
43 2
42 18 
48 2
33 41 
49 4
41 7 3 0 
36 2
45 46 
40 2
42 7 
31 4
2 7 0 14 
1 2
5 24 
