30
5 8
22 23 0 2 24 9 28 25 
25 11
14 2 11 4 28 29 10 22 23 1 5 
28 14
12 21 24 8 10 15 29 25 5 16 3 9 1 22 
13 8
2 12 22 20 11 21 24 27 
27 10
8 17 2 19 21 29 10 14 18 13 
24 8
26 4 28 9 5 10 29 13 
21 13
12 8 18 3 10 0 13 2 26 27 17 9 28 
20 9
12 14 2 19 26 9 13 4 15 
29 13
24 11 19 6 8 15 10 0 25 27 28 9 17 
17 8
6 27 11 21 16 8 14 29 
9 13
19 4 22 6 3 1 5 20 24 21 10 29 28 
0 6
5 23 21 10 29 14 
10 13
26 19 16 24 21 7 9 27 28 0 15 29 25 
8 10
26 2 21 3 15 29 27 28 17 4 
6 8
12 17 9 1 23 16 29 4 
19 9
11 20 1 9 27 10 15 29 23 
11 7
19 25 12 13 17 29 4 
15 10
8 10 29 3 28 2 19 7 14 20 
7 8
26 18 3 4 10 15 16 22 
23 11
5 4 12 0 22 14 6 25 16 26 19 
22 8
5 25 28 9 23 2 13 7 
2 14
26 22 4 12 27 5 25 8 3 16 13 15 21 20 
1 7
19 16 6 25 14 9 28 
14 13
25 20 18 1 3 4 23 17 27 26 12 15 0 
4 15
16 12 6 24 2 8 20 26 14 7 25 11 18 23 9 
18 5
7 21 4 14 27 
12 11
4 28 6 23 13 21 11 2 26 20 14 
26 12
2 7 8 16 10 23 4 12 24 21 20 14 
3 8
7 2 9 28 15 21 8 14 
16 10
4 26 2 1 10 17 28 7 6 23 
