50
4 4
6 27 18 15 
15 10
23 14 5 18 28 17 19 4 33 38 
18 8
12 4 43 15 19 30 46 9 
9 4
43 19 23 18 
46 3
21 11 18 
30 5
8 42 18 19 45 
19 8
30 9 27 42 10 15 18 32 
43 5
22 1 18 27 9 
14 6
12 42 15 13 34 48 
48 5
10 25 14 37 26 
34 5
22 13 14 39 2 
13 7
23 6 34 14 29 28 31 
42 5
30 28 19 14 29 
12 4
23 18 14 40 
2 2
23 34 
39 4
23 34 44 1 
1 5
37 45 43 39 22 
44 5
0 10 41 31 39 
23 8
13 12 2 31 9 17 39 15 
11 5
31 28 16 46 24 
24 7
38 35 27 17 28 11 7 
28 8
13 15 42 37 24 11 27 49 
31 9
23 10 6 32 25 44 11 21 13 
21 4
45 46 31 47 
49 2
41 28 
27 7
29 43 4 24 26 19 28 
37 6
1 29 7 22 28 48 
41 6
36 49 44 17 7 25 
25 4
8 48 31 41 
7 5
22 40 37 24 41 
17 7
24 15 23 41 6 35 5 
36 4
3 40 41 32 
40 5
38 7 36 32 12 
10 4
19 48 31 44 
0 2
44 32 
5 2
15 17 
35 3
20 24 17 
6 5
4 13 31 17 8 
32 8
47 16 8 31 19 40 0 36 
29 6
37 27 26 13 42 16 
3 2
36 45 
22 6
43 7 37 1 34 20 
20 2
35 22 
26 4
33 29 27 48 
38 4
40 8 24 15 
8 6
33 30 25 38 32 6 
16 4
11 47 32 29 
47 3
16 32 21 
33 3
8 26 15 
45 4
21 30 1 3 
