30
1 8
16 11 14 19 0 15 28 4 
4 10
27 8 16 5 3 1 13 21 14 10 
28 9
0 15 6 9 3 1 11 21 24 
15 11
20 28 27 10 23 19 5 1 24 21 8 
0 4
28 23 1 21 
9 13
14 12 2 8 3 5 29 10 21 11 28 27 22 
22 14
8 6 16 9 10 12 29 13 17 7 18 2 23 14 
27 9
15 26 4 21 8 3 9 13 7 
11 11
25 7 13 29 5 18 1 3 17 28 9 
21 14
10 27 4 3 18 9 0 15 12 19 2 28 17 7 
10 11
16 12 6 22 21 15 29 17 9 3 4 
29 9
11 25 10 12 20 14 22 9 5 
6 8
10 28 8 25 14 5 23 22 
16 8
10 18 1 2 13 4 23 22 
7 9
8 12 22 23 11 21 24 27 5 
3 15
28 25 13 5 18 11 8 10 27 9 21 20 12 4 19 
5 12
25 4 8 20 11 24 9 6 15 29 7 3 
14 10
9 23 22 6 29 4 19 26 1 18 
13 9
11 27 22 23 26 4 3 16 8 
8 13
4 25 6 22 2 5 3 9 27 17 7 13 15 
26 5
2 27 23 13 14 
24 8
20 2 5 7 15 17 28 23 
19 8
23 14 3 1 2 17 15 21 
23 13
16 22 14 20 6 0 15 18 7 13 19 26 24 
18 9
16 11 21 25 22 23 17 3 14 
17 10
10 22 19 20 18 24 11 21 12 8 
12 11
7 10 29 3 22 21 9 17 20 25 2 
20 9
24 25 23 5 3 15 29 17 12 
2 10
9 22 26 19 16 8 25 24 21 12 
25 10
11 20 8 29 6 5 3 18 2 12 
