100
7 6
14 27 52 23 77 79 
79 5
6 63 98 51 7 
23 7
36 57 99 32 92 91 7 
27 6
9 57 7 19 10 6 
65 2
13 35 
35 4
84 8 52 65 
13 6
74 83 65 95 25 0 
78 6
29 63 24 33 30 34 
34 6
51 80 99 25 54 78 
30 8
66 25 72 50 78 31 8 94 
33 7
53 8 82 72 57 78 29 
24 5
47 16 78 66 39 
72 8
67 33 30 57 80 61 25 77 
77 8
7 99 84 37 62 72 85 63 
25 13
93 30 95 34 21 0 72 76 41 13 1 53 28 
80 13
10 1 5 12 19 67 96 34 92 98 72 36 31 
57 11
33 27 23 22 81 73 15 70 20 14 72 
14 4
7 90 57 58 
58 2
49 14 
90 6
3 14 39 92 4 64 
87 3
51 6 15 
15 3
81 57 87 
6 7
71 79 1 49 27 87 8 
51 7
54 79 34 87 95 52 83 
5 6
29 10 80 64 8 44 
44 3
70 62 5 
8 10
11 33 9 35 70 10 5 30 95 6 
95 9
25 91 13 8 31 48 51 49 42 
10 5
5 80 8 42 27 
52 7
7 76 51 91 84 35 26 
53 6
33 76 32 18 25 59 
59 4
26 85 36 53 
18 7
32 53 69 19 12 11 71 
71 7
4 62 18 89 6 82 56 
11 6
8 85 50 62 18 91 
12 9
80 0 55 36 22 17 40 18 45 
19 8
61 27 80 92 96 82 37 18 
69 3
18 43 40 
56 7
68 4 48 74 70 71 20 
82 8
33 94 19 17 74 71 22 88 
89 15
31 93 71 20 88 39 22 96 32 55 4 49 68 60 45 
62 7
66 67 73 77 11 71 44 
84 7
77 35 38 99 66 3 52 
3 3
41 90 84 
99 5
23 77 34 84 68 
38 6
84 91 43 4 96 50 
94 8
29 41 82 9 28 43 88 30 
31 4
89 95 30 80 
50 6
11 55 40 42 38 30 
49 8
97 89 6 58 88 95 96 42 
29 7
5 94 21 78 43 22 33 
17 5
82 39 12 37 9 
9 5
8 36 94 27 17 
37 8
1 63 77 19 61 48 17 47 
45 6
36 89 60 74 85 12 
40 6
83 92 50 64 12 69 
22 7
82 57 41 89 29 12 66 
36 7
23 9 45 93 59 12 80 
92 10
55 40 90 80 41 19 88 23 21 75 
75 2
98 92 
21 5
29 25 46 92 73 
41 6
94 25 3 92 22 48 
81 4
57 54 15 2 
20 6
39 86 42 57 89 56 
70 6
26 8 44 56 68 57 
74 7
4 43 13 56 82 45 97 
42 7
55 20 76 10 95 50 49 
68 6
16 89 56 70 48 99 
43 10
1 74 85 29 94 32 38 76 16 69 
66 5
62 30 22 84 24 
85 6
59 11 26 45 43 77 
93 5
25 89 2 36 88 
86 4
20 73 64 61 
61 4
72 19 37 86 
64 7
5 47 86 60 98 40 90 
91 6
28 95 52 23 38 11 
63 4
78 37 79 77 
0 5
83 12 25 32 13 
32 6
18 23 0 53 43 89 
47 4
64 46 24 37 
46 4
47 21 60 76 
76 8
60 52 25 42 83 53 43 46 
60 5
45 76 46 64 89 
28 3
91 94 25 
1 5
37 80 6 43 25 
2 4
93 81 96 55 
55 6
92 50 12 42 89 2 
96 6
80 38 49 89 19 2 
73 4
86 57 21 62 
26 4
59 85 70 52 
54 4
83 51 81 34 
4 6
90 74 56 71 89 38 
83 6
54 0 40 13 76 51 
48 6
56 37 97 68 95 41 
97 3
49 48 74 
39 5
17 20 90 89 24 
88 7
92 89 49 94 82 67 93 
98 4
79 75 64 80 
67 4
88 72 62 80 
16 3
68 24 43 
