50
9 2
2 13 
13 4
43 10 0 9 
24 4
48 42 5 18 
18 3
34 23 24 
20 1
26 
26 4
38 29 28 20 
19 1
7 
7 2
32 19 
22 4
27 33 29 47 
47 2
12 22 
29 6
26 6 30 22 17 27 
46 2
34 14 
14 1
46 
34 3
18 23 46 
16 1
4 
4 3
41 48 16 
0 3
23 42 13 
37 3
27 38 32 
32 4
36 1 37 7 
21 1
11 
11 2
30 21 
23 6
0 30 36 34 45 18 
45 1
23 
36 2
32 23 
30 7
44 29 15 23 2 28 11 
28 3
5 30 26 
1 2
8 32 
2 6
10 9 8 30 39 5 
5 4
28 49 24 2 
39 1
2 
25 3
6 41 12 
12 2
47 25 
41 2
4 25 
6 3
48 29 25 
44 5
40 30 43 49 38 
38 3
26 37 44 
49 3
5 10 44 
43 5
13 48 31 8 44 
8 4
2 43 1 33 
33 2
22 8 
27 4
37 3 22 29 
17 3
15 29 10 
15 2
17 30 
48 6
24 6 43 4 42 3 
31 1
43 
40 2
44 42 
42 4
24 48 0 40 
10 5
13 49 17 2 35 
3 2
27 48 
35 1
10 
