50
13 1
31 
31 2
4 13 
5 1
43 
43 3
42 47 5 
20 1
10 
10 2
38 20 
8 2
49 45 
45 1
8 
49 3
48 6 8 
37 2
39 3 
3 1
37 
39 7
15 32 1 41 9 37 26 
23 1
33 
33 4
12 38 24 23 
21 1
19 
19 4
44 16 14 21 
4 2
38 31 
22 2
48 27 
27 2
22 7 
48 9
15 0 29 44 49 12 22 2 28 
36 1
47 
47 2
43 36 
1 4
0 39 30 35 
35 1
1 
30 1
1 
40 1
28 
28 3
48 11 40 
17 1
9 
9 2
39 17 
0 2
1 48 
14 1
19 
16 2
19 25 
44 2
48 19 
26 1
39 
32 1
39 
6 1
49 
11 1
28 
41 2
39 46 
15 2
48 39 
46 1
41 
7 1
27 
38 4
33 18 10 4 
42 3
12 43 34 
34 1
42 
12 3
48 42 33 
25 1
16 
2 1
48 
24 1
33 
29 1
48 
18 1
38 
