30
5 12
12 11 9 18 0 29 19 14 20 7 13 4 
4 6
11 14 25 1 3 5 
13 7
12 6 23 7 18 5 25 
20 15
21 18 11 8 5 16 3 29 15 6 7 17 1 9 2 
19 12
6 24 23 25 18 1 5 3 28 15 29 26 
26 6
18 11 8 15 17 19 
17 9
1 14 20 24 21 29 26 23 27 
15 9
20 27 6 10 1 25 19 26 23 
14 14
5 29 28 17 10 27 11 21 12 25 0 1 22 4 
0 11
22 6 5 3 8 29 2 7 12 14 28 
10 9
9 21 24 8 16 15 29 7 14 
28 10
7 22 27 25 14 18 16 2 19 0 
11 11
29 25 4 26 27 20 14 6 16 5 1 
21 9
8 22 18 17 9 29 10 14 20 
8 14
10 2 26 23 6 29 12 18 16 20 21 0 1 9 
3 5
0 4 20 19 7 
29 15
23 22 0 8 21 20 14 5 11 18 17 10 27 19 6 
6 9
19 13 0 29 15 20 8 11 9 
1 10
8 23 19 15 14 20 4 11 17 27 
16 9
8 7 20 18 2 10 27 28 11 
18 14
25 9 28 7 12 16 8 5 13 29 26 19 21 20 
9 10
8 20 12 7 10 23 21 6 5 18 
7 12
20 16 28 9 13 24 23 5 18 3 0 10 
12 9
13 9 14 0 8 22 23 5 18 
2 6
20 28 0 22 16 8 
23 12
19 25 1 27 9 17 13 7 8 29 15 12 
22 8
21 14 2 28 27 12 0 29 
25 10
18 11 14 23 28 27 4 15 19 13 
27 12
16 14 29 15 25 11 24 23 22 1 28 17 
24 5
19 17 27 7 10 
