30
12 5
11 21 4 19 9 
9 8
8 27 0 10 22 14 11 12 
19 7
28 13 0 12 24 2 5 
11 9
20 12 21 1 13 23 22 17 9 
22 7
6 3 15 7 9 11 20 
23 8
4 17 6 16 8 11 26 2 
13 8
6 26 19 18 3 11 20 29 
1 8
8 14 10 27 6 11 3 18 
21 9
27 16 6 12 26 10 11 14 20 
18 7
26 3 5 1 29 13 4 
4 7
23 12 8 17 28 2 18 
29 8
6 0 25 27 14 3 18 13 
5 9
20 17 27 16 3 18 19 0 6 
26 11
8 2 13 23 21 17 6 3 18 14 25 
20 11
14 5 3 17 27 7 13 11 21 8 22 
3 11
22 14 20 26 24 5 1 18 29 15 13 
15 6
22 3 24 10 0 16 
16 5
23 5 15 21 24 
0 8
14 19 6 9 5 29 15 10 
24 7
6 3 10 15 19 27 16 
14 10
20 1 3 21 27 17 9 0 29 26 
2 7
25 7 27 4 26 19 23 
28 4
10 19 7 4 
17 10
23 11 10 5 26 25 20 14 4 7 
8 7
1 26 10 9 4 23 20 
6 12
25 13 22 23 24 21 10 29 0 26 1 5 
25 5
6 29 17 2 26 
7 6
10 2 28 17 22 20 
27 9
1 5 29 2 21 24 9 14 20 
10 11
7 1 6 8 24 21 15 0 17 28 9 
