50
18 8
17 13 41 16 46 20 39 30 
30 10
27 19 2 5 1 18 22 23 34 20 
39 19
23 8 35 11 48 18 19 45 1 9 0 40 34 14 16 33 43 49 7 
20 9
14 11 24 18 1 42 12 0 30 
35 12
37 47 39 36 45 19 12 28 48 32 6 8 
8 12
7 19 2 35 29 33 49 43 39 40 11 1 
6 11
32 36 43 49 1 28 37 16 19 35 29 
32 13
33 6 15 11 37 12 42 47 3 35 2 48 40 
48 9
43 4 19 35 41 40 39 32 42 
27 7
30 40 14 29 1 21 41 
41 15
16 43 4 7 13 5 11 18 48 1 0 2 27 10 42 
21 10
10 38 43 47 44 16 33 2 27 11 
1 14
14 8 41 10 27 0 9 3 6 20 39 30 23 49 
29 16
16 11 37 15 0 22 36 46 28 27 8 44 33 6 19 4 
22 9
44 13 30 36 15 0 29 19 3 
3 13
43 12 38 1 5 24 32 9 31 36 22 23 46 
19 16
36 48 4 39 12 0 22 30 15 29 6 45 47 35 17 8 
36 13
19 35 3 6 22 29 12 37 34 14 49 31 9 
11 15
8 12 41 42 7 14 37 45 29 0 23 32 21 20 39 
2 10
41 43 47 15 21 8 16 32 26 30 
23 11
39 14 11 28 43 26 30 33 44 1 3 
44 12
42 21 46 33 14 34 47 49 29 10 22 23 
26 10
15 38 25 23 14 40 45 2 5 49 
47 15
12 35 19 2 38 25 32 44 28 46 4 43 15 14 21 
4 14
14 7 19 49 47 31 9 48 13 29 15 5 41 42 
12 13
47 49 3 32 16 17 20 40 36 35 19 24 11 
15 15
26 17 19 10 5 47 2 49 4 29 13 40 0 22 32 
10 17
21 5 14 34 17 28 44 45 49 42 41 1 24 38 25 13 15 
40 12
15 49 26 27 48 34 39 8 16 25 12 32 
17 9
13 18 19 45 12 24 15 10 0 
49 20
8 12 34 31 43 36 1 0 4 10 42 6 15 40 39 37 26 14 16 44 
5 11
41 30 4 37 42 10 15 26 34 3 38 
45 11
43 39 28 17 11 35 19 26 38 0 10 
0 15
19 33 17 49 39 20 15 29 41 37 11 9 22 1 45 
38 10
21 28 34 10 47 3 5 46 26 45 
34 14
5 38 31 25 30 39 40 36 43 49 28 46 44 10 
46 9
29 47 44 16 34 28 38 18 3 
28 14
14 46 10 6 31 25 38 29 13 47 35 45 23 34 
42 12
10 41 5 32 20 4 49 11 44 16 33 48 
13 8
22 18 41 17 28 15 10 4 
37 10
35 5 49 11 32 6 36 25 0 29 
25 8
33 26 10 28 47 34 40 37 
7 8
4 8 16 11 39 14 41 31 
31 8
36 24 28 4 49 34 3 7 
14 16
1 20 36 23 49 47 4 28 7 16 44 10 27 39 26 11 
24 9
33 12 20 10 3 31 9 17 43 
9 7
39 0 24 4 3 1 36 
33 12
32 25 24 21 23 39 42 16 44 8 29 0 
43 14
3 24 21 41 8 39 34 23 47 48 45 49 2 6 
16 15
29 40 39 14 6 2 49 41 42 12 7 46 33 21 18 
