30
18 4
12 8 7 11 
11 8
28 20 25 15 0 18 24 22 
7 6
26 21 9 27 17 18 
22 5
25 29 28 20 11 
24 6
4 1 3 11 0 10 
1 6
24 6 13 26 19 25 
25 7
20 19 11 22 23 16 1 
19 6
4 21 25 27 3 1 
9 5
20 10 7 5 17 
17 6
26 2 21 7 27 9 
15 7
8 11 20 29 2 27 28 
28 7
11 22 27 16 0 15 6 
29 7
22 26 15 10 0 20 12 
12 4
18 2 0 29 
20 12
14 25 16 11 22 9 27 15 0 29 5 4 
13 4
2 27 1 3 
3 6
14 4 24 19 26 13 
6 3
10 1 28 
16 8
0 20 25 28 21 26 2 8 
27 9
0 15 23 17 28 19 20 13 7 
0 10
27 28 16 12 5 29 24 11 20 26 
26 8
7 17 8 16 29 0 1 3 
14 4
3 20 23 21 
21 5
19 7 17 16 14 
4 5
19 24 3 20 23 
5 4
0 2 9 20 
8 4
15 26 18 16 
2 6
13 5 12 17 15 16 
10 4
6 29 9 24 
23 4
14 25 27 4 
