30
5 6
11 9 22 0 3 16 
16 11
21 6 10 23 20 9 27 3 5 7 13 
3 7
19 5 16 9 28 24 12 
13 7
20 12 21 27 1 18 16 
18 6
23 4 15 26 2 13 
27 11
15 20 21 11 24 7 13 1 12 16 4 
29 7
0 26 19 14 20 25 8 
8 5
22 1 20 7 29 
25 7
23 1 26 2 29 4 28 
20 11
13 27 10 29 11 24 19 2 16 8 4 
15 8
9 27 14 23 1 18 0 10 
10 8
20 16 12 21 24 0 15 6 
0 7
5 29 15 10 4 19 23 
4 9
2 18 23 7 0 25 20 9 27 
12 11
22 19 13 6 10 24 11 14 27 1 3 
1 12
14 21 12 15 25 13 8 26 19 2 27 17 
24 8
12 6 27 20 3 10 2 26 
2 8
4 24 28 20 14 18 1 25 
14 8
1 9 11 29 15 12 2 22 
22 7
12 8 5 11 21 28 14 
26 8
29 18 1 25 24 9 17 28 
28 7
6 22 2 26 25 3 9 
11 8
5 20 14 27 21 22 12 6 
6 8
9 28 16 12 10 21 24 11 
19 6
20 12 3 1 29 0 
9 12
15 14 5 3 26 6 4 7 23 17 28 16 
17 4
26 23 9 1 
21 9
27 1 6 10 16 11 22 13 7 
23 8
18 25 4 16 9 17 15 0 
7 6
27 9 4 16 8 21 
