20
14 8
6 1 13 7 15 0 10 16 
16 9
8 12 1 5 7 14 9 11 19 
10 6
3 0 13 7 9 14 
0 6
17 19 7 14 10 8 
7 11
4 0 10 5 18 16 8 11 9 14 2 
1 10
13 16 14 9 17 19 4 12 6 5 
4 5
6 7 1 18 15 
15 7
14 5 13 8 17 12 4 
18 6
6 8 13 7 5 4 
9 10
11 5 1 12 8 16 7 6 2 10 
3 7
6 13 17 10 8 5 2 
11 6
9 5 7 13 8 16 
13 9
10 15 19 14 1 3 18 5 11 
5 13
15 19 2 16 11 9 17 12 7 13 3 18 1 
2 6
6 9 7 12 5 3 
12 9
9 17 5 1 19 2 15 16 8 
6 8
4 14 2 19 9 3 18 1 
19 7
12 13 6 0 5 1 16 
17 7
3 5 1 8 0 15 12 
8 10
16 11 18 3 7 15 0 9 17 12 
