30
19 7
13 8 29 10 18 23 24 
24 4
0 8 4 19 
23 9
4 11 8 16 13 9 27 2 19 
18 4
11 19 28 20 
10 8
1 19 29 15 0 14 6 8 
29 5
19 10 0 4 1 
8 12
20 5 28 23 13 7 15 10 19 12 24 21 
28 3
8 18 22 
22 5
4 9 17 28 2 
9 4
22 23 6 27 
27 4
25 23 2 9 
6 6
21 26 2 9 10 4 
2 7
21 6 23 22 13 0 27 
17 3
12 22 21 
4 7
3 12 24 23 22 6 29 
21 7
7 8 6 2 26 20 17 
12 8
17 7 8 16 4 1 11 15 
0 8
14 24 10 29 5 7 2 16 
16 7
7 26 15 0 12 25 23 
7 8
12 21 25 16 8 0 3 13 
5 3
8 0 20 
14 5
0 10 13 26 11 
1 4
11 10 29 12 
3 3
4 7 20 
15 6
10 16 8 11 26 12 
11 6
1 18 23 12 15 14 
13 8
8 23 14 20 19 2 26 7 
25 5
27 7 16 20 26 
20 7
8 25 13 3 18 5 21 
26 7
6 16 21 13 14 15 25 
