50
18 11
39 14 43 24 11 35 45 44 33 16 9 
9 9
34 20 17 8 45 36 30 13 18 
16 13
11 29 25 33 17 45 6 20 34 13 7 18 4 
33 13
34 7 22 19 35 18 16 8 47 49 42 28 6 
45 10
13 8 16 18 3 28 48 9 47 34 
11 12
27 13 36 30 18 6 32 15 8 16 46 44 
19 8
49 34 5 48 33 35 12 32 
32 13
48 22 26 35 19 39 0 42 21 11 38 47 4 
12 9
41 21 20 35 19 26 31 6 38 
35 13
18 12 29 13 32 19 26 38 39 40 33 4 43 
15 10
42 20 17 27 28 23 49 47 4 11 
4 9
47 17 35 26 2 15 1 32 16 
47 7
32 15 4 45 33 8 46 
23 5
38 0 15 44 1 
28 9
45 43 41 34 44 33 10 15 17 
27 7
22 36 15 10 11 37 40 
6 8
2 40 11 16 44 33 48 12 
42 8
40 17 32 33 15 0 13 25 
49 10
5 31 15 19 26 25 34 43 33 8 
8 8
45 11 1 9 17 47 49 33 
48 12
41 43 31 40 22 32 6 19 45 29 10 46 
46 12
11 2 31 17 48 22 36 5 3 40 20 47 
10 9
2 13 36 22 28 48 27 21 0 
31 8
48 46 49 2 37 7 12 1 
1 6
8 4 13 23 22 31 
7 9
14 24 36 31 41 33 16 5 0 
21 7
37 32 25 12 30 10 0 
0 8
23 36 32 42 7 29 10 21 
30 6
44 11 21 24 41 9 
44 12
28 29 37 11 18 3 6 20 14 41 30 23 
2 6
10 6 46 4 31 17 
26 8
13 32 36 3 12 49 4 35 
17 13
15 38 42 4 46 8 16 14 34 9 28 37 2 
20 11
15 9 39 22 12 44 16 46 38 25 41 
41 8
12 48 28 30 7 39 20 44 
25 7
21 49 5 16 39 20 42 
38 8
17 23 37 35 20 12 32 5 
22 10
33 46 27 48 32 10 20 34 36 1 
5 6
46 49 19 25 38 7 
37 7
38 44 31 27 17 21 24 
14 9
40 18 7 13 43 17 44 36 24 
3 6
29 44 46 26 45 39 
39 7
35 20 41 25 32 18 3 
36 12
11 9 27 26 7 13 22 46 10 0 14 40 
34 10
33 16 43 49 9 28 17 22 19 45 
29 6
3 48 44 16 35 0 
40 8
46 42 14 6 35 36 48 27 
43 9
13 48 28 18 24 34 14 49 35 
24 6
18 7 43 37 14 30 
13 12
43 16 11 10 14 26 35 45 36 42 9 1 
