50
5 4
1 25 35 14 
14 7
22 47 25 32 48 41 5 
31 3
20 16 3 
3 5
32 4 1 24 31 
22 6
14 9 36 24 43 0 
0 5
19 25 10 22 27 
8 5
12 25 46 49 10 
10 9
25 28 13 23 11 21 0 8 44 
44 3
24 6 10 
12 8
48 6 40 29 47 43 8 33 
33 8
48 19 26 32 6 4 37 12 
20 6
38 32 6 21 31 28 
28 6
41 10 45 26 40 20 
43 9
34 47 9 22 30 12 18 25 38 
38 10
40 20 25 35 45 2 23 1 49 43 
16 6
31 39 7 1 32 47 
47 9
11 43 49 14 32 41 12 19 16 
19 8
33 42 0 21 11 4 47 32 
4 5
3 19 33 39 34 
34 3
45 43 4 
39 4
16 30 4 48 
48 12
12 33 6 29 26 45 24 37 36 9 14 39 
11 8
10 47 1 7 36 30 19 46 
46 9
9 13 7 8 24 11 40 29 42 
30 5
7 39 43 2 11 
36 6
22 1 48 11 24 25 
9 6
46 22 48 43 49 7 
37 4
24 2 48 33 
45 6
6 41 34 38 48 28 
18 2
43 35 
35 7
38 15 7 23 1 5 18 
32 7
3 47 20 14 33 16 19 
26 3
33 48 28 
41 4
28 45 47 14 
42 4
23 19 2 46 
29 6
1 49 6 48 12 46 
40 5
38 12 28 17 46 
21 4
19 25 20 10 
23 6
42 17 38 35 10 13 
7 7
30 16 46 11 35 25 9 
1 8
35 5 3 11 36 29 16 38 
2 6
37 30 42 38 15 6 
27 2
17 0 
6 10
49 20 12 48 33 44 29 15 45 2 
24 7
44 46 37 48 22 36 3 
25 10
43 14 5 10 0 38 8 21 7 36 
15 4
6 35 2 17 
49 6
38 6 47 29 8 9 
17 4
27 23 40 15 
13 3
46 10 23 
