100
5 1
98 
98 3
74 15 5 
36 1
54 
54 4
68 77 67 36 
39 1
68 
68 4
54 84 40 39 
78 1
32 
32 2
8 78 
18 2
72 67 
67 3
87 54 18 
83 2
42 69 
69 8
44 25 50 81 70 80 83 37 
80 2
23 69 
16 1
2 
2 2
91 16 
8 4
52 44 11 32 
26 2
72 11 
11 3
8 22 26 
21 1
19 
19 3
77 79 21 
4 1
49 
49 3
76 13 4 
89 1
0 
0 9
38 94 63 91 42 75 30 47 89 
66 2
15 95 
95 2
12 66 
70 1
69 
52 2
8 7 
7 3
91 17 52 
88 1
12 
12 4
96 88 95 55 
14 1
10 
10 3
48 65 14 
72 3
18 26 85 
85 3
46 6 72 
63 2
0 87 
87 4
67 40 29 63 
55 1
12 
96 2
1 12 
15 6
66 9 51 64 98 38 
38 2
0 15 
61 1
22 
22 2
11 61 
79 1
19 
56 2
41 99 
99 2
42 56 
41 3
77 28 56 
29 1
87 
17 1
7 
82 1
25 
25 3
69 64 82 
13 2
46 49 
97 1
34 
34 6
65 97 35 90 58 59 
24 3
90 62 48 
48 2
10 24 
62 2
24 33 
90 5
43 34 24 45 27 
40 3
71 68 87 
53 1
9 
9 6
6 46 53 43 15 73 
77 6
91 44 41 54 19 84 
84 2
68 77 
44 5
46 8 77 74 69 
42 3
99 83 0 
73 2
9 76 
43 3
9 90 60 
46 6
85 9 44 65 13 86 
93 1
51 
51 2
15 93 
47 1
0 
30 1
0 
75 1
0 
91 4
77 0 2 7 
94 2
6 0 
71 4
64 6 40 57 
37 1
69 
86 2
46 23 
65 4
46 34 31 10 
23 2
80 86 
59 1
34 
58 1
34 
35 1
34 
33 2
62 3 
3 1
33 
6 5
9 85 94 92 71 
92 1
6 
57 1
71 
31 2
65 1 
1 2
31 96 
45 2
20 90 
74 2
98 44 
27 1
90 
64 3
71 15 25 
20 2
45 81 
81 2
69 20 
28 1
41 
76 2
49 73 
50 1
69 
60 1
43 
