30
14 11
13 4 2 1 18 12 24 22 23 15 6 
6 7
7 11 16 4 14 3 29 
15 8
7 27 22 5 1 4 14 0 
23 9
26 28 27 5 1 13 4 14 21 
22 10
9 27 15 25 14 11 21 3 2 26 
24 9
26 25 14 13 3 1 18 11 28 
12 10
25 8 19 14 10 29 7 13 28 27 
26 14
25 8 23 4 13 27 10 16 3 22 9 1 5 24 
8 10
3 4 12 11 17 0 29 10 26 19 
4 12
8 1 14 9 6 21 0 10 15 19 26 23 
13 11
14 25 23 18 1 24 11 16 26 12 0 
9 10
22 4 3 18 1 7 29 0 26 17 
27 13
11 22 23 15 29 1 26 19 2 7 20 17 12 
10 9
28 2 26 4 3 1 8 12 0 
21 8
17 20 18 22 23 4 29 2 
29 12
25 8 16 11 21 3 5 27 9 28 12 6 
28 9
23 12 7 10 29 0 24 18 25 
5 5
26 23 15 29 11 
3 11
9 24 8 25 26 20 6 10 29 22 1 
16 7
20 26 17 6 7 13 29 
0 11
8 4 2 25 11 7 13 9 28 10 15 
1 15
3 2 9 10 27 15 13 17 7 23 24 26 14 20 4 
11 12
27 6 8 2 29 0 22 24 13 7 20 5 
25 12
12 20 3 29 0 24 17 28 13 22 26 2 
19 6
7 20 4 12 27 8 
20 10
16 25 19 2 18 1 3 27 21 11 
18 7
13 20 14 9 28 21 24 
2 12
22 7 20 14 0 10 1 11 21 25 17 27 
7 12
12 16 6 19 2 1 28 9 27 15 0 11 
17 8
21 1 2 16 8 25 27 9 
