50
31 4
17 43 23 1 
1 7
15 19 23 22 32 8 31 
23 12
11 1 18 19 26 45 20 34 36 30 27 31 
43 8
13 44 8 31 48 45 2 42 
48 13
7 2 28 25 38 18 3 42 4 43 49 6 24 
24 10
33 3 18 34 20 27 48 0 29 22 
6 7
32 5 33 25 29 48 27 
49 4
20 11 44 48 
4 10
20 12 5 18 7 19 16 48 10 15 
42 12
26 41 46 18 37 14 40 0 15 9 48 43 
3 12
24 5 16 17 48 28 26 2 25 38 7 41 
15 8
19 1 44 11 30 36 42 4 
36 5
8 23 15 35 26 
30 8
20 11 28 27 2 23 15 29 
35 6
37 36 7 10 34 39 
39 5
11 22 27 2 35 
34 9
41 46 8 22 23 24 11 35 10 
10 7
13 4 16 8 35 17 34 
27 12
17 47 14 39 29 37 24 2 23 30 6 44 
44 9
15 29 5 32 38 49 43 27 46 
2 10
25 18 5 3 39 30 48 27 43 7 
29 11
47 44 33 27 17 22 30 6 24 12 14 
33 8
40 7 24 29 6 8 16 12 
12 8
4 22 38 25 0 29 8 33 
16 4
10 3 4 33 
8 9
36 22 12 10 46 33 1 43 34 
0 8
24 5 13 12 42 14 40 45 
40 6
33 14 42 47 0 25 
38 7
7 22 12 48 44 3 21 
21 5
45 5 20 11 38 
46 7
42 13 32 14 34 8 44 
25 9
48 2 19 3 12 13 41 6 40 
14 7
42 40 27 5 46 0 29 
17 7
3 27 31 10 29 47 37 
7 12
48 22 38 33 3 13 35 19 2 32 4 47 
47 6
29 22 7 27 17 40 
32 8
6 20 44 46 7 37 1 28 
19 8
15 9 25 1 4 7 23 22 
41 6
9 42 34 37 25 3 
28 6
48 45 26 30 3 32 
26 8
42 45 3 20 28 9 23 36 
22 13
8 7 38 34 39 12 47 29 37 24 19 1 5 
13 8
43 46 25 7 9 10 0 45 
45 7
21 26 43 28 23 0 13 
9 5
42 41 13 19 26 
5 9
44 3 4 6 21 14 0 2 22 
37 7
35 22 42 41 32 27 17 
20 9
4 49 32 23 30 26 21 24 18 
18 7
2 42 48 4 24 23 20 
11 7
49 15 21 23 30 39 34 
