30
29 4
25 18 2 10 
10 7
7 19 14 6 11 29 23 
2 10
19 18 21 24 20 9 28 17 29 22 
13 3
7 5 1 
1 9
15 19 9 17 20 13 21 6 3 
15 5
19 1 23 28 6 
6 8
21 23 22 7 1 9 10 15 
16 3
19 27 17 
17 7
0 21 4 1 7 2 16 
3 9
12 26 8 21 9 14 7 1 4 
4 4
26 3 17 27 
9 6
24 2 25 1 3 6 
19 8
21 16 15 10 1 2 26 7 
7 14
5 20 3 10 27 17 28 19 6 25 24 13 0 22 
20 9
24 12 1 18 5 2 14 7 28 
28 4
7 15 2 20 
14 4
27 10 3 20 
5 5
7 13 20 8 11 
18 6
23 25 2 29 20 12 
21 7
19 2 17 6 12 3 1 
22 5
7 6 26 2 24 
24 8
12 9 20 7 2 0 22 25 
0 4
17 24 7 26 
26 6
25 3 22 4 19 0 
25 6
26 7 29 18 9 24 
11 3
8 10 5 
8 3
11 3 5 
12 5
24 21 20 3 18 
23 4
6 18 15 10 
27 4
16 14 7 4 
