30
13 7
7 16 25 11 6 28 9 
9 13
8 3 18 1 6 12 4 28 27 20 14 13 21 
28 8
2 14 13 16 8 9 17 15 
6 10
2 27 9 17 1 10 0 29 13 4 
11 10
12 3 4 13 24 15 10 29 19 22 
25 4
3 13 4 27 
15 5
22 8 11 10 28 
10 13
14 12 23 27 4 11 24 6 18 1 7 15 0 
29 5
19 27 1 11 6 
1 7
9 6 3 5 29 10 2 
27 12
24 6 14 16 22 29 10 0 7 18 25 9 
18 8
10 16 8 26 2 9 27 5 
7 9
13 8 19 21 5 3 27 17 10 
0 8
12 21 2 4 27 6 20 10 
22 11
19 26 2 15 23 17 27 4 5 21 11 
19 8
29 22 14 7 16 17 11 24 
24 8
12 11 27 17 10 8 2 19 
17 12
24 26 19 8 16 7 3 5 6 22 23 28 
16 10
3 18 13 23 14 19 27 28 17 12 
4 11
14 20 21 11 9 10 0 25 22 6 26 
3 11
16 25 11 26 2 9 17 23 1 5 7 
5 8
2 12 1 3 18 7 22 17 
2 12
28 22 0 6 26 5 3 18 1 14 21 24 
26 10
22 17 3 18 12 20 14 2 21 4 
8 9
20 12 7 15 18 9 17 28 24 
21 8
4 14 0 7 2 26 9 22 
14 11
4 20 10 21 27 28 9 16 19 26 2 
12 10
23 0 10 24 11 5 9 26 8 16 
20 6
8 9 14 4 26 0 
23 6
12 22 10 16 3 17 
