50
9 5
17 48 40 34 47 
47 6
46 10 37 11 43 9 
34 4
36 9 48 32 
40 6
25 11 44 9 17 10 
48 13
46 31 9 13 26 35 29 38 3 5 36 43 34 
17 8
42 15 19 9 28 32 7 40 
32 7
34 20 45 21 17 36 23 
14 4
31 46 23 3 
3 5
45 12 37 48 14 
23 9
28 26 1 12 42 43 36 32 14 
46 11
47 41 8 11 25 14 36 22 48 28 0 
36 10
34 46 32 41 7 23 35 28 48 25 
43 7
1 47 49 30 23 48 39 
21 5
25 32 5 7 22 
22 4
19 46 21 27 
7 8
4 25 36 17 45 11 21 29 
5 7
49 21 15 48 19 35 42 
15 3
17 5 0 
0 10
2 8 44 46 10 29 15 25 1 18 
42 4
17 23 26 5 
26 7
24 23 42 49 27 48 33 
49 7
25 39 5 18 26 43 8 
8 5
46 0 28 30 49 
18 4
41 6 49 0 
39 3
49 43 4 
6 3
38 18 1 
35 10
20 36 25 5 1 28 48 24 11 41 
38 6
6 44 41 48 28 24 
24 9
28 30 12 26 35 33 11 37 38 
28 10
24 41 19 35 8 46 23 36 17 38 
41 8
44 46 18 28 36 30 38 35 
29 4
0 11 48 7 
11 8
40 47 7 46 16 24 29 35 
45 5
3 32 7 13 16 
20 4
10 12 35 32 
33 4
37 24 31 26 
27 3
4 26 22 
37 6
47 30 33 31 3 24 
4 3
7 27 39 
16 2
11 45 
13 2
48 45 
31 7
14 37 48 25 2 33 12 
12 5
20 23 24 3 31 
2 2
0 31 
25 11
21 40 49 7 35 46 44 0 31 30 36 
1 5
0 23 43 35 6 
30 6
43 24 37 8 41 25 
19 5
22 5 17 28 44 
10 4
47 0 20 40 
44 6
41 40 0 38 25 19 
