30
16 7
18 19 9 20 4 15 23 
23 5
14 21 11 13 16 
15 8
20 5 0 4 19 17 13 16 
4 9
5 29 15 25 12 26 17 11 16 
20 5
15 13 2 1 16 
9 4
16 13 5 10 
19 4
15 0 16 7 
18 2
16 2 
27 2
2 28 
28 4
22 3 12 27 
2 8
8 25 27 20 5 18 21 29 
10 6
3 1 9 26 7 14 
5 6
4 15 24 9 3 2 
13 10
24 15 9 1 3 22 23 14 20 8 
22 4
28 7 13 12 
12 4
4 24 22 28 
7 6
22 10 0 6 19 25 
1 4
13 14 20 10 
14 5
23 1 13 0 10 
0 5
14 15 29 19 7 
17 3
15 4 3 
3 7
28 17 29 10 13 5 24 
26 3
25 4 10 
25 5
8 4 26 2 7 
6 2
29 7 
29 6
4 0 6 8 3 2 
21 2
23 2 
24 5
5 3 13 12 11 
11 4
4 23 24 8 
8 5
2 25 29 11 13 
