30
24 14
13 17 28 18 11 20 21 26 2 19 27 10 0 16 
20 9
10 7 26 22 23 27 9 24 3 
13 9
19 22 14 7 10 29 25 24 4 
17 12
12 19 14 1 5 18 15 29 23 21 24 27 
28 12
14 6 18 1 4 16 12 7 24 15 29 10 
11 7
7 4 26 27 24 8 14 
21 14
5 18 6 24 27 17 7 15 29 14 23 9 1 22 
26 11
4 25 12 23 8 20 9 11 24 10 18 
3 7
22 19 10 5 27 9 20 
9 14
12 4 25 1 15 29 14 26 2 3 16 6 20 21 
23 8
7 10 21 26 17 20 16 5 
22 8
3 13 16 21 20 29 15 19 
19 12
17 6 24 25 16 13 7 3 18 1 29 22 
15 11
6 2 17 28 9 21 22 0 1 18 16 
29 12
25 27 9 17 28 13 22 10 0 19 21 14 
4 7
11 5 13 28 9 26 2 
25 10
19 26 5 18 1 9 13 7 29 10 
1 12
6 17 27 28 9 0 15 14 5 19 25 21 
16 9
6 19 24 9 28 10 15 22 23 
18 12
24 21 28 17 6 12 8 19 2 26 25 15 
0 7
1 2 24 8 10 29 15 
14 9
1 13 28 17 9 8 21 11 29 
6 10
16 19 2 15 1 18 28 9 27 21 
27 11
7 29 20 6 21 24 11 1 5 3 17 
5 8
1 3 21 17 27 4 25 23 
2 8
6 9 24 0 15 10 18 4 
10 14
25 7 28 2 26 13 29 0 8 24 16 3 20 23 
7 11
23 19 20 13 25 27 28 11 21 10 12 
12 6
26 18 17 9 28 7 
8 6
26 10 0 18 14 11 
