50
38 4
23 39 41 46 
46 7
47 26 6 33 18 5 38 
41 10
19 26 45 2 1 25 38 24 49 6 
39 6
34 38 21 22 23 45 
10 5
18 20 11 25 29 
29 5
20 19 45 9 10 
25 5
10 47 41 44 18 
11 7
16 30 26 10 37 31 9 
7 5
8 34 21 9 43 
43 7
23 20 26 2 44 7 17 
9 7
22 8 16 13 7 11 29 
21 8
12 24 37 7 39 19 30 48 
5 7
14 1 30 28 46 2 26 
26 12
43 20 40 41 28 11 46 8 33 5 35 22 
2 5
5 32 41 43 4 
28 6
49 35 26 5 30 16 
16 6
45 11 37 48 9 28 
30 10
36 5 18 11 21 24 20 34 28 32 
6 4
46 19 41 40 
49 8
45 28 27 48 41 20 14 37 
24 8
21 42 30 13 41 33 44 48 
1 4
33 5 41 20 
45 6
16 49 29 42 41 39 
36 4
3 18 8 30 
8 8
7 9 14 35 26 15 36 23 
18 8
10 32 27 46 37 30 36 25 
3 3
0 36 33 
20 12
26 44 32 10 29 0 43 49 23 30 1 12 
4 7
42 44 23 35 2 0 27 
32 5
20 18 22 30 2 
44 7
20 14 43 4 24 13 25 
47 4
46 23 25 13 
37 7
16 18 49 42 13 21 11 
13 6
23 9 24 37 44 47 
42 5
4 23 45 24 37 
23 12
38 17 13 35 42 20 39 8 15 43 47 4 
15 3
27 8 23 
48 5
16 35 49 21 24 
19 6
41 29 6 12 21 40 
27 4
18 49 4 15 
22 5
39 9 17 32 26 
17 3
23 22 43 
12 4
21 40 20 19 
0 3
20 3 4 
35 6
4 23 28 48 8 26 
31 2
40 11 
40 5
31 12 6 26 19 
14 5
5 34 8 44 49 
34 4
7 14 39 30 
33 5
24 46 26 1 3 
