50
20 3
42 3 0 
0 7
13 1 31 2 29 15 20 
15 6
42 21 5 18 47 0 
38 6
17 39 14 46 19 45 
45 6
17 7 42 14 46 38 
46 6
49 16 45 17 28 38 
44 4
8 48 21 23 
23 6
21 9 28 40 30 44 
12 2
11 19 
19 4
3 38 22 12 
5 8
40 42 3 30 21 15 33 26 
26 6
14 22 36 42 2 5 
34 5
30 40 11 24 25 
25 6
37 31 35 33 47 34 
14 5
11 45 26 38 36 
36 4
18 26 37 14 
48 4
13 1 44 32 
32 6
49 42 3 35 2 48 
18 9
39 37 43 42 41 15 6 36 30 
30 6
34 2 5 3 18 23 
21 7
23 5 15 8 44 42 27 
27 6
7 16 6 35 1 21 
31 5
35 22 25 0 3 
3 10
20 19 30 42 5 1 24 32 28 31 
35 10
16 13 47 10 31 28 27 25 32 6 
6 10
13 49 18 1 27 28 11 37 16 35 
1 8
6 3 48 9 27 0 10 41 
29 3
28 22 0 
22 6
8 31 49 29 26 19 
28 9
23 41 35 3 39 6 29 46 47 
13 5
48 35 6 0 10 
10 7
39 42 35 37 11 1 13 
39 6
18 38 10 24 28 16 
16 5
35 46 27 6 39 
11 6
6 14 34 10 12 42 
42 14
5 33 49 43 26 45 3 11 18 10 15 32 21 20 
24 5
8 34 39 3 17 
17 5
45 38 46 8 24 
9 3
23 47 1 
40 5
5 34 23 33 8 
8 10
22 21 24 7 17 44 33 47 43 40 
41 4
28 18 1 7 
7 5
43 45 27 8 41 
47 6
8 35 15 9 28 25 
2 6
4 33 0 32 26 30 
37 6
18 33 25 10 6 36 
49 6
46 22 32 6 42 4 
33 7
37 40 2 5 25 42 8 
4 2
2 49 
43 4
7 42 18 8 
