100
49 2
74 38 
38 4
48 32 77 49 
91 2
44 73 
73 2
59 91 
14 1
22 
22 4
57 59 34 14 
39 1
16 
16 2
74 39 
77 1
38 
24 2
69 74 
74 7
84 24 54 16 96 49 4 
94 1
17 
17 3
25 63 94 
0 1
53 
53 2
6 0 
63 1
17 
55 1
68 
68 2
13 55 
62 1
79 
79 2
56 62 
3 1
29 
29 4
98 88 2 3 
13 5
98 60 25 83 68 
87 2
40 44 
44 3
31 91 87 
59 6
22 48 50 70 73 99 
51 1
57 
57 7
61 67 22 32 9 12 51 
72 1
56 
56 6
32 26 79 85 61 72 
4 1
74 
15 1
35 
35 4
26 69 10 15 
41 1
7 
7 3
40 41 19 
78 1
84 
84 3
61 74 78 
54 1
74 
46 1
76 
76 5
80 26 1 40 46 
37 2
61 20 
20 3
25 58 37 
80 2
76 58 
58 2
20 80 
6 4
61 65 75 53 
82 1
2 
2 2
29 82 
89 1
60 
60 3
13 93 89 
93 1
60 
71 1
9 
9 3
57 28 71 
92 1
36 
36 2
81 92 
32 4
57 56 97 38 
97 1
32 
99 1
59 
88 1
29 
98 4
48 13 29 5 
25 4
13 20 17 43 
43 1
25 
85 1
56 
26 5
56 64 35 21 76 
12 1
57 
10 1
35 
69 3
24 35 90 
8 1
75 
75 6
6 8 18 11 42 31 
83 3
13 45 95 
95 1
83 
45 1
83 
64 1
26 
34 1
22 
90 2
69 30 
30 1
90 
11 2
75 23 
23 1
11 
28 2
9 33 
31 3
61 75 44 
42 1
75 
18 1
75 
48 3
38 59 98 
70 2
1 59 
50 4
59 47 66 27 
27 1
50 
66 1
50 
47 1
50 
67 1
57 
19 1
7 
81 2
61 36 
61 8
56 31 57 52 37 84 6 81 
52 1
61 
5 3
21 98 86 
96 1
74 
21 2
5 26 
33 1
28 
65 1
6 
1 2
70 76 
40 3
87 76 7 
86 1
5 
