50
9 9
0 38 1 28 42 35 19 22 30 
30 5
2 34 46 44 9 
22 10
39 42 44 16 33 4 47 38 25 9 
19 10
39 49 7 26 15 10 11 24 9 5 
35 12
49 16 40 7 41 13 9 24 10 5 45 2 
42 9
23 22 43 9 39 14 38 33 26 
25 10
48 18 4 14 34 26 2 22 46 37 
38 6
26 45 22 42 9 17 
47 11
12 24 11 21 41 45 39 40 20 23 22 
4 10
25 16 41 20 31 0 15 36 22 49 
33 10
44 1 3 22 2 15 13 7 12 42 
17 6
49 31 36 11 38 15 
43 5
26 42 48 15 39 
39 14
36 43 47 5 48 45 19 32 22 28 7 16 27 42 
15 9
29 34 33 46 4 49 43 19 17 
48 12
28 25 41 29 24 21 39 20 43 6 3 18 
37 8
31 0 6 26 18 16 14 25 
46 12
3 30 24 40 34 15 29 45 41 49 25 27 
2 10
30 32 25 10 0 27 33 18 35 12 
12 7
36 44 33 47 34 24 2 
18 14
0 48 28 8 2 41 36 23 37 24 6 25 16 3 
27 7
39 10 5 45 2 23 46 
0 8
18 37 34 14 4 9 28 2 
10 5
27 20 2 35 19 
5 5
27 39 19 35 16 
16 15
18 13 35 45 34 20 39 3 5 26 37 4 31 1 22 
13 6
49 16 33 40 14 35 
14 10
44 25 0 21 24 37 42 7 13 45 
7 10
35 26 19 34 39 14 20 21 44 33 
21 6
14 44 45 48 7 47 
20 8
45 16 4 47 10 6 48 7 
29 7
41 15 3 40 46 48 11 
11 6
47 41 19 45 17 29 
40 13
36 3 46 44 29 45 26 35 49 47 13 41 31 
49 9
17 13 40 35 19 26 15 46 4 
34 10
7 25 0 15 23 30 46 16 44 12 
3 10
29 40 8 46 16 33 48 31 18 1 
1 5
45 9 33 16 3 
44 12
26 21 12 7 8 33 22 23 30 40 14 34 
23 8
42 41 44 18 34 27 28 47 
24 14
12 8 6 19 45 47 35 46 28 48 18 36 41 14 
6 8
26 18 37 24 20 48 36 32 
8 5
44 24 3 18 32 
45 14
1 46 16 27 14 39 40 24 11 20 21 38 47 35 
28 7
39 48 9 24 18 0 23 
41 11
29 23 48 24 11 35 18 4 47 46 40 
36 9
39 40 12 24 4 18 32 6 17 
26 12
25 38 7 6 37 19 43 49 40 44 16 42 
31 6
37 17 16 4 3 40 
32 5
2 39 36 6 8 
