50
43 9
21 47 10 18 17 42 34 7 13 
13 5
23 33 16 3 43 
34 12
40 44 41 21 4 43 49 6 32 1 27 35 
42 7
15 26 18 3 1 43 23 
18 4
43 39 42 46 
46 8
47 32 45 26 27 28 18 11 
39 7
20 23 24 3 18 29 19 
49 5
41 14 34 30 10 
10 8
26 35 21 41 38 1 43 49 
30 11
32 23 36 0 47 49 37 9 16 25 38 
23 5
30 39 12 42 13 
1 5
37 44 10 34 42 
3 11
15 32 41 7 13 33 16 39 20 5 42 
29 6
7 21 35 40 39 31 
31 13
11 4 5 16 12 26 9 28 40 32 6 15 29 
40 6
34 45 31 15 29 33 
35 6
10 29 17 48 34 22 
27 5
46 44 28 34 7 
7 7
43 29 15 21 33 3 27 
28 8
25 5 9 31 27 20 46 21 
44 9
1 25 26 19 27 37 34 14 0 
22 2
14 35 
48 6
8 17 47 4 20 35 
17 6
48 43 35 16 6 5 
15 9
3 42 7 2 32 31 9 14 40 
14 8
49 22 36 16 44 15 12 32 
9 8
6 38 28 31 15 36 30 20 
32 11
5 3 30 31 46 6 15 37 34 14 41 
2 4
21 45 15 20 
24 4
39 36 6 41 
41 7
49 3 34 0 10 32 24 
6 10
34 4 33 24 9 17 31 32 5 45 
36 7
9 25 45 30 21 24 14 
19 5
0 5 16 44 39 
11 4
25 31 37 46 
37 9
1 44 11 30 20 0 32 25 38 
38 4
9 10 30 37 
0 7
41 19 26 30 8 44 37 
20 8
39 33 48 9 28 37 3 2 
26 6
10 0 42 31 44 46 
45 5
36 40 46 2 6 
33 7
6 3 13 7 20 40 8 
21 9
2 43 29 10 7 36 25 34 28 
8 3
48 0 33 
5 10
16 19 3 47 4 32 6 31 28 17 
4 6
6 31 48 47 34 5 
47 7
48 46 43 4 30 5 25 
25 9
28 36 30 16 44 11 37 21 47 
12 3
31 23 14 
16 9
25 19 5 3 13 14 31 17 30 
