50
22 8
41 27 18 6 44 33 2 19 
19 5
11 27 6 49 22 
33 6
18 40 24 47 22 30 
6 16
20 16 35 19 23 1 22 18 32 8 38 14 34 31 27 13 
26 7
32 38 9 28 10 24 45 
45 8
5 25 46 9 0 40 34 26 
24 4
5 33 7 26 
10 5
36 28 26 7 15 
28 13
44 48 20 34 10 37 11 38 36 2 26 47 13 
38 11
39 49 47 4 43 5 26 28 6 12 29 
32 11
26 18 9 12 7 39 29 46 6 43 49 
49 9
38 19 2 30 36 12 42 32 16 
46 7
18 21 45 35 32 48 9 
27 8
4 22 9 35 19 29 6 44 
44 11
16 39 21 47 42 28 27 9 30 22 23 
35 8
23 41 46 29 0 6 27 48 
48 7
18 5 14 28 46 12 35 
0 10
23 15 45 2 35 42 25 40 20 18 
9 14
13 2 45 46 44 8 4 32 26 14 39 27 20 21 
14 7
34 40 4 48 9 6 23 
23 9
35 4 0 37 7 6 44 39 14 
34 8
6 14 39 2 45 31 28 11 
11 8
3 19 21 30 20 34 28 7 
5 10
24 45 48 18 43 16 40 20 42 38 
42 7
7 41 5 49 39 44 0 
20 8
6 9 28 25 11 0 3 5 
40 8
0 14 39 31 33 45 5 25 
16 6
44 6 31 5 47 49 
47 10
41 38 15 16 44 33 12 18 17 28 
12 9
7 32 17 48 49 47 2 38 21 
21 8
2 44 46 9 17 11 37 12 
2 11
22 21 3 0 34 39 9 28 49 7 12 
17 7
18 47 29 12 39 21 37 
18 11
17 48 22 5 41 33 46 47 32 6 0 
36 4
39 10 49 28 
1 7
6 30 25 39 4 15 3 
3 7
7 2 20 11 37 30 1 
15 5
7 47 1 0 10 
8 2
9 6 
7 11
3 42 12 32 25 24 11 2 23 15 10 
29 6
35 32 4 27 17 38 
43 4
5 32 38 41 
30 6
49 11 44 33 1 3 
4 8
23 14 1 38 27 9 29 13 
13 5
9 31 28 6 4 
31 6
16 34 40 41 13 6 
25 6
1 45 7 20 40 0 
37 6
39 3 21 23 28 17 
39 14
44 17 41 42 2 23 36 32 34 40 38 37 9 1 
41 8
22 35 31 18 42 39 47 43 
