30
24 10
16 10 2 26 21 11 28 17 13 20 
20 7
7 26 22 23 9 24 3 
13 6
14 7 29 25 24 4 
17 5
29 23 21 24 27 
28 7
4 16 12 7 24 29 10 
11 4
27 24 8 14 
21 9
14 29 15 7 17 24 6 5 1 
26 6
8 20 9 24 10 18 
3 5
10 5 27 9 20 
9 8
2 26 14 20 15 3 25 4 
23 4
17 20 16 5 
22 4
20 29 15 19 
19 3
1 29 22 
15 8
6 2 9 21 22 0 18 16 
29 9
17 28 13 22 10 0 19 21 14 
4 5
5 13 28 9 2 
25 7
5 18 1 9 13 7 10 
1 5
14 5 19 25 21 
16 5
24 28 10 15 23 
18 7
6 12 8 2 26 25 15 
0 3
8 29 15 
14 7
1 13 9 8 21 11 29 
6 4
15 18 27 21 
27 5
6 11 5 3 17 
5 7
1 3 21 27 4 25 23 
2 6
9 24 15 10 18 4 
10 9
3 24 16 29 26 2 28 25 7 
7 7
20 13 25 28 21 10 12 
12 3
18 28 7 
8 5
26 0 18 14 11 
