30
26 14
8 27 4 14 19 6 16 3 9 1 7 25 11 15 
8 10
15 11 21 18 14 9 19 26 6 16 
27 11
28 4 6 18 3 21 11 13 23 12 26 
19 11
6 24 4 25 8 28 5 3 18 26 23 
4 17
19 23 16 3 5 26 13 0 9 7 28 17 27 12 21 11 25 
14 16
5 10 15 24 26 0 22 9 1 16 3 11 18 17 7 8 
6 14
19 24 8 21 20 23 22 9 27 26 29 16 3 5 
23 17
4 18 25 21 20 2 19 6 12 15 29 27 28 9 22 3 24 
18 16
27 14 11 24 19 2 13 15 3 0 1 9 17 8 25 23 
3 15
12 4 25 5 18 0 1 27 17 26 14 20 19 6 23 
28 12
10 0 7 21 27 25 23 19 16 1 5 4 
29 8
6 1 24 23 22 10 7 13 
13 9
18 1 12 9 27 16 4 15 29 
10 6
16 28 17 22 29 14 
22 11
23 12 24 21 0 10 29 15 6 14 17 
24 11
6 23 22 14 29 0 18 1 7 19 2 
1 16
2 28 24 20 21 13 29 15 5 16 3 11 18 25 14 26 
15 13
13 26 2 8 16 14 20 1 18 11 21 23 22 
21 12
12 8 2 28 27 4 23 22 1 0 15 6 
20 8
1 3 5 15 0 6 23 7 
16 14
1 5 8 12 13 15 10 7 28 2 6 4 26 14 
12 11
3 21 4 17 27 22 23 16 13 7 2 
11 10
25 8 15 26 2 4 14 27 1 18 
7 12
2 26 29 16 28 17 25 14 20 24 4 12 
0 11
2 4 28 9 3 18 22 21 24 14 20 
2 12
7 0 15 1 18 17 16 23 12 11 21 24 
17 11
10 25 4 7 2 14 12 9 3 18 22 
9 10
0 13 14 26 6 4 23 17 8 18 
25 12
11 26 19 4 17 28 7 18 1 5 3 23 
5 10
19 6 4 16 14 20 25 28 1 3 
