50
16 5
47 5 42 17 31 
31 4
49 4 44 16 
17 11
25 48 23 42 47 43 16 33 2 45 34 
47 3
16 17 6 
6 4
5 24 10 47 
42 8
36 16 32 40 0 45 17 21 
21 8
22 10 26 35 20 18 42 27 
45 7
22 32 1 40 20 42 17 
0 4
3 42 10 49 
40 4
45 38 42 5 
49 6
25 19 31 0 22 36 
36 4
35 42 32 49 
44 7
28 48 31 19 35 1 20 
4 8
34 23 26 19 31 33 46 12 
22 6
45 49 21 12 7 41 
41 6
37 20 39 23 22 48 
12 10
32 7 46 24 37 22 18 1 20 4 
14 4
27 1 25 10 
10 13
33 32 6 2 26 0 29 21 28 30 23 14 13 
25 6
49 13 14 1 17 9 
34 3
4 9 17 
9 5
15 34 33 35 25 
35 9
36 20 3 44 8 37 21 19 9 
33 11
38 10 46 2 30 17 9 4 32 1 24 
15 5
7 18 11 9 28 
28 5
44 10 15 39 3 
11 2
15 5 
39 4
41 1 28 30 
30 3
10 33 39 
1 11
43 26 2 45 12 14 39 25 44 33 32 
5 7
16 6 13 23 2 11 40 
46 4
2 33 12 4 
7 5
15 12 22 2 20 
20 8
35 45 21 44 12 32 41 7 
2 9
7 46 33 10 17 3 1 5 24 
13 4
25 5 29 10 
23 7
17 41 5 4 29 10 37 
29 5
23 13 48 19 10 
26 6
1 21 24 4 10 38 
32 10
45 24 12 42 36 10 27 33 20 1 
19 6
44 29 24 49 4 35 
8 2
18 35 
3 4
0 2 35 28 
27 4
14 43 32 21 
43 6
1 24 37 27 17 48 
48 5
17 29 44 43 41 
38 4
33 37 40 26 
18 4
15 8 12 21 
37 6
41 38 35 43 12 23 
24 8
12 43 32 6 26 19 2 33 
