50
29 8
10 40 39 37 6 30 43 45 
45 16
17 34 29 18 12 4 35 47 19 26 43 36 21 16 8 31 
43 16
26 12 29 13 48 10 27 28 17 24 22 36 45 25 32 44 
30 11
3 41 24 29 46 34 20 22 47 49 12 
6 8
8 26 1 47 29 7 28 9 
20 14
48 0 28 39 49 4 35 16 8 36 30 10 42 5 
10 12
29 15 43 1 18 24 17 28 36 34 14 20 
28 12
19 22 43 4 6 37 24 42 10 33 44 20 
39 10
37 29 31 47 23 12 46 18 14 20 
49 14
23 20 30 33 5 18 0 22 9 37 26 17 7 41 
35 10
45 2 17 46 8 44 34 20 41 11 
16 11
44 1 47 31 27 17 20 23 36 22 45 
8 16
6 48 35 47 32 37 21 20 17 45 2 15 13 5 1 12 
36 14
16 40 20 45 47 43 7 41 10 25 44 1 31 11 
19 12
46 38 12 23 32 1 5 47 28 9 17 45 
17 19
44 45 35 38 8 12 10 42 4 43 49 24 16 3 11 18 1 9 19 
47 14
34 5 36 30 44 8 16 7 45 26 9 39 19 6 
48 9
20 11 8 41 23 0 4 43 31 
31 12
16 36 7 1 18 45 26 4 39 40 32 48 
0 15
14 12 49 7 25 38 33 41 27 48 22 1 13 15 20 
9 11
4 49 47 25 38 19 2 7 17 1 6 
1 15
10 41 7 17 31 22 9 0 34 36 8 16 44 19 6 
7 16
42 3 46 38 31 6 32 4 47 49 36 12 37 1 9 0 
2 11
26 35 18 5 9 8 11 37 38 15 4 
22 12
28 1 5 34 26 0 30 49 43 44 16 13 
5 15
14 44 8 46 47 24 49 2 19 22 21 20 34 27 41 
44 16
17 28 5 1 22 43 36 11 47 35 25 15 40 14 33 16 
23 11
42 49 16 19 21 48 3 39 14 38 25 
25 10
40 34 9 44 36 23 43 0 37 24 
14 12
41 39 5 3 44 46 24 37 0 10 23 38 
3 8
46 7 30 23 17 14 34 42 
21 8
23 11 37 15 45 5 42 8 
42 13
23 15 7 13 20 28 27 17 24 11 21 18 3 
15 10
42 41 34 10 0 27 21 44 8 2 
37 13
28 29 25 7 12 21 24 8 39 14 34 2 49 
27 10
5 32 16 12 42 15 0 11 43 13 
32 8
34 19 43 41 7 8 27 31 
40 6
25 29 44 11 31 36 
4 12
34 20 33 45 2 13 7 9 28 48 17 31 
26 10
6 49 47 43 22 2 45 12 18 31 
38 10
23 46 24 7 9 17 14 0 19 2 
46 13
19 35 38 14 39 30 3 5 18 7 13 41 33 
34 15
10 4 37 24 3 5 45 15 1 22 35 47 30 25 32 
13 10
11 42 46 8 4 43 0 41 22 27 
24 13
42 30 34 14 10 41 5 38 25 37 43 28 17 
12 14
33 8 30 43 45 19 17 7 27 41 39 26 37 0 
18 11
49 42 10 11 31 17 46 39 2 26 45 
33 7
28 4 49 0 12 44 46 
41 15
14 35 46 24 5 48 13 15 1 0 12 30 32 36 49 
11 12
13 36 21 42 40 18 44 48 17 27 2 35 
