50
43 6
0 2 49 47 40 9 
9 7
6 22 30 11 33 46 43 
24 5
5 21 35 23 48 
48 3
31 11 24 
8 1
31 
31 8
29 41 22 47 48 16 44 8 
29 3
31 3 18 
18 6
49 5 35 45 44 29 
46 5
30 16 9 25 21 
49 4
18 43 13 30 
30 7
5 10 9 32 46 49 12 
42 4
47 45 20 6 
6 9
9 2 20 40 36 22 5 15 42 
33 3
9 15 10 
10 4
30 36 33 27 
38 2
3 17 
17 3
21 36 38 
3 5
12 29 5 38 28 
27 4
7 47 14 10 
35 4
24 18 23 40 
40 4
43 6 19 35 
23 3
5 24 35 
47 8
44 42 12 1 43 22 27 31 
13 4
25 49 15 20 
20 4
42 6 22 13 
15 5
22 33 6 13 19 
19 4
32 40 15 41 
44 3
47 31 18 
45 2
42 18 
5 8
24 36 30 23 6 18 3 14 
11 2
9 48 
14 2
27 5 
41 3
31 19 2 
22 10
37 12 9 31 20 6 47 15 0 7 
7 2
27 22 
0 2
43 22 
1 2
47 37 
37 4
22 32 2 1 
36 8
5 17 28 4 6 32 26 10 
26 1
36 
32 5
37 19 36 30 34 
4 2
39 36 
39 1
4 
16 2
31 46 
21 3
24 17 46 
28 2
36 3 
12 4
3 47 22 30 
34 1
32 
2 4
43 6 41 37 
25 2
13 46 
