100
60 7
85 75 99 45 10 43 44 
44 12
50 54 68 26 8 96 90 60 79 6 78 17 
43 4
92 60 5 86 
10 7
7 97 45 52 40 60 98 
74 7
11 45 8 33 40 39 65 
65 6
37 59 27 75 17 74 
39 10
51 64 46 9 74 29 70 26 25 92 
33 4
87 74 90 51 
13 4
49 35 19 79 
79 8
84 30 81 4 70 44 75 13 
19 4
85 13 25 87 
35 4
24 46 13 14 
28 5
8 7 31 86 98 
98 5
25 81 28 56 10 
86 6
9 28 42 30 43 49 
31 3
38 28 4 
20 6
50 99 67 29 63 58 
58 6
2 29 78 84 20 76 
63 6
2 85 66 18 6 20 
29 10
12 53 58 39 20 66 18 71 17 75 
67 6
82 64 75 23 20 11 
99 6
53 84 60 20 8 62 
50 3
44 20 59 
49 7
68 96 13 57 59 86 15 
30 12
79 95 54 92 2 26 51 64 86 4 59 11 
42 5
87 86 34 6 85 
26 6
77 44 78 30 80 39 
80 7
61 32 69 26 8 46 40 
78 9
44 18 3 26 88 47 58 53 14 
21 4
41 3 66 73 
73 8
47 61 88 83 5 75 55 21 
66 9
21 77 29 63 91 41 81 1 95 
75 8
60 7 65 67 73 29 79 27 
27 5
65 34 91 70 75 
88 5
34 73 78 5 83 
83 4
34 97 73 88 
14 7
23 82 11 78 69 35 17 
53 8
4 99 92 54 72 29 78 77 
3 8
32 94 21 24 89 78 5 41 
18 5
61 63 29 78 16 
0 3
17 23 22 
22 5
6 68 7 15 0 
17 12
61 72 59 24 47 0 29 14 93 6 65 44 
5 12
24 88 95 12 96 43 25 38 73 3 6 87 
96 3
49 5 44 
47 6
23 73 78 17 8 16 
16 5
32 61 8 18 47 
68 7
4 49 44 22 90 71 93 
93 5
62 17 85 68 70 
71 5
62 23 48 29 68 
90 8
54 68 56 44 8 33 37 69 
81 5
55 79 66 98 38 
25 4
98 39 19 5 
61 7
17 18 87 16 80 73 12 
12 5
4 29 5 38 61 
38 7
31 11 7 2 81 5 12 
2 7
32 58 63 87 91 30 38 
7 7
10 75 28 52 57 22 38 
55 5
82 92 84 81 73 
84 5
79 55 99 58 34 
41 7
94 21 40 3 66 57 97 
89 6
40 24 9 3 91 87 
62 4
71 93 94 99 
70 5
76 27 39 79 93 
85 6
60 54 63 19 93 42 
56 4
6 98 90 4 
4 10
53 24 68 48 31 94 12 79 30 56 
91 7
89 34 27 45 2 15 66 
87 8
61 33 42 2 19 48 89 5 
64 5
39 76 67 30 32 
32 6
16 3 92 2 80 64 
76 3
70 64 58 
1 2
59 66 
59 8
1 51 49 17 30 65 50 54 
36 3
72 23 77 
77 4
26 66 53 36 
23 9
47 0 14 36 67 71 24 72 94 
11 8
38 14 30 52 74 48 67 82 
54 6
53 90 44 30 85 59 
51 4
39 30 59 33 
48 4
71 11 4 87 
92 7
32 55 43 53 95 30 39 
6 11
22 95 17 56 15 63 42 5 44 8 45 
8 9
74 28 47 16 44 80 99 6 90 
40 5
74 89 41 80 10 
24 7
35 4 5 3 89 17 23 
72 4
53 17 36 23 
57 3
49 41 7 
52 5
34 10 37 11 7 
37 4
9 65 52 90 
94 6
62 41 3 4 95 23 
97 3
10 83 41 
9 5
39 86 37 89 45 
82 4
55 67 14 11 
15 4
22 91 6 49 
45 6
60 10 91 6 74 9 
69 3
80 14 90 
34 7
83 27 52 88 91 42 84 
95 6
92 94 6 30 5 66 
46 3
35 39 80 
