50
5 4
42 34 26 47 
47 8
24 46 20 41 1 5 9 17 
48 4
43 4 7 20 
20 7
6 4 47 35 45 9 48 
45 7
37 28 32 2 3 18 20 
38 8
41 3 12 43 25 24 19 39 
39 2
25 38 
8 5
10 32 35 2 30 
30 2
43 8 
2 11
45 17 4 29 41 34 36 3 25 16 8 
15 3
32 6 24 
24 7
47 3 41 38 36 19 15 
31 5
49 32 41 13 0 
0 7
41 22 32 46 33 28 31 
25 8
38 44 1 2 27 9 14 39 
11 6
33 42 23 34 7 41 
41 11
38 0 31 18 32 35 2 16 47 24 11 
13 5
35 28 31 21 42 
42 8
5 11 4 33 40 28 32 13 
43 8
14 48 6 44 38 22 30 1 
1 6
19 25 49 47 43 18 
9 4
17 20 47 25 
49 6
40 7 4 1 31 27 
27 6
14 25 16 28 22 49 
32 11
31 3 45 37 15 10 0 41 42 8 44 
7 4
49 48 11 37 
37 6
45 28 46 32 18 7 
10 4
44 8 32 26 
26 8
6 18 3 5 16 29 10 21 
14 5
43 25 27 35 18 
18 9
33 4 41 3 1 37 26 45 14 
34 7
5 17 46 11 2 35 29 
29 3
26 2 34 
35 7
6 8 13 41 20 14 34 
22 3
43 0 27 
28 6
13 37 45 0 42 27 
16 7
33 2 26 41 27 36 23 
46 5
34 37 0 47 4 
4 7
20 48 42 49 18 2 46 
17 5
9 34 44 2 47 
23 4
11 33 16 6 
19 5
1 38 36 12 24 
12 4
36 38 3 19 
36 6
16 12 3 24 2 19 
3 10
18 32 38 24 36 12 33 26 45 2 
40 3
49 42 33 
33 8
11 16 42 18 3 23 0 40 
44 6
43 10 17 25 6 32 
21 2
13 26 
6 7
20 35 26 43 15 44 23 
