20
2 6
13 11 8 5 18 6 
6 9
8 11 17 9 14 5 3 2 10 
18 7
10 12 5 3 2 9 14 
5 12
18 7 13 12 15 2 16 8 9 17 11 6 
11 8
2 6 8 5 13 14 17 0 
17 9
9 0 6 14 1 5 11 19 12 
9 10
17 19 7 4 6 15 18 5 14 8 
8 8
16 6 2 11 1 5 13 9 
13 11
3 1 5 7 2 19 12 8 16 11 14 
4 6
7 1 9 19 15 0 
0 5
1 17 14 11 4 
15 5
4 9 1 5 3 
10 8
7 19 3 18 1 16 14 6 
14 10
19 17 9 11 0 10 6 13 7 18 
16 4
8 5 10 13 
1 10
3 12 17 4 8 15 0 10 13 7 
7 8
19 4 10 9 13 14 5 1 
12 7
19 1 5 3 18 13 17 
19 9
12 10 3 14 4 7 13 9 17 
3 8
13 19 12 1 18 6 10 15 
