50
24 16
34 16 37 4 6 19 2 45 33 48 18 5 0 28 7 39 
37 8
31 8 0 15 29 23 12 24 
4 18
27 16 29 21 24 23 2 47 35 26 19 31 33 17 28 46 12 0 
6 9
25 13 35 19 47 10 21 24 1 
19 14
8 30 23 18 15 29 24 21 4 49 35 6 41 17 
2 10
35 42 24 5 17 28 10 33 7 4 
33 12
24 1 3 32 4 9 17 36 30 2 35 15 
12 12
45 26 43 4 20 1 18 22 11 37 46 28 
23 9
9 44 37 10 4 5 41 13 19 
18 10
9 40 29 5 24 21 12 8 19 22 
22 15
32 3 21 12 41 18 48 17 9 0 47 35 45 14 40 
8 10
15 25 32 34 37 42 19 35 18 41 
21 12
6 27 42 3 18 20 19 35 15 10 22 4 
38 7
32 17 0 29 26 40 14 
14 10
7 22 15 10 25 38 35 31 16 32 
40 17
39 11 18 48 28 17 44 20 36 30 22 38 5 13 42 41 47 
26 12
12 42 9 28 44 38 10 4 11 20 39 1 
48 12
17 42 22 24 41 43 44 34 40 0 15 10 
10 12
13 14 23 28 48 21 29 0 26 2 6 32 
44 16
7 17 46 28 48 31 35 26 1 20 42 41 23 40 29 25 
43 11
39 12 1 5 16 31 48 17 27 41 13 
41 11
43 40 19 35 32 48 27 22 23 44 8 
13 13
25 6 16 27 31 28 39 40 10 5 30 23 43 
27 9
20 21 32 49 4 43 29 13 41 
17 18
19 4 44 48 7 42 47 43 16 33 2 45 39 34 15 40 22 38 
35 14
2 4 14 3 33 44 8 21 45 9 22 41 19 6 
30 9
7 13 36 5 20 40 39 33 19 
15 16
8 25 29 19 36 34 33 21 14 37 9 17 28 11 48 5 
29 13
5 18 4 44 37 20 38 10 15 19 45 9 27 
32 13
38 41 5 1 39 20 14 8 33 27 10 22 36 
36 10
31 30 46 33 5 49 32 15 39 40 
20 13
9 27 3 30 29 7 32 12 44 21 26 45 40 
1 11
31 43 49 32 6 33 44 25 39 12 26 
39 16
31 5 26 1 9 43 36 30 32 34 40 13 17 28 7 24 
11 9
25 12 40 5 15 0 28 31 26 
45 11
35 22 24 9 17 12 42 34 20 29 49 
5 18
39 3 16 23 49 2 24 29 15 13 40 31 30 32 36 43 11 18 
7 12
30 44 24 0 14 39 34 20 2 31 17 47 
46 5
36 44 4 12 34 
34 13
24 45 42 39 7 48 31 17 9 15 25 8 46 
16 10
24 13 47 4 43 28 31 17 14 5 
25 11
11 6 13 15 8 44 47 9 1 14 34 
49 9
5 1 36 0 27 9 31 19 45 
9 15
18 3 29 15 34 39 20 33 35 26 45 25 49 22 23 
28 15
12 2 26 44 42 10 39 16 3 11 24 4 15 40 13 
3 8
5 20 22 21 28 9 35 33 
42 12
21 28 48 17 26 2 45 0 34 40 8 44 
47 8
4 16 40 22 25 6 17 7 
0 11
48 38 22 7 4 49 10 42 37 24 11 
31 15
39 7 11 37 14 34 49 4 44 16 5 1 13 43 36 
