50
31 7
23 38 41 49 21 0 12 
12 10
34 44 43 0 21 19 26 27 17 31 
20 6
18 35 6 7 38 25 
25 9
23 46 49 21 48 27 35 7 20 
38 11
4 29 5 31 27 28 37 21 26 35 20 
18 11
20 24 26 35 47 42 29 9 28 5 16 
16 12
27 8 0 23 35 45 6 34 13 7 1 18 
21 10
36 8 33 31 45 19 12 25 38 10 
10 8
40 45 29 15 3 48 27 21 
23 7
25 41 31 27 1 16 44 
44 10
1 12 37 35 17 6 34 14 41 23 
33 8
22 46 21 24 28 26 35 49 
49 7
25 31 40 39 34 43 33 
15 5
30 2 46 10 4 
4 8
38 11 41 30 26 2 15 1 
43 7
29 46 5 6 12 36 49 
35 16
18 20 39 38 19 25 32 40 13 29 22 1 16 33 44 28 
2 4
15 1 11 4 
1 12
16 44 39 13 36 23 32 6 45 2 35 4 
26 7
18 33 11 38 12 47 4 
8 7
37 21 28 16 46 0 47 
47 9
32 18 13 37 0 26 45 46 8 
11 7
4 24 5 40 2 26 32 
32 10
47 22 1 5 35 39 29 0 42 11 
39 8
42 1 13 35 49 30 6 32 
48 8
6 14 25 5 7 17 45 10 
45 11
21 29 10 13 16 1 3 28 48 9 47 
19 5
30 34 21 35 12 
42 5
0 39 18 5 32 
0 9
37 42 12 22 47 16 8 31 32 
22 9
35 32 6 5 0 24 33 46 36 
36 9
1 17 24 21 37 43 13 22 46 
17 6
12 30 36 44 48 34 
34 10
12 7 13 19 6 44 16 49 28 17 
40 6
10 49 11 46 6 35 
9 5
18 7 14 45 30 
30 6
15 19 4 39 17 9 
46 9
25 43 47 8 33 15 40 22 36 
13 8
16 47 1 34 39 35 45 36 
29 9
43 32 38 10 18 37 24 45 35 
6 11
48 43 22 5 1 20 34 39 40 16 44 
3 2
10 45 
7 7
48 9 25 34 20 16 5 
5 10
43 48 38 42 11 22 18 32 6 7 
27 7
16 12 23 25 38 10 37 
37 9
38 0 29 8 44 47 36 27 24 
28 7
8 33 18 35 45 38 34 
41 5
14 23 4 31 44 
14 4
41 48 9 44 
24 7
18 33 36 22 29 11 37 
