20
4 11
10 19 14 6 11 9 18 3 5 13 8 
8 12
0 10 19 13 7 17 18 11 14 16 6 4 
13 12
8 7 12 19 2 14 0 15 17 1 18 4 
5 12
9 6 12 14 15 0 10 11 19 1 18 4 
9 12
7 12 14 2 17 0 10 4 5 1 18 11 
11 10
6 4 2 17 9 16 8 5 10 15 
6 14
2 5 15 10 8 3 16 4 7 14 12 19 18 11 
14 13
12 6 9 4 13 7 8 5 18 1 2 19 0 
0 13
13 7 19 8 15 10 3 5 18 1 9 14 12 
19 12
0 6 2 13 7 4 8 18 3 1 5 14 
1 12
16 5 18 19 9 17 15 0 12 13 7 14 
18 17
4 16 3 5 14 19 6 2 15 13 17 7 8 1 9 0 10 
7 13
9 13 0 15 16 8 6 18 1 3 14 19 2 
10 13
4 12 6 11 0 2 8 16 17 9 3 18 5 
16 9
6 7 11 18 1 10 15 12 8 
12 12
14 6 13 16 9 17 3 5 1 15 10 0 
17 10
10 2 9 11 13 12 8 3 1 18 
15 11
0 12 2 18 5 1 7 13 6 11 16 
3 10
17 4 12 6 0 10 19 2 7 18 
2 12
6 14 19 17 9 15 10 11 3 18 13 7 
