50
15 1
29 
29 2
7 15 
8 1
38 
38 4
46 8 12 20 
13 1
32 
32 3
41 13 35 
24 1
1 
1 2
36 24 
26 1
16 
16 2
27 26 
35 1
32 
41 2
37 32 
18 1
12 
12 3
38 34 18 
48 1
19 
19 2
22 48 
7 3
23 0 29 
14 1
34 
34 2
12 14 
11 1
42 
42 2
37 11 
39 1
20 
20 2
38 39 
33 1
25 
25 2
36 33 
4 1
10 
10 2
37 4 
22 2
49 19 
49 3
46 22 3 
9 1
44 
44 2
37 9 
46 6
17 38 49 47 0 40 
40 1
46 
0 2
46 7 
47 1
46 
17 3
31 46 23 
23 2
7 17 
31 3
36 37 17 
37 6
31 30 41 44 10 42 
30 2
37 28 
6 1
3 
3 2
49 6 
45 3
27 5 21 
21 1
45 
5 1
45 
27 4
36 45 16 43 
28 1
30 
2 1
36 
36 5
27 31 2 1 25 
43 1
27 
