20
2 4
19 10 15 4 
4 11
12 11 7 14 0 15 10 18 3 16 2 
17 8
16 6 7 13 15 0 18 3 
3 9
6 15 11 14 4 13 7 9 17 
7 10
0 14 4 9 17 19 11 5 3 6 
6 8
16 17 5 3 0 11 13 7 
19 7
18 2 13 7 16 10 0 
0 10
7 14 4 18 15 6 17 16 8 19 
16 9
6 12 18 0 13 19 17 9 4 
10 10
15 19 2 4 18 5 1 12 8 11 
14 9
11 0 15 12 3 1 7 13 4 
11 10
12 14 4 9 6 7 3 1 10 15 
8 4
15 10 0 18 
12 6
11 4 16 14 18 10 
1 6
18 5 13 14 11 10 
5 5
7 6 1 15 10 
13 7
19 16 17 14 6 1 3 
9 6
7 11 3 18 16 15 
15 11
14 8 10 0 2 5 3 4 11 17 9 
18 10
19 4 1 12 0 10 17 9 16 8 
