20
7 7
16 6 19 17 11 5 10 
10 10
16 0 15 9 6 13 7 19 2 18 
5 12
14 2 4 1 3 18 15 0 11 17 9 7 
11 10
16 12 18 3 5 4 14 7 15 6 
17 9
8 13 7 14 4 5 1 18 2 
2 9
13 9 17 10 5 3 8 16 12 
18 7
16 5 9 17 11 10 14 
1 6
5 6 12 17 16 8 
4 6
12 5 9 17 11 6 
14 9
6 17 19 5 3 18 11 12 0 
12 6
4 11 14 1 2 15 
16 10
7 11 10 0 18 1 3 9 2 19 
8 6
17 6 3 1 19 2 
3 10
5 9 16 8 6 14 11 13 2 0 
9 9
3 18 5 4 0 10 16 2 19 
15 6
10 0 11 5 12 13 
0 8
19 9 10 15 16 14 5 3 
19 7
0 10 7 14 9 8 16 
13 5
17 2 3 10 15 
6 8
7 14 8 1 3 10 11 4 
