30
4 3
6 7 9 
9 8
24 11 7 13 18 3 4 28 
7 8
9 13 24 21 16 4 20 26 
6 8
4 17 3 10 19 2 16 20 
11 5
25 9 10 20 13 
13 12
18 3 5 7 29 10 23 25 9 2 11 14 
20 10
10 2 16 27 17 24 11 6 25 7 
10 9
20 18 6 0 29 11 22 13 8 
25 10
11 2 19 13 22 29 15 18 5 20 
18 9
25 10 9 21 13 1 14 23 16 
16 9
8 20 14 22 7 29 6 18 17 
23 6
0 13 3 5 18 26 
14 8
21 26 28 27 16 18 1 13 
1 8
12 22 24 18 3 29 17 14 
24 7
7 20 19 1 9 17 22 
22 7
1 0 10 25 16 24 21 
17 6
15 20 6 1 16 24 
19 7
2 5 6 24 27 0 25 
12 5
15 0 3 1 26 
26 6
28 14 0 12 7 23 
0 8
10 23 22 19 26 28 5 12 
15 4
17 12 25 3 
28 5
5 26 14 0 9 
3 8
23 12 6 1 8 13 15 9 
21 6
14 18 27 22 7 29 
29 7
2 13 1 25 10 21 16 
2 7
19 20 29 25 6 13 27 
5 6
28 19 23 25 13 0 
8 3
16 3 10 
27 5
21 20 14 19 2 
