30
8 6
15 22 28 11 14 19 
19 6
18 22 0 29 20 8 
14 5
29 11 21 8 26 
11 11
4 14 8 16 24 27 9 28 22 5 3 
22 7
8 16 19 15 29 11 4 
4 7
11 26 2 9 13 5 22 
29 8
14 24 21 19 0 22 6 1 
15 8
8 16 18 3 0 22 21 9 
9 9
13 4 25 3 15 20 26 11 24 
24 9
29 20 13 17 28 9 11 21 26 
26 9
4 18 10 24 14 9 23 6 7 
20 6
3 24 9 23 12 19 
3 5
20 9 27 11 15 
25 10
6 0 10 7 13 9 17 1 18 5 
1 4
21 25 10 29 
21 10
12 1 6 24 17 7 15 29 14 23 
16 6
6 22 23 15 28 11 
28 7
10 24 11 7 12 8 16 
23 8
27 5 18 16 20 26 12 21 
27 8
7 23 17 3 11 6 12 10 
6 7
25 16 21 27 26 29 13 
13 6
4 24 25 6 9 17 
7 7
12 10 21 27 28 25 26 
10 7
1 7 25 28 27 2 26 
18 6
15 25 19 26 2 23 
12 8
21 7 28 27 23 0 20 2 
0 6
25 19 15 29 12 5 
5 5
11 23 25 4 0 
17 5
27 24 21 13 25 
2 4
4 18 10 12 
