20
1 9
14 6 9 2 19 12 15 7 13 
13 8
2 17 16 12 3 18 5 1 
15 6
4 2 19 1 11 10 
12 9
0 10 14 13 9 5 1 8 16 
19 6
17 15 1 18 16 2 
0 6
6 12 4 7 18 5 
5 7
13 3 10 0 12 6 2 
18 9
3 11 0 16 4 13 7 2 19 
7 7
2 17 0 3 1 18 14 
9 8
8 1 14 11 12 6 10 4 
4 10
14 11 10 15 0 6 16 18 17 9 
10 6
4 12 5 9 2 15 
6 10
2 0 11 16 8 14 4 9 1 5 
11 7
4 8 6 2 18 9 15 
16 9
14 8 6 13 17 18 19 12 4 
14 9
4 1 12 2 16 8 9 6 7 
17 7
3 13 7 19 16 8 4 
8 8
16 3 11 14 12 6 9 17 
2 12
6 7 13 14 11 15 10 19 18 1 5 3 
3 7
13 7 17 8 18 5 2 
