50
46 4
2 9 42 18 
18 10
45 5 30 21 15 40 14 31 28 46 
41 4
24 11 13 49 
49 6
32 24 9 15 3 41 
28 5
42 39 25 10 18 
19 4
43 15 8 11 
11 6
3 22 36 41 47 19 
37 5
13 25 6 26 45 
45 5
18 3 24 37 36 
0 3
42 47 38 
38 6
30 24 0 14 39 34 
40 4
18 47 39 42 
42 16
16 35 40 23 43 27 48 26 32 44 28 7 46 5 12 0 
17 5
23 47 4 21 9 
9 11
10 36 13 49 35 2 46 16 27 17 6 
34 2
22 38 
24 6
41 49 5 32 45 38 
22 6
11 1 5 34 48 33 
33 10
1 2 12 6 43 4 16 14 48 22 
36 7
9 11 23 25 1 26 45 
1 6
33 26 6 22 36 5 
5 9
6 29 22 24 18 3 1 42 16 
48 6
39 21 22 42 32 33 
43 5
33 19 4 21 42 
4 7
29 25 33 43 6 17 27 
27 4
23 9 42 4 
31 4
18 15 7 2 
2 6
33 46 44 32 9 31 
7 5
16 30 10 42 31 
23 6
21 27 17 36 12 42 
21 5
23 17 48 43 18 
20 2
3 35 
35 6
29 25 42 9 14 20 
3 7
11 25 45 5 47 49 20 
32 6
49 2 48 42 24 29 
25 8
35 4 28 37 36 3 13 16 
16 7
42 7 33 5 9 25 39 
12 5
33 23 42 10 14 
14 7
38 6 35 18 13 33 12 
44 4
2 42 47 8 
8 4
13 29 19 44 
47 8
17 13 40 3 44 0 10 11 
26 5
10 36 1 37 42 
10 6
26 9 28 7 12 47 
15 5
30 19 31 49 18 
30 5
15 7 38 6 18 
29 5
35 4 5 8 32 
13 7
37 8 9 47 25 41 14 
39 6
28 48 6 40 38 16 
6 9
33 1 5 4 14 39 37 30 9 
