30
14 5
12 25 19 7 8 
8 5
21 11 28 16 14 
7 5
27 20 14 10 5 
19 5
14 22 6 12 21 
27 6
23 7 2 5 9 20 
20 7
7 29 21 9 27 6 12 
9 3
20 6 27 
5 6
16 26 1 7 21 27 
2 4
27 1 15 4 
4 4
28 10 21 2 
21 11
20 12 4 29 0 15 1 5 8 19 23 
10 10
6 18 4 11 24 7 28 25 15 16 
12 7
25 0 3 19 21 14 20 
6 5
10 22 9 19 20 
22 4
6 19 26 13 
18 4
24 15 10 1 
1 6
2 26 5 18 21 29 
11 6
10 15 0 8 26 3 
3 2
12 11 
26 4
5 1 11 22 
0 4
12 13 21 11 
15 6
18 25 11 21 10 2 
16 6
5 25 13 24 8 10 
24 4
18 16 10 17 
13 3
0 16 22 
25 5
12 14 16 15 10 
29 3
21 20 1 
28 5
4 17 23 8 10 
23 3
27 28 21 
17 2
28 24 
