100
34 2
76 77 
77 3
76 83 34 
5 2
25 49 
49 3
20 71 5 
99 3
70 68 26 
26 3
69 21 99 
29 3
47 35 88 
88 2
66 29 
75 2
57 69 
69 4
16 26 3 75 
72 2
6 47 
47 4
29 66 98 72 
36 2
79 33 
33 4
44 58 43 36 
94 1
83 
83 9
96 56 42 77 24 18 1 4 94 
28 2
8 91 
91 3
27 28 55 
73 1
17 
17 5
84 53 22 57 73 
64 3
93 12 51 
51 5
55 68 44 86 64 
41 2
15 24 
24 3
83 78 41 
0 1
53 
53 4
2 3 17 0 
79 3
36 13 7 
7 1
79 
13 5
84 3 63 74 79 
56 3
68 83 19 
19 7
18 68 4 58 21 65 56 
82 2
31 81 
81 2
10 82 
31 3
1 40 82 
98 4
45 70 15 47 
96 2
83 25 
25 6
5 3 48 8 96 87 
43 2
84 33 
60 1
1 
1 5
67 31 22 83 60 
15 2
41 98 
65 2
38 19 
86 1
51 
44 5
9 58 51 33 62 
14 2
90 40 
40 4
57 27 31 14 
12 2
64 54 
54 4
45 16 11 12 
45 4
54 18 92 98 
21 3
50 19 26 
71 1
49 
20 4
67 95 49 84 
42 4
67 23 52 83 
52 1
42 
23 2
42 59 
67 9
1 3 66 9 20 90 70 42 6 
80 1
89 
89 2
27 80 
68 8
56 19 51 99 9 18 50 39 
39 1
68 
50 2
21 68 
18 4
83 68 19 45 
9 5
67 97 44 68 37 
27 7
93 4 3 40 89 30 91 
48 4
95 32 25 11 
11 4
6 48 54 93 
38 3
63 65 30 
30 2
27 38 
61 2
55 6 
6 5
11 67 72 61 16 
78 1
24 
4 5
27 83 32 19 35 
87 1
25 
8 2
28 25 
3 7
13 67 69 53 85 27 25 
2 2
53 76 
76 4
34 77 97 2 
95 2
48 20 
58 3
33 44 19 
84 4
17 43 13 20 
59 1
23 
22 3
17 1 92 
92 2
45 22 
85 1
3 
97 2
9 76 
57 3
40 75 17 
62 1
44 
55 3
51 61 91 
37 1
9 
93 4
64 27 11 10 
10 2
81 93 
35 2
29 4 
63 3
38 66 13 
66 5
47 67 63 46 88 
90 2
14 67 
46 1
66 
70 3
98 99 67 
74 1
13 
32 2
48 4 
16 3
69 54 6 
