100
68 6
25 11 27 91 58 44 
44 4
1 68 46 19 
58 4
10 42 95 68 
91 6
8 9 13 88 68 84 
27 5
41 66 68 67 47 
11 4
69 60 68 86 
25 5
34 98 63 68 47 
41 4
96 27 7 23 
23 5
37 61 43 97 41 
7 5
94 35 51 41 78 
96 2
41 70 
56 4
76 51 79 1 
1 3
73 44 56 
79 6
87 56 30 3 45 12 
51 7
12 86 56 45 35 20 7 
76 4
56 63 0 30 
12 2
51 79 
45 3
62 51 79 
3 2
93 79 
30 5
84 76 48 17 79 
87 4
79 22 47 18 
63 5
24 25 61 76 75 
75 2
88 63 
61 7
49 47 82 23 65 63 16 
24 2
63 32 
32 4
95 85 24 39 
47 9
21 83 87 67 97 61 25 64 27 
98 2
25 18 
18 9
85 10 87 21 67 35 98 92 38 
10 5
17 58 19 18 57 
57 2
66 10 
19 7
39 44 42 65 88 10 66 
67 5
20 47 27 95 18 
66 4
57 36 27 19 
46 2
44 2 
84 5
26 89 30 60 91 
88 5
75 65 19 91 40 
13 4
91 17 16 97 
9 4
2 93 91 22 
8 2
91 86 
36 3
93 66 59 
59 2
15 36 
93 4
3 36 29 9 
92 2
83 18 
83 3
92 47 31 
31 4
64 48 71 83 
39 3
40 19 32 
85 5
18 0 80 34 32 
95 8
78 99 32 97 67 58 64 70 
16 6
38 61 72 29 13 64 
64 6
55 31 16 95 47 2 
29 8
74 5 93 16 65 20 90 50 
72 2
42 16 
38 2
16 18 
74 3
29 65 22 
22 3
87 74 9 
65 11
88 52 54 61 97 19 29 89 86 74 28 
97 6
35 23 65 95 47 13 
17 5
10 70 6 13 30 
70 5
17 37 96 26 95 
26 2
84 70 
37 3
23 35 70 
6 3
17 50 77 
42 5
72 19 80 58 94 
94 5
7 80 20 62 42 
80 6
4 81 50 85 42 94 
20 5
67 29 15 51 94 
15 5
59 28 35 20 99 
86 5
51 65 54 8 11 
54 5
71 65 86 43 34 
28 2
15 65 
77 2
89 6 
89 5
77 84 65 60 82 
0 3
53 85 76 
53 3
48 0 60 
40 2
39 88 
73 3
1 43 69 
78 2
95 7 
69 2
11 73 
43 3
23 54 73 
35 9
15 90 7 51 97 18 5 37 33 
21 3
34 47 18 
52 3
50 65 81 
81 3
80 52 49 
50 4
52 80 29 6 
4 2
80 48 
48 4
53 4 30 31 
5 2
29 35 
60 5
33 84 11 89 53 
49 2
61 81 
99 2
95 15 
90 2
35 29 
14 2
34 55 
55 3
64 34 14 
34 6
14 21 25 54 85 55 
82 2
61 89 
71 2
54 31 
33 2
60 35 
62 2
45 94 
2 3
9 64 46 
