100
92 1
98 
98 2
79 92 
6 1
27 
27 2
67 6 
33 1
58 
58 2
31 33 
93 1
81 
81 2
12 93 
89 1
90 
90 2
15 89 
65 2
5 95 
95 2
91 65 
7 1
42 
42 3
94 56 7 
82 2
87 70 
70 2
91 82 
80 1
10 
10 6
30 48 12 40 72 80 
60 1
53 
53 4
55 88 85 60 
64 1
66 
66 3
21 50 64 
88 2
18 53 
18 3
88 71 37 
37 9
99 76 49 86 4 50 36 84 18 
87 2
82 56 
56 4
57 1 42 87 
17 2
25 2 
2 4
34 5 47 17 
54 1
41 
41 2
24 54 
68 1
48 
48 5
34 10 30 96 68 
97 2
11 19 
19 1
97 
11 4
94 21 38 97 
83 1
24 
24 3
63 41 83 
5 2
65 2 
79 2
74 98 
14 3
55 21 59 
59 3
29 0 14 
85 2
77 53 
55 3
14 49 53 
51 2
77 99 
99 4
37 3 32 51 
39 2
13 35 
35 4
86 39 78 71 
15 3
16 67 90 
38 1
11 
21 3
66 14 11 
94 9
42 23 73 67 69 50 61 11 91 
61 2
94 28 
28 4
8 61 63 20 
96 1
48 
30 3
10 48 74 
34 4
76 2 48 22 
12 2
10 81 
67 4
52 94 15 27 
44 1
20 
20 2
28 44 
72 2
10 46 
40 3
10 57 9 
9 1
40 
57 3
40 56 23 
0 1
59 
32 1
99 
3 2
31 99 
29 2
73 59 
73 6
94 49 52 29 75 62 
74 2
30 79 
1 2
56 13 
13 2
39 1 
76 3
37 34 31 
31 3
76 3 58 
91 3
94 95 70 
22 1
34 
4 1
37 
50 4
94 37 78 66 
75 2
73 8 
8 2
28 75 
62 1
73 
52 3
73 67 45 
49 4
37 73 77 55 
77 3
85 51 49 
47 1
2 
25 2
17 84 
84 3
37 25 16 
69 1
94 
43 1
63 
63 4
28 24 26 43 
86 2
37 35 
78 2
35 50 
71 3
18 26 35 
45 1
52 
23 2
94 57 
46 1
72 
26 2
71 63 
36 1
37 
16 2
15 84 
