50
22 3
41 9 46 
46 4
11 28 22 14 
4 2
43 27 
27 4
25 39 26 4 
33 1
24 
24 3
3 11 33 
16 2
25 11 
11 5
7 29 24 46 16 
47 1
43 
43 4
23 4 47 1 
31 1
48 
48 8
36 5 3 38 29 26 13 31 
37 1
3 
3 5
38 48 24 37 12 
19 1
28 
28 4
42 36 46 19 
2 1
0 
0 4
29 10 44 2 
25 4
27 16 13 7 
7 4
11 36 38 25 
8 2
26 30 
30 2
41 8 
10 1
0 
36 6
48 28 35 23 41 7 
12 1
3 
44 2
15 0 
20 2
41 35 
35 2
36 20 
13 2
25 48 
26 7
8 23 9 48 27 49 42 
29 4
1 48 11 0 
38 5
3 15 48 7 41 
5 4
40 48 15 21 
18 3
42 49 6 
6 1
18 
49 3
26 18 39 
15 4
45 38 44 5 
41 5
20 38 22 36 30 
21 2
5 32 
32 3
21 45 34 
23 3
26 36 43 
1 2
29 43 
14 1
46 
42 4
18 28 9 26 
34 2
32 9 
45 3
17 15 32 
39 2
27 49 
40 2
5 9 
9 6
42 22 26 34 40 17 
17 2
45 9 
