30
4 4
28 16 1 5 
5 5
26 10 3 25 4 
19 8
26 14 3 1 22 10 0 29 
29 7
3 14 21 26 19 0 22 
1 6
16 4 19 20 14 25 
25 8
23 10 7 13 9 1 18 5 
9 5
2 25 3 15 20 
20 6
1 6 24 7 9 23 
15 5
12 7 8 21 9 
3 7
19 18 5 29 0 9 27 
22 6
6 23 13 19 0 29 
0 5
22 13 19 3 29 
21 7
28 17 7 10 15 29 14 
13 5
26 28 22 0 25 
6 6
22 23 20 12 10 27 
27 4
2 3 11 6 
16 6
11 1 8 10 4 28 
28 8
18 21 4 23 13 7 12 16 
18 6
28 24 7 3 25 2 
2 5
14 9 27 18 10 
11 4
16 7 23 27 
12 5
24 6 15 10 28 
7 8
18 15 8 20 11 21 28 25 
17 3
8 24 21 
23 7
26 22 6 25 11 28 20 
10 9
5 6 25 21 16 12 19 2 26 
26 8
13 5 23 19 14 29 10 24 
14 7
2 26 19 29 1 21 8 
8 5
16 17 7 15 14 
24 5
18 12 17 20 26 
