30
24 7
13 10 18 25 16 6 4 
4 7
10 16 14 19 11 24 1 
6 7
22 14 5 1 3 26 24 
16 9
13 28 8 4 22 21 24 19 15 
25 5
9 5 14 24 10 
18 8
19 7 24 22 23 9 17 14 
22 11
20 18 6 27 28 13 15 0 16 23 12 
12 4
20 5 0 22 
23 8
17 21 19 5 18 0 10 22 
0 8
17 15 23 22 12 19 1 8 
13 9
24 16 7 22 26 27 28 3 5 
28 4
16 13 7 22 
27 7
8 13 7 20 22 19 15 
9 5
25 26 5 18 8 
8 5
16 21 0 27 9 
5 10
6 19 12 1 23 9 25 21 13 20 
26 7
11 9 20 14 13 6 3 
1 5
17 5 6 4 0 
17 8
23 1 18 0 15 11 21 7 
15 6
0 22 14 27 17 16 
14 9
29 15 4 26 21 6 25 18 3 
3 5
6 13 14 2 26 
7 8
18 2 13 21 28 17 27 10 
29 5
10 14 20 19 21 
21 9
23 7 14 19 8 16 17 29 5 
19 12
2 18 5 27 21 11 23 4 10 29 0 16 
20 7
22 29 12 27 26 2 5 
10 7
29 4 24 19 23 7 25 
11 4
17 26 19 4 
2 4
19 7 20 3 
