30
4 5
13 7 28 9 12 
12 9
20 25 5 8 16 23 27 17 4 
9 5
8 17 23 4 6 
7 5
1 4 24 14 25 
8 5
12 13 9 14 18 
18 7
29 15 3 27 28 17 8 
14 7
27 17 24 26 1 7 8 
22 4
29 10 21 24 
24 10
16 25 2 13 7 1 0 29 14 22 
21 5
29 15 0 1 22 
10 7
2 17 11 16 1 29 22 
29 7
10 22 23 21 24 18 1 
6 4
20 23 9 26 
23 7
26 2 6 12 29 27 9 
17 6
10 18 9 12 14 2 
1 10
16 7 28 11 24 21 10 29 15 14 
15 5
21 18 1 20 16 
11 5
10 26 2 1 27 
28 8
4 0 18 3 5 1 16 19 
0 3
28 24 21 
27 7
14 12 23 13 11 18 3 
3 6
16 25 19 18 28 27 
19 3
26 3 28 
16 10
1 3 24 25 13 12 10 15 28 2 
5 3
12 28 25 
2 6
10 24 11 23 16 17 
20 3
12 6 15 
13 5
4 24 8 16 27 
25 7
16 26 24 12 3 5 7 
26 6
23 11 25 19 14 6 
