100
80 7
78 55 75 61 91 95 83 
83 7
74 84 90 55 62 81 80 
95 6
47 66 68 6 38 80 
91 4
56 80 19 35 
35 7
60 72 75 17 91 37 5 
19 10
69 16 36 13 86 63 91 0 25 50 
4 3
57 89 40 
40 6
45 7 54 39 79 4 
89 10
82 85 50 13 4 66 18 70 56 34 
34 12
79 33 74 47 51 5 18 81 98 14 94 89 
56 11
58 2 8 16 9 74 91 63 7 78 89 
18 3
89 34 31 
31 6
97 67 26 94 51 18 
94 8
62 24 78 8 34 31 27 29 
14 6
3 33 82 39 34 75 
81 8
88 10 70 1 83 20 34 24 
51 3
49 34 31 
47 6
32 61 95 34 11 85 
74 6
83 56 97 73 34 43 
15 8
65 71 58 43 53 41 0 55 
55 8
85 65 80 92 59 29 15 83 
0 6
71 11 15 3 19 39 
41 4
76 99 15 17 
53 8
32 13 29 15 66 23 58 50 
71 8
23 3 93 92 0 15 72 7 
39 8
17 42 12 5 10 0 40 14 
3 4
14 65 71 0 
11 7
68 79 63 0 72 47 52 
93 8
70 48 27 6 42 84 71 62 
62 4
94 83 7 93 
84 6
13 83 99 6 82 93 
92 4
9 55 71 73 
73 4
74 97 92 86 
63 6
11 19 86 43 57 56 
57 3
4 30 63 
43 8
76 69 97 67 15 63 99 74 
69 6
43 13 33 44 19 97 
97 7
7 43 74 31 27 69 73 
44 12
64 48 66 1 29 70 69 82 22 65 59 12 
33 6
14 34 69 45 72 23 
13 8
75 65 53 19 69 84 89 37 
38 4
27 32 76 95 
6 4
93 59 84 95 
68 7
58 11 12 52 30 95 85 
66 8
89 72 53 67 44 96 95 75 
50 6
89 48 98 19 36 53 
86 4
75 63 19 73 
24 8
16 54 99 94 65 23 90 81 
20 4
22 60 81 27 
1 3
60 81 44 
70 5
89 93 81 44 79 
75 7
86 35 13 80 10 66 14 
10 5
81 17 75 39 99 
48 6
61 50 44 76 93 26 
26 6
16 49 36 31 48 9 
76 8
30 43 41 38 45 48 27 59 
7 7
97 40 78 71 56 30 62 
72 8
35 66 33 52 71 11 27 58 
23 8
45 49 53 33 71 24 42 32 
45 7
67 40 52 23 76 33 54 
79 6
16 11 70 34 40 61 
96 6
29 25 99 67 2 66 
67 7
96 16 66 45 2 43 31 
8 6
25 94 87 56 29 36 
36 6
77 19 26 50 52 8 
29 7
9 53 55 94 96 44 8 
5 5
78 87 34 39 35 
37 4
65 59 35 13 
17 7
10 30 21 9 39 41 35 
27 7
94 76 38 72 93 97 20 
82 4
14 44 89 84 
58 5
68 15 56 72 53 
30 5
76 17 57 68 7 
87 3
8 5 98 
98 4
34 50 99 87 
77 2
36 22 
22 5
20 49 77 44 46 
12 3
68 39 44 
42 5
49 93 46 39 23 
90 4
64 83 28 24 
28 4
90 85 78 61 
52 6
45 49 68 36 72 11 
88 6
65 78 32 99 81 2 
2 6
56 96 85 67 49 88 
99 8
84 24 41 88 96 43 98 10 
54 3
40 24 45 
25 5
19 8 96 21 59 
59 6
37 6 55 44 76 25 
49 8
42 51 26 2 21 23 52 22 
85 6
89 55 68 2 28 47 
78 9
88 5 21 80 7 64 28 94 56 
64 4
90 44 78 65 
21 4
25 17 78 49 
32 5
38 53 47 88 23 
46 2
42 22 
16 6
56 79 24 26 19 67 
61 5
80 47 79 48 28 
9 6
29 56 17 26 92 60 
60 4
35 1 20 9 
65 9
88 15 13 55 37 24 3 44 64 
