50
24 6
22 14 39 34 20 33 
33 9
4 43 10 39 9 41 44 25 24 
20 9
7 6 10 38 18 5 12 24 21 
34 17
2 49 19 24 1 48 18 10 41 25 17 46 44 38 8 15 40 
29 6
10 22 9 27 17 1 
1 10
4 44 34 17 48 11 41 5 18 29 
17 8
23 3 1 2 10 29 34 13 
27 10
4 14 19 30 36 10 29 42 32 6 
6 11
20 32 18 25 0 47 43 27 45 26 37 
42 11
3 13 21 8 44 2 4 48 27 9 30 
35 5
40 7 25 18 28 
28 6
11 23 46 41 19 35 
18 12
6 9 10 43 35 2 22 30 20 40 34 1 
43 8
49 47 33 44 14 6 18 19 
19 9
26 11 12 34 40 9 27 28 43 
30 10
39 27 23 4 8 0 3 18 12 42 
2 8
34 17 26 42 11 18 5 44 
39 11
38 0 14 3 24 33 30 22 13 49 45 
45 6
6 44 13 15 25 39 
49 7
31 43 4 7 37 34 39 
13 10
3 42 45 31 48 17 14 39 40 46 
11 7
28 7 44 12 19 2 1 
12 7
26 19 30 20 37 11 31 
38 9
5 25 10 37 39 20 40 34 8 
8 6
3 42 23 30 34 38 
40 11
47 22 13 25 38 34 35 19 16 18 3 
37 4
12 49 38 6 
10 10
29 41 7 17 27 18 33 38 20 34 
41 6
10 21 28 33 34 1 
48 6
44 34 13 42 1 32 
36 5
21 46 27 47 15 
15 4
34 45 21 36 
47 10
5 43 40 14 6 32 36 22 21 31 
0 4
6 30 39 14 
14 11
24 39 27 9 13 16 22 47 43 4 0 
3 7
13 42 17 8 30 39 40 
16 4
4 23 14 40 
22 10
24 25 26 18 29 47 39 14 40 44 
44 10
11 43 1 48 42 34 33 45 2 22 
21 8
46 41 7 36 42 20 15 47 
46 7
21 36 31 28 34 4 13 
5 6
47 32 38 1 20 2 
32 6
5 6 47 4 27 48 
4 11
1 27 30 25 32 49 33 16 46 42 14 
7 7
20 10 11 21 49 35 26 
26 6
12 22 19 2 6 7 
23 6
30 17 28 8 16 25 
25 11
38 6 4 31 35 45 40 34 33 22 23 
31 6
46 13 25 49 47 12 
9 6
19 29 18 14 33 42 
