100
68 4
44 41 12 60 
60 7
46 1 68 9 67 39 82 
12 4
98 68 95 43 
46 9
79 65 6 32 99 60 20 21 2 
2 4
49 19 46 33 
21 6
17 18 65 46 79 58 
20 5
75 99 65 46 29 
99 7
59 51 20 46 54 62 9 
37 5
33 91 80 77 67 
67 7
15 33 53 60 89 24 37 
77 5
43 53 37 95 35 
35 7
76 18 59 43 10 63 77 
95 10
51 77 12 89 69 19 74 38 54 14 
38 5
55 95 88 53 10 
10 5
32 54 38 72 35 
53 11
77 41 8 33 61 54 38 65 67 66 87 
88 6
81 18 56 72 38 75 
61 11
33 69 51 53 71 39 40 92 14 57 36 
36 6
47 23 61 50 42 98 
14 5
22 52 95 33 61 
92 4
69 28 62 61 
40 7
97 0 42 61 25 31 18 
71 9
48 17 74 5 72 61 73 43 70 
69 8
92 6 78 61 58 49 95 96 
43 11
57 35 64 59 11 71 50 25 94 77 12 
98 5
8 12 36 30 7 
7 5
48 54 98 44 83 
30 3
22 0 98 
8 6
25 3 53 59 98 87 
72 6
71 88 0 63 10 5 
5 4
82 71 93 72 
63 6
76 72 89 11 35 4 
78 7
82 62 19 69 11 65 57 
57 4
43 61 18 78 
65 10
76 46 21 59 78 70 56 53 20 80 
11 7
55 22 90 63 78 43 93 
42 6
40 45 36 27 48 32 
50 4
43 96 74 36 
23 8
58 17 48 62 36 44 33 82 
3 4
16 8 89 81 
81 6
88 93 15 74 17 3 
89 7
63 13 3 27 95 93 67 
62 6
92 34 4 78 23 99 
55 5
45 11 38 90 94 
94 8
9 73 26 86 43 54 22 55 
90 7
26 93 55 59 84 11 74 
64 5
31 74 28 27 43 
27 6
79 42 47 64 84 89 
28 7
31 80 92 32 25 64 22 
74 13
83 34 90 44 54 50 91 70 95 71 81 93 64 
31 7
18 73 28 96 64 40 52 
73 8
16 31 39 94 6 71 1 45 
45 6
55 86 42 16 33 73 
1 3
60 73 15 
6 5
46 54 4 69 73 
86 4
83 45 94 33 
33 12
37 61 85 53 86 87 23 14 67 45 93 2 
29 3
56 17 20 
22 5
14 30 11 28 94 
54 15
70 84 94 99 6 75 83 95 93 74 0 10 7 53 4 
26 4
90 34 93 94 
17 7
23 29 21 71 81 41 13 
13 5
91 87 89 51 17 
58 3
23 69 21 
0 8
93 40 83 30 72 54 91 70 
84 3
90 27 54 
9 6
4 60 25 52 94 99 
52 3
14 31 9 
25 8
8 56 85 28 9 43 47 40 
47 5
87 36 51 27 25 
96 5
91 50 82 31 69 
18 7
31 56 21 88 57 35 40 
93 11
82 0 90 5 81 26 33 54 74 89 11 
39 5
73 61 4 49 60 
49 5
66 2 69 39 16 
4 6
9 6 39 62 54 63 
75 6
20 15 24 54 88 51 
56 7
80 18 25 88 65 29 85 
34 5
26 62 16 74 59 
59 9
43 99 35 97 65 90 34 8 76 
16 6
73 45 3 83 34 49 
32 6
46 28 42 19 10 91 
91 6
13 96 37 0 74 32 
19 4
78 2 95 32 
82 6
5 93 78 96 60 23 
70 5
54 65 74 71 0 
83 7
74 54 86 16 0 7 41 
48 4
7 71 23 42 
80 4
37 56 28 65 
66 2
49 53 
87 6
13 97 33 8 47 53 
97 3
40 87 59 
41 4
17 53 68 83 
85 3
25 33 56 
79 4
27 46 24 21 
24 3
79 75 67 
44 4
68 23 74 7 
51 6
99 47 61 13 95 75 
15 4
67 81 75 1 
76 4
65 35 63 59 
