30
27 11
23 6 19 17 9 21 12 18 5 13 7 
7 10
22 16 13 4 26 19 18 11 24 27 
5 10
11 4 2 26 16 10 23 28 27 12 
12 15
23 5 8 10 27 15 29 13 0 9 22 21 20 26 14 
16 13
15 13 7 21 24 11 26 5 8 28 17 22 14 
14 10
28 13 12 4 10 8 16 1 3 11 
22 14
16 26 19 7 28 20 21 24 4 9 0 10 23 12 
17 12
20 27 25 16 11 24 2 19 15 13 23 3 
28 11
14 29 4 25 5 23 22 16 8 19 2 
8 11
25 1 18 16 21 12 20 14 23 9 28 
26 13
20 12 7 13 5 16 21 25 0 10 22 23 9 
9 12
8 11 12 27 18 3 23 22 10 0 2 26 
23 15
27 29 19 26 8 4 24 5 3 17 28 9 22 25 12 
10 12
13 14 5 9 22 21 24 11 19 26 6 12 
25 10
8 28 17 23 13 19 26 6 15 0 
21 15
16 29 15 20 8 2 26 19 12 0 22 1 10 27 24 
11 11
7 16 3 5 18 9 17 24 10 20 14 
3 10
11 13 23 6 0 29 15 9 17 14 
1 8
8 4 2 21 29 18 20 14 
20 14
26 21 11 24 13 6 19 2 1 22 0 12 17 8 
6 9
27 18 3 19 25 0 15 10 20 
13 16
16 3 15 29 0 10 27 24 20 25 14 26 2 17 7 12 
19 13
25 21 10 0 20 4 7 27 28 17 6 22 23 
4 12
28 14 18 1 5 7 29 0 24 22 23 19 
24 16
16 23 0 22 10 2 18 11 4 17 7 15 29 13 21 20 
0 16
3 24 25 2 6 19 26 22 9 4 15 29 13 12 20 21 
29 11
28 23 4 12 13 0 3 18 1 24 21 
18 10
6 9 27 4 8 29 11 24 7 1 
15 10
16 6 25 3 17 21 24 0 12 13 
2 10
20 13 5 1 21 24 9 17 28 0 
