50
38 5
23 31 0 39 46 
46 6
42 22 27 38 10 15 
39 10
30 40 38 1 16 45 26 21 9 28 
0 8
21 25 38 5 1 3 14 44 
44 10
43 26 36 17 3 1 13 8 0 6 
14 7
32 13 41 37 24 0 49 
3 9
30 27 12 35 2 44 16 0 41 
17 5
48 44 35 12 7 
7 10
45 2 15 4 47 16 22 30 28 17 
12 6
3 13 17 24 47 19 
35 6
24 3 5 20 40 17 
40 10
49 21 39 32 41 16 27 9 2 35 
2 7
7 18 3 45 40 34 4 
9 7
31 19 23 6 39 40 10 
27 6
36 3 42 40 46 33 
16 11
22 8 32 43 47 41 7 40 39 20 3 
41 6
15 16 40 14 5 3 
13 5
14 44 12 24 37 
37 7
25 23 10 34 14 49 13 
24 8
13 12 14 30 36 29 35 26 
28 5
23 31 39 7 11 
11 4
20 29 48 28 
31 6
38 9 28 10 29 34 
34 7
23 37 32 5 18 2 31 
29 8
33 5 49 31 15 11 24 45 
4 4
7 8 15 2 
15 11
41 7 48 22 18 4 26 45 29 33 46 
45 9
7 47 2 18 1 15 29 39 8 
25 4
37 0 49 32 
32 8
10 16 14 20 40 34 21 25 
49 5
25 29 40 14 37 
26 6
44 1 15 20 39 24 
36 7
23 44 27 10 19 24 42 
30 8
47 39 7 6 24 19 3 18 
42 6
46 27 5 1 19 36 
19 8
10 9 36 30 23 12 42 43 
1 11
0 44 33 39 42 26 45 21 18 5 22 
21 7
0 6 32 40 39 1 48 
22 6
20 7 16 46 15 1 
18 7
2 45 1 23 30 34 15 
48 6
17 8 47 15 11 21 
5 10
42 23 41 34 20 35 0 10 29 1 
23 9
38 36 37 34 28 9 5 18 19 
20 7
22 32 5 11 26 35 16 
47 6
30 7 48 45 16 12 
43 3
44 16 19 
33 5
29 15 8 1 27 
10 8
19 37 36 32 46 5 31 9 
6 4
21 9 30 44 
8 6
4 48 16 44 33 45 
