100
68 2
12 60 
60 6
1 68 9 67 39 82 
12 4
98 68 95 43 
46 5
65 99 20 21 2 
2 4
49 19 46 33 
21 4
65 46 79 58 
20 4
99 65 46 29 
99 5
20 46 54 62 9 
37 2
77 67 
67 6
33 53 60 89 24 37 
77 3
37 95 35 
35 6
18 59 43 10 63 77 
95 10
51 77 12 89 69 19 74 38 54 14 
38 4
95 88 53 10 
10 4
54 38 72 35 
53 9
41 33 61 54 38 65 67 66 87 
88 3
56 38 75 
61 7
69 53 71 40 92 14 36 
36 5
23 61 50 42 98 
14 4
52 95 33 61 
92 2
28 61 
40 5
42 61 25 31 18 
71 7
17 74 5 61 73 43 70 
69 5
61 58 49 95 96 
43 7
35 64 11 71 25 94 12 
98 5
8 12 36 30 7 
7 4
54 98 44 83 
30 2
0 98 
8 2
98 87 
72 3
63 10 5 
5 3
71 93 72 
63 5
76 72 11 35 4 
78 3
11 65 57 
57 2
18 78 
65 9
46 21 59 78 70 56 53 20 80 
11 6
22 90 63 78 43 93 
42 5
40 45 36 48 32 
50 2
74 36 
23 6
48 62 36 44 33 82 
3 2
89 81 
81 4
15 74 17 3 
89 4
3 27 95 67 
62 2
23 99 
55 2
90 94 
94 7
73 26 86 43 54 22 55 
90 3
55 11 74 
64 5
31 74 28 27 43 
27 4
47 64 84 89 
28 6
80 92 32 25 64 22 
74 11
34 90 44 50 91 70 95 71 81 93 64 
31 4
96 64 40 52 
73 5
94 6 71 1 45 
45 3
42 33 73 
1 3
60 73 15 
6 2
4 73 
86 2
94 33 
33 10
85 53 86 87 23 14 67 45 93 2 
29 3
56 17 20 
22 3
11 28 94 
54 11
4 53 7 10 0 75 93 99 94 95 84 
26 2
93 94 
17 4
29 71 81 13 
13 2
51 17 
58 2
69 21 
0 4
83 30 54 70 
84 2
27 54 
9 4
60 25 52 99 
52 3
14 31 9 
25 5
28 9 43 47 40 
47 2
27 25 
96 3
82 31 69 
18 3
57 35 40 
93 6
5 26 33 54 74 11 
39 3
4 49 60 
49 5
66 2 69 39 16 
4 4
6 39 54 63 
75 5
15 24 54 88 51 
56 4
88 65 29 85 
34 3
16 74 59 
59 5
35 97 65 34 76 
16 2
34 49 
32 4
28 42 19 91 
91 2
74 32 
19 3
2 95 32 
82 3
96 60 23 
70 4
65 74 71 0 
83 3
0 7 41 
48 2
23 42 
80 2
28 65 
66 2
49 53 
87 4
97 33 8 53 
97 2
87 59 
41 2
53 83 
85 2
33 56 
79 2
24 21 
24 3
79 75 67 
44 3
23 74 7 
51 3
13 95 75 
15 3
81 75 1 
76 2
63 59 
