30
8 3
11 14 19 
19 5
22 0 29 20 8 
14 5
29 11 21 8 26 
11 10
14 8 16 24 27 9 28 22 5 3 
22 5
19 15 29 11 4 
4 5
2 9 13 5 22 
29 7
14 21 19 0 22 6 1 
15 7
16 18 3 0 22 21 9 
9 9
13 4 25 3 15 20 26 11 24 
24 8
20 13 17 28 9 11 21 26 
26 8
18 10 24 14 9 23 6 7 
20 6
3 24 9 23 12 19 
3 5
20 9 27 11 15 
25 8
10 7 13 9 17 1 18 5 
1 3
21 25 29 
21 9
1 6 24 17 7 15 29 14 23 
16 4
23 15 28 11 
28 6
10 24 11 7 12 16 
23 7
5 18 16 20 26 12 21 
27 6
17 3 11 6 12 10 
6 5
21 27 26 29 13 
13 6
4 24 25 6 9 17 
7 6
12 10 21 28 25 26 
10 6
7 25 28 27 2 26 
18 5
15 25 26 2 23 
12 7
7 28 27 23 0 20 2 
0 5
19 15 29 12 5 
5 5
11 23 25 4 0 
17 5
27 24 21 13 25 
2 4
4 18 10 12 
