20
5 6
6 7 14 8 18 1 
1 10
17 15 11 13 12 8 2 19 3 5 
14 8
2 17 11 12 5 13 8 10 
10 6
0 15 4 7 19 14 
2 7
14 11 15 1 16 8 13 
13 13
6 8 16 18 1 14 7 15 0 12 17 19 2 
19 4
6 13 1 10 
15 10
2 10 11 9 13 7 1 18 3 8 
8 10
13 2 4 14 9 17 5 1 15 6 
17 5
1 14 8 12 13 
12 9
14 6 17 13 16 4 18 3 1 
0 7
10 6 11 9 7 13 3 
4 4
9 10 8 12 
16 9
2 6 12 3 18 9 13 7 11 
7 8
9 18 5 0 10 15 13 16 
3 7
1 9 16 12 6 15 0 
9 9
3 18 7 4 15 0 6 8 16 
11 8
6 2 14 1 18 15 0 16 
18 9
12 5 9 7 13 15 11 6 16 
6 11
13 11 19 0 5 18 3 9 12 16 8 
