20
12 9
7 11 10 0 15 1 3 5 19 
19 9
11 8 16 10 9 4 5 1 12 
5 8
19 8 16 9 14 12 7 6 
3 10
8 16 1 6 17 0 11 12 7 2 
15 8
4 11 13 6 12 8 16 0 
0 12
11 4 9 17 12 3 18 8 16 2 13 15 
16 11
11 19 9 7 13 10 15 0 4 3 5 
4 10
17 18 14 0 15 10 19 2 8 16 
13 10
7 2 8 16 10 15 0 9 17 18 
9 9
14 10 0 13 7 16 19 2 5 
2 9
13 11 10 0 4 18 3 8 9 
7 8
10 13 12 16 9 18 3 5 
11 11
12 16 14 19 2 1 3 18 0 15 6 
17 6
4 0 3 1 8 13 
8 11
4 6 3 5 13 15 10 0 17 19 2 
10 11
9 12 18 7 13 6 2 19 16 8 4 
6 8
3 1 5 8 15 10 14 11 
18 7
4 2 10 0 7 13 11 
1 7
12 3 11 6 19 14 17 
14 6
4 9 11 6 5 1 
