100
23 2
98 18 
18 2
47 23 
70 5
75 65 22 36 95 
95 4
89 78 38 70 
66 2
32 11 
11 6
26 27 46 82 79 66 
51 1
24 
24 5
55 39 35 56 51 
91 3
82 76 84 
84 6
41 27 14 38 49 91 
76 1
91 
82 6
1 80 0 91 11 46 
98 4
12 31 23 30 
30 2
58 98 
31 3
72 10 98 
71 3
64 44 2 
2 7
87 92 68 17 73 97 71 
68 7
55 80 36 92 19 2 42 
42 4
92 33 64 68 
47 6
88 38 0 8 12 18 
80 8
85 82 93 81 19 68 5 83 
83 3
6 7 80 
75 3
54 70 56 
56 4
34 69 24 75 
60 1
10 
10 4
73 62 31 60 
77 1
17 
17 5
15 87 2 5 77 
78 2
20 95 
97 3
87 40 2 
93 4
80 62 64 32 
32 4
52 66 53 93 
35 5
1 45 14 24 22 
7 2
4 83 
63 3
52 44 49 
49 5
79 84 53 86 63 
1 4
27 35 82 72 
72 5
31 74 45 69 1 
52 5
57 63 32 37 43 
43 3
74 15 52 
37 3
53 27 52 
54 3
75 40 62 
62 8
9 12 64 39 10 93 45 54 
16 1
79 
79 3
49 11 16 
53 8
37 64 49 3 88 36 74 32 
92 7
42 68 2 46 96 27 28 
28 4
0 29 73 92 
64 9
71 46 62 53 4 58 93 67 42 
86 1
49 
4 6
46 14 64 7 99 94 
94 3
61 4 90 
33 2
42 90 
90 3
94 96 33 
6 3
8 83 26 
26 3
11 39 6 
48 2
55 87 
87 8
96 44 17 48 45 97 2 19 
38 4
47 84 95 65 
65 2
70 38 
61 3
57 94 9 
9 5
40 96 62 61 57 
74 3
72 43 53 
36 6
41 22 68 12 70 53 
88 3
45 47 53 
3 4
39 22 53 21 
89 3
96 0 95 
0 4
28 47 89 82 
96 10
41 67 12 87 15 9 89 90 92 20 
46 5
4 64 11 92 82 
50 2
67 85 
85 4
80 67 25 50 
59 2
55 19 
19 5
68 80 87 29 59 
67 5
50 96 64 85 55 
55 5
68 59 24 48 67 
12 6
36 98 96 62 81 47 
81 7
25 12 99 80 41 34 14 
20 2
78 96 
15 3
43 17 96 
44 5
45 27 71 63 87 
21 2
3 13 
45 7
44 87 88 35 58 62 72 
39 5
3 41 24 62 26 
5 3
13 80 17 
40 4
54 9 97 58 
58 4
45 30 64 40 
57 3
52 61 9 
73 4
10 2 28 27 
25 2
81 85 
27 7
92 44 1 73 84 11 37 
69 3
34 56 72 
14 5
84 8 4 81 35 
34 3
56 69 81 
41 5
96 84 36 39 81 
99 2
4 81 
29 3
28 19 8 
8 4
14 47 6 29 
13 2
5 21 
22 4
3 36 70 35 
