100
5 1
8 
8 3
3 5 74 
18 1
95 
95 4
89 37 47 18 
36 1
54 
54 5
38 61 49 91 36 
24 1
90 
90 3
25 75 24 
87 1
61 
61 5
28 41 39 54 87 
14 1
89 
89 4
84 95 50 14 
72 1
77 
77 2
80 72 
75 1
90 
91 1
54 
63 1
48 
48 3
46 63 31 
73 1
1 
1 2
42 73 
9 1
96 
96 3
84 33 9 
82 1
65 
65 3
86 40 82 
60 1
44 
44 6
28 52 51 12 15 60 
85 2
93 6 
6 1
85 
93 2
12 85 
22 2
32 45 
45 1
22 
32 3
84 88 22 
4 2
86 29 
29 1
4 
86 3
28 65 4 
33 1
96 
88 1
32 
31 1
48 
46 3
92 58 48 
80 2
3 77 
40 1
65 
64 1
68 
68 3
12 42 64 
56 1
76 
76 6
84 98 57 43 27 56 
79 1
35 
35 2
71 79 
99 1
0 
0 3
71 25 99 
26 1
17 
17 2
28 26 
21 1
39 
39 2
61 21 
23 2
70 94 
94 1
23 
70 4
41 53 38 23 
25 2
0 90 
11 3
28 34 55 
55 1
11 
34 1
11 
28 7
61 44 81 69 11 86 17 
57 1
76 
12 3
44 68 93 
50 2
89 13 
13 1
50 
59 1
52 
52 3
44 16 59 
67 1
81 
81 2
28 67 
20 2
41 30 
30 1
20 
41 4
61 70 71 20 
53 3
70 10 7 
7 1
53 
10 1
53 
71 5
41 3 0 62 35 
42 2
68 1 
69 1
28 
27 1
76 
15 2
44 92 
51 2
44 78 
97 1
3 
3 5
71 80 66 97 8 
16 1
52 
78 1
51 
84 5
66 89 76 96 32 
19 1
66 
66 3
3 84 19 
47 1
95 
37 1
95 
98 1
76 
58 1
46 
49 2
54 2 
2 1
49 
62 1
71 
92 2
15 46 
38 2
54 70 
83 1
74 
74 2
8 83 
43 1
76 
