20
18 8
11 1 14 4 15 10 2 6 
6 9
2 12 13 7 17 10 4 1 18 
2 12
6 9 11 12 16 4 5 1 18 0 15 7 
10 6
8 6 0 15 3 18 
4 11
7 9 8 12 6 5 3 18 1 19 2 
11 11
2 15 9 17 16 8 12 7 18 3 5 
5 12
2 19 4 14 12 9 3 1 0 15 11 13 
7 14
4 2 8 11 9 0 16 3 14 15 13 12 19 6 
1 12
13 0 15 6 16 2 17 9 18 3 5 4 
19 7
5 4 16 13 7 17 14 
14 8
8 7 13 5 18 12 15 19 
17 8
12 6 11 1 0 15 16 19 
8 7
14 10 11 4 13 7 12 
12 11
6 17 13 7 11 2 4 14 5 3 8 
13 13
19 12 6 7 8 16 14 15 0 9 1 3 5 
15 12
7 13 11 18 1 3 5 10 17 9 14 2 
0 10
2 17 9 10 16 7 13 1 3 5 
9 10
2 11 4 3 5 1 13 7 0 15 
16 8
11 19 2 0 1 13 7 17 
3 11
13 7 11 9 4 0 15 10 5 1 12 
