50
33 1
23 
23 3
39 20 33 
4 1
40 
40 3
39 43 4 
43 1
40 
8 2
18 27 
27 2
46 8 
48 1
12 
12 3
11 46 48 
7 1
9 
9 3
39 2 7 
10 1
45 
45 2
24 10 
38 1
24 
24 5
25 38 46 45 35 
47 1
6 
6 6
0 13 37 5 26 47 
16 1
44 
44 3
46 16 30 
32 2
28 39 
39 7
25 0 23 9 41 40 32 
26 3
36 2 6 
31 1
1 
1 3
35 46 31 
22 2
20 3 
3 1
22 
20 2
23 22 
13 1
6 
15 2
41 36 
36 2
26 15 
41 3
39 14 15 
29 2
35 19 
19 1
29 
35 4
1 24 29 42 
46 7
24 21 11 1 27 12 44 
11 2
12 46 
21 1
46 
2 3
26 9 28 
17 2
0 34 
34 1
17 
0 3
39 6 17 
30 1
44 
5 1
6 
37 2
6 49 
25 3
24 39 18 
49 1
37 
14 1
41 
18 2
8 25 
28 2
32 2 
42 1
35 
