50
18 3
38 30 46 
46 3
27 41 18 
30 5
1 18 37 2 47 
38 5
4 10 18 33 23 
29 6
48 23 39 40 43 12 
12 4
33 42 48 29 
43 4
5 47 42 29 
40 2
28 29 
39 8
26 37 9 41 1 32 15 29 
23 8
33 16 22 29 0 9 5 38 
48 11
28 2 22 12 49 44 33 29 0 15 14 
24 2
33 36 
36 3
47 22 24 
33 6
23 24 38 12 19 48 
2 4
48 30 15 26 
26 2
39 2 
15 3
39 48 2 
25 4
16 21 1 35 
35 4
1 25 32 11 
1 4
35 30 39 25 
21 5
19 0 10 41 25 
16 6
31 25 19 23 4 3 
10 3
20 38 21 
4 3
31 38 16 
41 4
46 39 20 21 
32 2
39 35 
42 4
34 43 12 3 
44 3
19 48 37 
37 6
3 39 28 45 30 44 
19 6
21 14 16 44 33 22 
34 3
42 22 7 
7 2
27 34 
22 7
27 48 28 23 36 19 34 
14 2
19 48 
45 2
8 37 
28 8
40 11 37 48 17 31 22 13 
3 3
37 16 42 
8 3
45 49 6 
6 3
49 5 8 
49 4
8 6 48 0 
27 4
46 7 13 22 
20 2
10 41 
11 2
28 35 
9 3
17 39 23 
5 3
43 23 6 
0 4
48 23 21 49 
47 3
36 30 43 
31 4
16 13 4 28 
13 3
31 28 27 
17 2
9 28 
