30
12 3
4 19 9 
9 8
8 27 0 10 22 14 11 12 
19 6
13 0 12 24 2 5 
11 6
21 1 13 23 22 9 
22 4
7 9 11 20 
23 5
16 8 11 26 2 
13 7
26 19 18 3 11 20 29 
1 3
6 11 18 
21 4
26 10 11 20 
18 7
26 3 5 1 29 13 4 
4 6
12 8 17 28 2 18 
29 5
25 27 14 18 13 
5 5
16 18 19 0 6 
26 8
13 23 21 17 6 18 14 25 
20 7
17 27 7 13 21 8 22 
3 4
24 18 15 13 
15 4
3 24 0 16 
16 4
23 5 15 24 
0 6
19 6 9 5 15 10 
24 5
3 15 19 27 16 
14 5
27 17 9 29 26 
2 4
27 4 19 23 
28 2
7 4 
17 6
26 25 20 14 4 7 
8 5
10 9 4 23 20 
6 4
0 26 1 5 
25 3
29 17 26 
7 4
28 17 22 20 
27 6
29 2 24 9 14 20 
10 4
8 21 0 9 
