30
4 4
23 18 24 17 
17 8
13 1 18 3 28 9 4 2 
24 6
22 23 16 21 20 4 
18 5
17 12 4 15 13 
23 7
4 24 1 14 8 22 29 
29 8
20 14 11 8 2 19 10 23 
22 6
24 7 16 0 19 23 
8 9
16 29 10 27 3 5 1 23 20 
14 3
1 23 29 
1 6
17 13 14 20 23 8 
21 7
6 20 19 26 24 27 10 
10 5
26 3 29 8 21 
27 3
8 21 0 
26 5
10 21 11 3 28 
19 8
3 13 21 11 6 0 29 22 
20 9
29 1 3 9 21 24 16 8 12 
6 5
21 19 15 0 12 
12 7
11 13 7 18 2 20 6 
16 9
28 24 11 8 7 13 25 20 22 
9 4
25 20 17 7 
3 8
10 5 17 8 19 26 20 25 
2 3
29 12 17 
11 6
12 29 15 19 26 16 
13 7
25 17 19 1 18 16 12 
25 4
9 13 16 3 
15 4
7 6 11 18 
7 6
15 16 12 22 5 9 
28 4
16 5 17 26 
5 4
3 7 28 8 
0 4
19 6 22 27 
