100
48 3
11 83 53 
53 2
0 48 
40 1
39 
39 2
19 40 
18 2
30 85 
85 3
80 0 18 
14 1
34 
34 4
32 38 21 14 
49 2
88 61 
61 3
23 82 49 
82 3
45 12 61 
12 3
17 82 51 
51 6
88 35 45 56 86 12 
52 3
20 57 50 
50 2
80 52 
73 3
69 94 1 
1 3
27 44 73 
19 4
42 96 44 39 
77 1
89 
89 4
93 78 84 77 
5 2
31 29 
29 4
16 93 5 74 
4 2
95 80 
80 6
8 42 85 50 81 4 
28 2
66 15 
15 4
68 35 28 59 
0 3
65 85 53 
75 3
70 93 88 
88 6
3 51 49 22 65 75 
65 5
0 31 97 54 88 
59 2
91 15 
35 5
97 51 7 90 15 
94 2
73 7 
7 2
35 94 
23 5
97 43 72 61 37 
37 1
23 
43 2
57 23 
97 5
16 95 65 23 35 
71 2
98 54 
54 3
26 65 71 
84 5
13 60 30 89 26 
78 3
89 56 95 
95 8
4 64 58 67 97 32 99 78 
2 1
9 
9 3
96 91 2 
21 3
38 47 34 
60 3
11 84 33 
33 3
17 68 60 
11 4
48 68 60 69 
26 2
54 84 
47 5
38 67 87 83 21 
22 2
88 87 
87 3
47 22 79 
3 2
88 93 
93 5
75 89 29 36 3 
62 1
45 
45 3
82 51 62 
55 1
64 
64 4
95 16 31 55 
86 1
51 
20 2
52 67 
67 5
95 27 58 47 20 
81 2
63 80 
42 4
58 80 19 72 
72 2
23 42 
58 5
25 67 95 42 10 
17 5
12 33 13 6 70 
70 3
79 75 17 
6 1
17 
13 4
84 16 17 91 
31 3
5 65 64 
16 5
97 64 13 29 38 
83 3
48 47 92 
92 2
44 83 
36 1
93 
91 4
59 13 9 8 
44 4
92 19 46 1 
69 2
73 11 
99 1
95 
32 2
34 95 
98 2
71 25 
25 4
58 68 63 98 
24 1
63 
63 3
81 25 24 
8 2
80 91 
90 2
66 35 
79 3
70 10 87 
41 2
27 96 
96 3
19 9 41 
27 6
30 67 1 68 66 41 
74 1
29 
68 6
30 15 33 27 11 25 
56 3
78 51 76 
30 4
27 18 68 84 
10 2
79 58 
57 3
52 43 66 
66 4
90 28 27 57 
38 4
21 47 34 16 
76 1
56 
46 1
44 
