30
24 8
14 2 26 15 0 9 27 28 
28 9
7 25 17 9 12 2 26 10 24 
27 9
7 26 0 24 9 12 3 16 8 
10 13
4 0 12 3 5 23 26 2 20 11 21 9 28 
26 12
23 14 20 27 28 5 24 11 21 10 15 6 
12 13
6 1 5 18 4 25 9 28 27 10 15 22 21 
9 9
24 12 10 15 16 27 28 3 13 
17 14
4 28 14 20 25 3 13 15 29 22 1 0 6 2 
21 10
18 6 0 29 10 4 26 12 20 14 
22 11
8 11 14 20 6 25 12 17 1 2 19 
15 13
3 18 9 17 4 13 11 24 14 20 29 12 26 
25 9
0 4 28 17 1 3 22 23 12 
23 7
14 7 26 1 10 4 25 
3 12
15 10 11 7 8 4 17 27 9 25 18 5 
1 10
4 0 7 2 12 17 5 25 23 22 
2 12
24 11 17 28 1 18 22 0 10 7 13 20 
20 11
6 17 22 29 15 10 0 26 2 21 7 
13 8
29 15 11 19 2 5 17 9 
7 8
2 23 28 27 1 3 8 20 
0 13
25 10 5 1 18 2 19 16 21 24 17 27 20 
29 8
8 19 20 17 13 15 21 6 
6 9
12 20 17 21 4 22 26 29 18 
5 9
11 0 10 12 14 13 26 1 3 
16 8
4 18 11 0 19 27 9 14 
14 10
23 22 15 5 26 17 24 11 21 16 
19 6
11 13 29 0 16 22 
18 9
3 21 2 12 15 0 16 8 6 
8 6
29 22 7 18 3 27 
11 12
22 14 16 5 3 13 15 10 2 19 26 4 
4 12
16 25 10 15 12 6 23 1 3 21 11 17 
