20
6 8
3 1 17 4 15 8 2 19 
19 8
12 14 11 10 9 4 6 1 
8 11
11 15 10 14 7 16 18 3 5 6 9 
15 9
17 8 6 7 13 1 18 12 11 
1 8
6 14 17 5 15 7 13 19 
4 7
6 2 19 5 3 18 10 
9 8
14 0 11 13 19 2 3 8 
10 9
16 8 3 5 19 17 12 4 11 
5 8
12 4 1 14 10 16 8 7 
7 11
13 14 17 8 2 11 1 18 5 15 0 
16 8
13 8 12 2 5 3 10 0 
14 11
0 19 7 8 1 18 5 11 12 9 17 
18 8
8 14 11 13 7 4 15 3 
3 12
6 0 10 12 2 4 17 9 18 8 16 13 
2 8
6 3 12 13 7 16 4 9 
0 7
14 3 9 12 13 7 16 
13 10
7 16 0 15 12 1 18 3 2 9 
11 9
19 8 18 9 17 7 14 15 10 
12 11
5 3 16 13 19 2 0 10 15 14 17 
17 9
6 7 11 15 10 1 3 12 14 
