50
5 9
27 39 13 36 26 15 29 47 4 
4 11
36 35 6 25 14 20 24 16 47 28 5 
29 8
14 25 22 44 16 3 5 32 
26 9
41 47 19 2 42 10 5 3 30 
36 13
47 4 43 39 5 12 42 44 46 31 9 17 41 
32 5
2 7 13 8 29 
3 14
42 26 19 2 23 17 28 16 43 12 22 1 29 15 
1 8
6 7 47 3 46 16 28 39 
39 10
8 46 37 22 36 40 7 5 1 10 
28 10
41 11 25 42 45 46 3 1 43 4 
16 16
35 25 44 42 27 3 34 23 1 22 6 4 7 37 29 45 
46 14
49 47 36 10 41 37 28 1 9 15 13 40 39 8 
41 13
28 27 49 26 46 33 6 0 37 11 24 23 36 
17 12
43 38 8 44 27 37 3 18 30 36 34 14 
42 10
3 36 28 37 19 2 26 44 16 20 
35 6
4 43 16 44 22 7 
7 14
39 14 20 35 19 6 32 16 0 9 1 24 23 10 
22 15
44 25 12 24 35 20 39 31 27 29 13 3 16 8 0 
44 15
19 35 2 33 8 16 42 25 17 22 9 36 37 29 40 
43 12
34 36 35 19 10 3 12 17 31 28 24 21 
27 8
41 13 5 34 17 23 22 16 
25 14
29 38 22 10 44 16 31 18 11 48 28 4 49 14 
12 14
31 48 47 49 3 9 22 30 43 36 23 38 13 15 
24 7
6 43 4 7 41 22 37 
20 8
8 7 31 19 4 42 23 22 
31 11
12 9 20 13 25 43 23 36 22 15 21 
13 11
19 5 27 31 32 12 40 22 23 15 46 
23 13
3 37 31 27 12 6 7 41 13 45 20 16 8 
34 8
43 45 11 16 0 9 27 17 
0 9
47 19 22 37 6 7 41 34 8 
14 6
29 7 25 4 11 17 
11 8
28 2 41 25 37 34 14 15 
9 10
34 36 8 46 44 37 31 48 7 12 
48 7
10 2 12 38 25 9 40 
37 13
38 23 41 0 39 44 16 46 42 11 24 9 17 
49 6
41 45 25 38 12 46 
15 10
5 3 12 33 8 46 13 31 30 11 
30 6
12 26 15 17 40 18 
8 14
20 32 23 2 19 22 9 0 15 10 44 17 46 39 
40 11
10 44 46 21 45 2 13 38 39 30 48 
19 11
0 7 13 20 42 26 44 8 3 6 43 
6 10
1 4 0 23 16 7 41 24 21 19 
38 9
37 17 48 33 12 40 49 47 25 
2 10
48 11 40 3 42 32 44 8 45 26 
21 4
40 43 31 6 
18 3
25 17 30 
45 8
49 16 34 40 28 10 23 2 
33 5
15 10 38 44 41 
10 12
7 48 46 33 8 47 43 26 45 25 40 39 
47 10
36 46 0 10 5 1 26 38 4 12 
