20
5 11
9 19 0 6 12 4 3 1 16 8 11 
11 9
6 10 4 14 3 1 5 19 2 
14 9
2 4 10 11 16 3 1 7 13 
13 7
8 9 18 3 0 12 14 
10 5
11 14 19 16 18 
18 3
13 15 10 
16 10
8 3 5 4 7 14 12 6 0 10 
2 8
14 7 19 3 8 9 17 11 
1 8
19 6 9 5 15 14 12 11 
3 12
16 14 17 5 12 13 7 0 11 6 2 19 
7 7
2 12 16 14 3 0 15 
15 8
6 19 17 18 1 0 4 7 
17 8
3 15 19 2 6 8 4 9 
9 5
5 1 2 13 17 
4 8
14 11 19 5 8 16 17 15 
8 8
0 4 13 16 5 2 19 17 
6 8
11 1 5 3 17 16 15 0 
19 11
2 4 10 15 17 12 8 11 1 5 3 
0 8
8 16 5 3 15 6 7 13 
12 7
19 16 3 5 1 7 13 
