20
2 5
8 11 19 5 18 
18 9
5 17 9 12 14 8 13 19 2 
10 8
12 14 5 11 15 13 19 9 
9 11
17 6 8 1 18 5 13 7 0 10 4 
4 4
12 16 17 9 
6 6
3 9 17 11 8 15 
15 7
14 13 17 10 3 1 6 
8 11
19 2 13 9 17 5 18 11 14 16 6 
19 11
8 17 7 14 12 2 0 10 18 1 5 
5 9
18 1 10 16 8 9 11 2 19 
16 8
11 14 4 0 17 5 3 8 
14 9
15 10 17 19 3 18 11 16 8 
11 11
17 6 2 12 14 10 0 16 8 3 5 
17 14
9 1 8 16 4 7 13 15 18 11 14 12 19 6 
3 6
6 14 11 15 16 7 
7 5
19 17 9 1 3 
13 6
8 15 10 9 17 18 
0 5
16 19 11 1 9 
1 8
5 19 9 17 15 0 12 7 
12 7
4 10 17 19 11 18 1 
