100
18 3
52 95 35 
35 4
39 6 18 58 
95 9
70 15 85 83 18 23 20 32 38 
52 7
30 57 19 18 66 78 92 
9 7
86 71 1 54 62 90 81 
81 6
45 5 83 6 25 9 
90 4
48 9 84 41 
62 4
57 36 28 9 
54 6
28 9 91 44 8 69 
1 6
91 71 9 19 5 42 
71 9
38 9 94 73 3 1 59 4 60 
86 4
73 67 9 37 
93 3
94 96 17 
17 7
96 23 3 60 45 93 87 
96 6
17 22 72 55 94 93 
94 20
71 48 83 74 93 72 28 67 2 73 19 79 12 13 96 22 64 98 20 85 
48 6
90 76 43 99 94 15 
15 7
19 23 95 12 84 48 28 
99 8
23 65 78 28 48 83 8 26 
43 4
48 28 87 97 
76 7
92 40 48 28 30 13 79 
80 3
59 87 63 
63 9
91 0 11 45 97 6 14 53 80 
87 6
65 22 49 43 80 17 
59 11
80 82 50 61 83 84 71 69 47 49 33 
5 3
81 60 1 
60 8
22 30 36 5 19 58 17 71 
98 3
31 28 94 
28 12
11 21 69 99 94 54 62 43 51 76 15 98 
31 6
98 46 19 67 83 75 
82 3
59 46 26 
26 4
66 99 82 88 
46 4
31 38 82 30 
42 4
33 20 6 1 
6 13
81 35 47 49 51 42 77 83 66 63 29 44 16 
20 7
85 42 19 94 40 16 95 
33 5
34 42 41 7 59 
75 5
14 37 31 30 88 
88 7
4 36 56 91 67 26 75 
30 8
52 23 76 46 77 60 75 78 
37 5
75 74 22 21 86 
14 3
75 36 63 
92 6
76 38 89 22 52 53 
78 3
99 52 30 
66 7
26 45 19 67 52 6 34 
19 11
15 31 27 66 1 52 94 55 20 60 77 
57 3
62 83 52 
36 8
62 2 88 79 12 14 60 39 
49 5
87 6 44 97 59 
97 4
85 49 43 63 
44 5
54 49 24 6 73 
41 4
10 33 90 51 
51 5
53 28 6 89 41 
10 5
72 41 11 34 68 
65 5
87 3 34 11 99 
11 7
69 83 63 10 28 74 65 
34 4
33 10 66 65 
3 7
7 71 17 56 47 65 2 
7 7
3 23 50 70 56 33 89 
89 5
2 92 29 51 7 
56 5
88 74 68 3 7 
70 5
95 40 74 7 47 
50 4
59 7 39 40 
23 10
72 15 0 7 17 99 32 95 30 68 
58 5
47 91 77 35 60 
22 8
77 87 96 37 94 60 92 85 
77 7
22 30 6 58 4 19 24 
24 3
61 44 77 
4 3
88 71 77 
85 7
97 2 20 94 38 95 22 
53 6
51 74 72 63 92 84 
38 5
71 85 46 92 95 
21 5
28 40 37 83 25 
74 8
79 53 70 56 94 11 37 8 
2 7
25 36 89 84 94 3 85 
61 4
24 59 0 29 
13 5
47 94 16 76 69 
69 7
28 72 54 11 59 8 13 
16 3
13 20 6 
47 6
58 6 13 3 59 70 
8 6
67 69 54 99 83 74 
79 7
0 74 67 36 83 76 94 
0 4
79 23 61 63 
40 8
55 32 70 39 20 21 76 50 
39 4
35 40 50 36 
32 4
64 40 23 95 
55 3
40 96 19 
45 5
81 66 68 63 17 
72 8
10 91 23 94 68 69 53 96 
91 9
1 83 29 63 12 88 54 72 58 
25 4
67 2 81 21 
83 13
99 94 6 59 11 21 81 31 57 95 91 8 79 
68 5
56 10 72 45 23 
84 6
27 59 15 2 90 53 
12 4
94 15 91 36 
67 8
8 25 88 79 66 94 31 86 
29 5
91 89 6 61 64 
27 3
84 64 19 
64 4
32 94 27 29 
73 4
86 94 71 44 
