50
38 13
2 5 6 14 12 25 36 49 13 41 33 31 28 
28 11
30 11 47 4 12 26 2 8 29 25 38 
33 13
41 32 46 8 44 49 15 22 24 9 31 38 1 
41 13
0 8 33 22 30 25 38 2 3 14 40 11 24 
9 8
24 37 33 1 49 45 6 39 
39 12
6 47 20 21 42 12 22 46 8 17 9 18 
6 13
38 39 20 46 8 24 2 10 15 0 5 18 9 
45 12
0 36 9 49 47 4 20 42 46 44 11 24 
18 6
12 7 13 1 39 6 
1 9
9 15 43 47 18 32 34 44 33 
13 14
43 20 14 29 40 15 18 19 23 22 38 17 46 32 
46 16
35 12 8 33 25 43 49 45 5 11 48 21 6 39 40 13 
8 15
41 36 39 20 14 33 46 28 17 23 25 2 6 19 35 
25 16
41 32 22 12 29 34 20 46 28 48 26 14 37 8 38 43 
43 9
26 23 15 25 48 1 5 46 13 
5 6
38 16 46 6 43 10 
10 11
16 19 40 34 6 32 29 49 47 3 5 
48 11
27 12 42 35 46 3 30 25 43 4 14 
49 16
35 32 10 15 29 40 4 19 45 14 26 33 44 46 38 9 
29 15
13 49 47 12 31 7 28 17 16 25 10 20 22 23 37 
40 14
44 3 49 11 13 35 26 12 0 41 27 10 46 36 
4 10
0 12 22 49 28 48 31 27 19 45 
19 13
31 10 7 13 14 2 8 16 4 49 24 37 11 
42 10
39 14 7 16 47 45 21 48 31 17 
17 16
32 36 42 22 23 7 8 39 20 34 29 13 15 2 14 37 
21 6
11 16 46 39 42 47 
47 13
28 27 45 2 1 39 34 42 29 10 23 11 21 
16 15
24 34 19 15 29 7 3 5 31 10 42 37 20 21 30 
20 14
24 17 12 0 13 29 45 16 44 8 25 6 39 23 
12 15
38 30 25 32 20 39 40 29 0 24 48 18 4 28 46 
0 13
4 12 40 20 32 6 30 36 45 35 26 41 7 
44 10
31 33 49 1 36 40 20 45 37 24 
35 13
32 26 49 46 8 48 3 36 30 23 15 0 40 
23 14
31 35 47 43 8 22 26 37 14 20 17 13 15 29 
30 12
12 16 0 32 28 48 41 7 24 37 35 3 
36 11
17 38 8 44 45 35 26 40 14 0 15 
27 7
48 15 37 47 4 40 34 
34 8
10 22 25 47 17 27 1 16 
15 14
23 6 17 27 1 16 33 13 35 36 43 2 49 11 
14 15
2 49 36 23 32 25 37 48 17 19 13 38 8 41 42 
26 11
35 24 11 43 49 28 40 23 36 25 0 
32 12
35 17 25 13 49 33 30 0 10 12 14 1 
24 13
20 9 12 6 16 33 44 30 41 26 19 2 45 
3 9
31 48 2 35 16 10 41 40 30 
7 10
42 18 19 16 30 22 11 17 29 0 
11 12
46 21 15 28 41 7 40 26 45 2 19 47 
22 14
37 31 17 7 41 33 2 39 34 4 23 25 13 29 
2 14
15 11 24 28 17 6 19 47 22 41 3 14 8 38 
31 11
19 38 23 22 29 3 42 44 16 33 4 
37 12
29 19 44 16 9 27 17 25 22 23 30 14 
