30
20 12
6 29 0 9 13 26 2 1 3 4 25 21 
21 9
27 26 25 14 20 13 24 0 10 
25 9
29 13 19 8 9 27 20 21 24 
4 7
28 8 26 29 20 14 3 
3 10
23 18 1 6 26 13 20 16 24 4 
1 5
22 5 3 20 6 
2 7
26 5 24 22 13 20 8 
26 13
4 21 9 17 12 3 18 20 22 23 10 2 19 
13 11
25 20 23 5 3 2 21 11 12 15 9 
9 12
15 22 24 20 18 5 28 27 26 19 13 25 
14 5
21 28 15 4 16 
16 7
8 12 24 22 23 3 14 
15 8
19 11 9 10 14 7 13 22 
28 8
4 6 29 14 22 23 9 17 
19 11
0 29 15 25 27 17 9 23 22 6 26 
10 8
15 17 27 11 21 6 26 7 
23 12
13 19 26 17 27 28 6 8 16 3 18 12 
22 10
16 28 9 17 26 2 19 1 18 15 
18 10
11 3 0 6 26 17 9 8 23 22 
12 7
11 6 0 16 26 13 23 
7 6
11 6 15 10 0 27 
11 8
18 12 0 15 10 6 7 13 
29 8
20 19 25 4 6 8 28 17 
17 12
8 10 0 29 18 5 23 22 6 26 19 28 
8 10
4 16 23 17 6 18 25 0 29 2 
6 15
20 12 19 23 1 3 11 18 5 8 17 28 7 10 29 
0 10
19 12 8 20 17 18 7 21 11 24 
24 7
9 2 16 21 25 3 0 
5 6
6 13 2 1 17 9 
27 7
21 23 10 19 9 25 7 
