50
20 13
12 14 6 48 10 0 13 3 1 30 22 45 35 
35 16
17 20 34 39 30 25 38 23 6 16 26 2 49 48 11 18 
22 14
20 48 23 32 30 13 40 15 8 38 47 16 44 19 
1 13
21 3 42 36 45 49 4 47 33 39 14 20 7 
13 14
17 27 18 5 22 36 39 40 20 32 49 26 38 8 
17 12
35 4 43 32 46 33 30 25 5 42 40 13 
27 7
37 21 30 44 46 13 34 
18 12
45 35 2 26 6 29 10 31 21 24 37 13 
39 12
1 30 35 2 6 32 25 13 0 15 14 8 
40 7
13 45 48 17 22 25 6 
43 11
16 17 38 47 14 36 23 29 15 32 11 
11 9
34 10 9 48 37 19 35 26 43 
32 13
46 13 17 31 14 39 36 30 22 0 29 49 43 
15 11
10 5 22 30 31 9 48 39 44 12 43 
29 8
31 18 46 33 45 23 43 32 
23 9
29 41 35 36 22 9 28 48 43 
36 14
10 46 43 4 47 32 25 38 2 26 13 23 1 9 
14 14
20 39 44 42 12 16 3 43 31 0 1 9 26 32 
47 12
38 6 28 31 37 41 36 22 43 0 5 1 
8 9
22 13 7 9 28 25 0 5 39 
5 11
21 15 2 38 47 48 17 13 41 8 12 
0 14
42 12 47 39 21 20 32 25 38 8 33 14 26 7 
25 14
31 36 0 4 40 39 49 2 35 7 17 38 8 16 
4 10
17 36 6 25 38 46 16 10 24 1 
24 8
26 38 33 16 46 4 18 7 
10 11
15 20 11 28 26 2 12 18 41 4 36 
16 16
43 12 7 38 25 19 35 45 48 4 2 49 21 24 14 22 
38 20
13 34 5 24 3 16 44 43 36 7 30 25 4 22 9 0 6 2 47 35 
31 13
25 28 48 29 15 47 34 14 32 3 18 19 7 
7 12
30 0 16 8 26 34 21 24 38 25 1 31 
19 14
21 31 11 48 30 9 22 44 3 16 33 49 37 26 
44 11
22 41 28 27 38 15 6 19 45 49 14 
30 14
35 38 33 32 27 45 19 15 34 39 20 22 17 7 
9 11
8 28 21 11 14 15 36 23 38 19 12 
6 13
47 4 35 3 18 38 41 20 39 40 44 33 48 
2 14
3 16 26 35 25 38 39 41 10 36 5 18 28 49 
46 9
29 4 32 24 33 48 17 27 36 
33 11
34 24 0 29 46 28 17 19 1 6 30 
49 10
32 42 13 2 35 19 25 1 16 44 
45 13
12 29 26 18 3 1 20 40 30 16 44 37 21 
42 7
49 1 3 17 14 0 26 
26 19
36 12 24 0 13 14 37 2 45 19 35 3 11 18 28 7 42 41 10 
3 11
6 38 31 20 14 1 2 45 26 19 42 
48 16
46 34 35 23 22 6 19 16 5 40 15 11 20 21 12 31 
37 9
27 34 47 21 11 45 26 19 18 
21 13
0 37 7 12 48 9 27 5 1 18 16 19 45 
12 14
5 28 48 15 41 10 9 0 20 21 45 14 26 16 
34 11
33 11 37 38 30 7 35 31 48 28 27 
41 9
44 47 23 5 26 2 10 6 12 
28 12
47 31 9 10 44 8 33 12 23 34 2 26 
