50
29 1
19 
19 2
5 29 
35 1
27 
27 2
20 35 
20 3
10 0 27 
13 1
28 
28 6
30 33 11 12 34 13 
46 1
41 
41 2
8 46 
5 4
25 8 15 19 
38 1
31 
31 6
2 3 7 49 24 38 
0 1
20 
10 5
40 20 44 32 4 
4 1
10 
18 1
25 
25 4
23 5 18 1 
43 1
39 
39 2
30 43 
15 1
5 
16 1
22 
22 3
48 36 16 
47 2
34 17 
17 1
47 
34 2
28 47 
24 1
31 
1 1
25 
36 1
22 
8 2
5 41 
23 2
48 25 
2 3
30 45 31 
45 1
2 
30 4
28 39 2 37 
37 2
30 26 
26 3
48 37 42 
32 1
10 
42 1
26 
11 3
28 48 14 
14 1
11 
48 5
26 11 21 23 22 
21 1
48 
33 1
28 
9 1
40 
40 4
12 10 9 6 
12 2
28 40 
49 1
31 
7 1
31 
3 1
31 
6 1
40 
44 1
10 
