100
17 2
43 53 
53 6
12 76 30 64 61 17 
60 3
99 49 86 
86 3
15 18 60 
64 2
53 75 
75 4
61 52 29 64 
2 2
34 22 
22 3
52 0 2 
77 1
80 
80 10
13 89 51 49 27 23 45 26 87 77 
40 1
34 
34 8
32 97 2 87 36 23 1 40 
71 2
76 59 
59 6
18 4 49 11 24 71 
72 1
85 
85 6
10 51 55 99 72 20 
79 1
88 
88 7
16 76 12 79 3 67 81 
56 3
52 42 62 
62 3
9 46 56 
42 3
36 16 56 
29 3
24 97 75 
24 5
29 46 69 59 89 
89 3
80 8 24 
52 7
16 22 13 11 75 56 81 
81 2
88 52 
39 3
55 99 82 
82 3
45 83 39 
16 7
45 52 88 95 51 33 42 
91 3
65 94 43 
43 5
97 17 18 0 91 
94 6
98 90 45 67 0 91 
48 4
49 33 38 61 
61 7
10 45 73 30 53 75 48 
98 2
94 96 
96 3
23 54 98 
5 2
66 90 
90 4
94 27 97 5 
99 6
0 67 60 39 13 85 
97 5
26 43 34 90 29 
83 2
11 82 
35 3
8 78 3 
3 4
49 0 88 35 
8 5
20 23 35 45 89 
45 8
80 27 16 8 61 15 94 82 
78 6
35 4 11 21 28 66 
66 3
5 41 78 
28 3
1 15 78 
21 2
15 78 
11 7
83 51 76 52 59 78 13 
4 6
41 59 37 78 76 46 
36 4
42 27 34 92 
92 1
36 
27 8
32 10 68 45 80 36 90 47 
0 9
46 44 43 99 94 3 38 50 22 
50 4
41 54 55 0 
38 6
48 14 1 68 0 6 
47 1
27 
54 3
50 87 96 
23 7
80 7 34 14 76 8 96 
67 7
88 63 10 99 94 18 31 
15 6
86 21 28 10 19 45 
31 4
51 67 63 70 
18 7
59 9 26 67 43 86 32 
10 7
85 27 30 61 15 67 1 
63 3
31 30 67 
49 6
60 48 80 3 59 69 
46 4
24 0 62 4 
37 4
4 58 9 93 
93 2
1 37 
9 3
62 18 37 
58 4
12 44 84 37 
14 4
38 69 51 23 
1 5
93 28 38 10 34 
26 7
18 25 6 41 80 97 19 
19 4
15 74 26 84 
68 3
27 41 38 
41 5
50 26 66 68 4 
51 6
11 80 14 16 31 85 
55 4
39 85 50 13 
13 6
80 52 11 74 99 55 
32 3
34 27 18 
33 2
48 16 
95 1
16 
6 3
76 26 38 
30 5
53 61 10 63 65 
73 2
61 25 
87 3
34 54 80 
69 3
14 24 49 
7 1
23 
65 2
91 30 
25 2
26 73 
12 4
53 58 88 57 
76 7
6 11 71 53 4 23 88 
84 2
58 19 
70 1
31 
57 1
12 
74 2
19 13 
44 3
0 58 20 
20 3
85 8 44 
