50
19 2
20 17 
17 9
8 49 11 24 3 18 1 42 19 
29 2
4 43 
43 5
27 48 13 25 29 
22 1
16 
16 3
39 20 22 
38 1
7 
7 5
18 4 6 9 38 
48 1
43 
28 1
44 
44 3
8 5 28 
41 1
46 
46 2
18 41 
25 1
43 
2 1
37 
37 4
0 8 14 2 
47 1
8 
8 7
44 15 17 20 37 32 47 
20 4
8 16 19 35 
10 3
4 11 14 
14 3
37 10 23 
9 1
7 
6 1
7 
4 5
10 29 45 7 31 
18 5
7 3 17 46 39 
35 1
20 
23 2
36 14 
21 2
15 45 
45 5
21 36 26 4 12 
15 2
21 8 
31 2
4 40 
1 1
17 
36 2
23 45 
13 1
43 
27 2
11 43 
11 3
10 17 27 
49 4
17 5 33 30 
30 1
49 
33 2
49 0 
5 2
49 44 
42 1
17 
32 1
8 
26 2
0 45 
34 1
3 
3 3
18 17 34 
39 2
16 18 
0 3
37 26 33 
24 1
17 
40 1
31 
12 1
45 
