100
80 2
27 16 
16 4
15 63 68 80 
51 1
98 
98 2
2 51 
60 2
45 24 
24 4
58 41 52 60 
26 2
1 91 
91 4
0 45 26 77 
21 1
3 
3 2
72 21 
34 2
61 87 
87 3
30 38 34 
39 1
6 
6 2
48 39 
15 2
16 46 
46 4
66 41 9 15 
89 1
48 
48 10
27 63 50 69 81 66 1 6 71 89 
52 5
44 72 11 24 40 
14 1
69 
69 4
12 48 99 14 
77 1
91 
97 1
54 
54 3
67 97 65 
78 2
79 47 
47 4
62 33 78 35 
79 2
11 78 
20 1
62 
62 6
63 47 66 92 20 28 
86 2
67 31 
31 1
86 
67 3
66 54 86 
42 1
93 
93 3
50 49 42 
36 1
40 
40 4
52 36 83 90 
1 3
73 26 48 
76 1
92 
92 3
62 10 76 
45 4
60 55 91 33 
2 2
64 98 
29 1
53 
53 3
66 29 44 
99 1
69 
10 2
92 27 
71 3
48 85 70 
70 1
71 
85 3
71 32 57 
65 1
54 
7 2
5 59 
59 1
7 
5 4
81 7 4 22 
44 2
52 53 
27 3
80 48 10 
33 2
47 45 
25 2
66 37 
37 1
25 
66 7
48 62 25 46 58 53 67 
64 3
8 56 2 
22 1
5 
57 2
58 85 
32 2
85 74 
23 2
63 95 
95 1
23 
63 9
48 8 16 96 11 62 38 55 23 
61 2
34 96 
96 3
41 63 61 
38 2
63 87 
4 1
5 
81 3
48 84 5 
88 1
50 
50 5
58 48 19 93 88 
9 1
46 
41 3
24 96 46 
72 3
52 58 3 
28 1
62 
55 3
63 45 17 
17 2
55 82 
11 4
63 0 79 52 
8 2
63 64 
35 1
47 
83 1
40 
90 2
40 13 
13 1
90 
0 3
91 11 12 
58 6
57 24 66 94 50 72 
94 1
58 
30 2
87 82 
82 2
17 30 
84 2
81 73 
73 3
19 1 84 
56 3
64 75 18 
19 2
73 50 
49 1
93 
12 2
69 0 
75 1
56 
68 1
16 
74 2
32 43 
18 1
56 
43 1
74 
