50
37 3
16 40 25 
25 8
35 41 5 27 4 6 24 37 
24 5
33 25 38 22 9 
9 2
26 24 
38 6
12 24 0 10 15 43 
43 6
27 33 29 7 11 38 
23 3
27 20 4 
4 8
11 15 44 7 48 25 36 23 
21 1
30 
30 6
17 44 16 29 22 21 
31 4
16 33 22 36 
36 3
4 22 31 
33 8
43 24 18 2 17 31 10 0 
0 5
38 29 10 33 14 
2 5
7 10 49 35 33 
1 8
8 26 45 3 5 6 32 17 
17 8
33 8 19 7 13 22 30 1 
32 1
1 
6 5
47 25 5 1 28 
18 3
19 33 8 
8 5
17 35 1 18 42 
48 5
35 27 47 4 5 
5 7
45 6 29 1 40 25 48 
26 3
1 15 9 
42 2
3 8 
35 9
48 25 39 20 44 8 2 10 11 
15 6
4 34 39 38 29 26 
28 4
47 10 29 6 
41 4
25 39 44 45 
45 3
5 1 41 
44 6
4 16 30 35 41 20 
40 7
13 37 12 16 29 5 49 
20 6
34 27 23 44 35 19 
19 5
18 17 14 20 34 
14 3
19 12 0 
49 2
2 40 
29 8
5 43 28 30 40 0 15 12 
12 5
38 47 14 40 29 
13 3
40 17 10 
10 9
28 33 47 0 38 2 35 13 3 
27 6
23 20 48 25 43 47 
47 6
6 10 12 48 28 27 
11 4
22 35 4 43 
46 2
39 16 
16 7
37 7 31 40 30 44 46 
3 3
1 42 10 
7 6
2 17 16 43 4 22 
22 8
11 24 31 17 36 30 7 39 
39 5
35 15 46 41 22 
34 3
15 20 19 
