20
12 9
8 17 9 2 18 4 0 10 14 
14 8
5 8 10 15 4 6 7 12 
10 9
14 11 17 13 7 19 5 18 12 
4 7
19 13 11 12 14 5 16 
5 11
7 14 19 6 18 3 17 11 10 0 4 
0 8
12 2 19 7 13 15 3 5 
11 9
17 7 6 4 10 2 19 5 8 
17 11
11 12 8 16 19 3 1 5 10 15 6 
18 8
16 12 13 7 10 5 3 1 
19 8
4 17 16 5 3 0 10 11 
7 11
11 2 15 0 10 5 1 18 8 14 9 
13 4
4 18 10 0 
15 7
7 8 14 6 17 0 2 
2 9
8 16 12 7 9 11 0 15 3 
6 8
16 11 5 3 15 14 9 17 
1 3
17 7 18 
8 9
2 16 15 14 12 11 7 17 9 
3 8
16 17 0 18 5 19 2 6 
9 5
6 12 2 7 8 
16 8
18 3 8 17 6 2 19 4 
