50
22 4
40 41 9 46 
46 8
43 18 11 27 28 22 20 14 
4 2
43 27 
27 5
46 25 39 26 4 
33 3
14 35 24 
24 4
10 3 11 33 
16 2
25 11 
11 5
7 29 24 46 16 
47 2
41 43 
43 6
46 8 23 4 47 1 
31 3
15 30 48 
48 9
49 36 5 3 38 29 26 13 31 
37 3
40 36 3 
3 5
38 48 24 37 12 
19 2
17 28 
28 6
5 7 42 36 46 19 
2 1
0 
0 5
42 29 10 44 2 
25 4
27 16 13 7 
7 6
13 28 11 36 38 25 
8 3
43 26 30 
30 3
31 41 8 
10 2
24 0 
36 8
40 37 48 28 35 23 41 7 
12 1
3 
44 3
23 15 0 
20 5
34 39 46 41 35 
35 3
33 36 20 
13 3
7 25 48 
26 7
8 23 9 48 27 49 42 
29 4
1 48 11 0 
38 5
3 15 48 7 41 
5 5
40 28 48 15 21 
18 4
46 42 49 6 
6 1
18 
49 4
48 26 18 39 
15 5
31 45 38 44 5 
41 6
47 20 38 22 36 30 
21 2
5 32 
32 4
17 21 45 34 
23 4
44 26 36 43 
1 2
29 43 
14 2
33 46 
42 5
0 18 28 9 26 
34 3
20 32 9 
45 3
17 15 32 
39 3
20 27 49 
40 5
37 22 36 5 9 
9 6
42 22 26 34 40 17 
17 4
32 19 45 9 
