50
4 7
18 16 22 40 14 39 34 
34 9
39 44 38 1 32 49 43 4 21 
5 7
10 11 9 16 38 22 19 
19 7
42 7 30 9 29 44 5 
48 3
9 45 20 
20 8
39 45 26 15 12 30 37 48 
44 11
13 34 46 33 30 42 37 27 2 26 19 
38 6
26 5 34 28 25 10 
10 8
42 17 24 5 1 38 7 41 
46 9
29 43 47 8 44 40 7 13 45 
45 7
39 20 25 48 2 8 46 
33 7
49 47 27 24 11 44 7 
7 13
22 25 15 10 19 42 47 49 6 3 46 8 33 
23 8
25 27 8 11 43 41 13 12 
12 12
49 1 27 20 24 37 6 32 22 30 36 23 
13 7
24 27 39 44 46 16 23 
21 4
49 40 34 25 
25 7
16 23 7 45 38 42 21 
9 9
16 42 32 19 1 5 18 48 31 
31 9
22 18 1 6 40 17 28 9 26 
8 8
45 46 32 23 39 27 7 0 
0 2
37 8 
47 8
1 18 7 33 46 35 2 30 
30 9
12 2 19 40 20 3 44 37 47 
16 10
25 4 26 2 9 17 14 13 5 3 
3 5
1 17 30 16 7 
14 7
2 32 28 4 49 16 22 
17 9
31 10 3 49 36 6 16 2 35 
41 4
11 36 23 10 
28 5
18 37 14 38 31 
26 8
38 20 40 16 44 15 42 31 
40 7
30 26 21 4 15 46 31 
6 10
36 12 35 49 43 7 32 31 17 24 
37 10
28 12 32 0 39 20 36 30 11 44 
11 9
27 41 18 5 43 33 23 22 37 
32 8
8 12 9 14 34 37 15 6 
36 8
6 41 18 17 12 15 37 24 
24 8
27 42 12 13 33 10 6 36 
1 10
47 22 12 3 2 35 9 31 34 10 
22 9
7 4 12 1 5 27 31 11 14 
15 7
7 36 20 40 32 26 2 
2 10
30 1 17 14 44 16 47 49 15 45 
35 7
6 47 43 1 27 17 29 
29 4
46 43 19 35 
42 11
24 10 19 26 9 7 44 25 49 43 18 
18 10
11 47 4 49 36 28 31 9 42 39 
43 8
29 46 35 6 11 23 34 42 
49 12
21 33 6 12 42 18 27 17 7 2 14 34 
39 8
45 34 20 4 8 37 13 18 
27 11
24 11 23 22 49 12 35 13 33 8 44 
