20
6 13
14 13 5 3 1 17 4 10 15 16 8 2 19 
19 11
2 13 12 14 11 10 9 4 6 5 1 
8 13
11 15 10 14 13 7 16 18 3 5 6 17 9 
15 13
2 0 10 17 8 6 7 13 3 1 18 12 11 
1 11
16 12 6 14 17 5 0 15 7 13 19 
4 9
7 9 6 2 19 5 3 18 10 
9 10
4 14 0 11 13 19 2 3 16 8 
10 13
6 7 15 16 8 18 3 5 19 17 12 4 11 
5 12
6 19 11 12 4 3 1 14 10 16 8 7 
7 14
4 10 5 0 1 3 18 11 2 8 17 14 15 13 
16 13
6 11 9 17 13 8 12 2 1 5 3 10 0 
14 13
6 0 19 7 8 3 1 18 5 11 12 9 17 
18 10
17 8 14 11 13 7 4 10 15 3 
3 16
14 5 16 8 18 7 17 4 2 12 10 9 0 13 15 6 
2 11
19 0 15 6 3 12 13 7 16 4 9 
0 10
15 2 14 1 3 9 12 13 7 16 
13 13
6 7 8 16 0 15 12 1 18 3 19 2 9 
11 11
19 16 8 5 18 9 17 7 14 15 10 
12 12
1 5 3 16 13 19 2 0 10 15 14 17 
17 12
8 16 6 7 11 15 10 18 1 3 12 14 
