30
27 6
9 21 12 5 13 7 
7 6
13 4 19 18 24 27 
5 10
11 4 2 26 16 10 23 28 27 12 
12 11
22 13 9 27 21 8 0 29 15 10 5 
16 8
11 26 5 8 28 17 22 14 
14 7
4 10 8 16 1 3 11 
22 13
12 23 10 0 4 24 21 28 9 20 19 26 16 
17 10
25 16 11 24 2 19 15 13 23 3 
28 5
5 22 16 8 2 
8 8
1 18 16 21 12 14 23 28 
26 10
13 5 16 21 25 0 10 22 23 9 
9 9
12 27 3 23 22 10 0 2 26 
23 11
25 22 9 17 3 5 24 4 8 26 19 
10 10
13 14 5 9 22 24 11 26 6 12 
25 7
17 23 13 19 26 6 0 
21 12
24 27 1 12 22 19 26 2 8 20 15 29 
11 8
16 5 18 17 24 10 20 14 
3 7
13 23 6 15 9 17 14 
1 8
8 4 2 21 29 18 20 14 
20 9
0 19 13 22 24 11 21 1 6 
6 5
3 19 25 10 20 
13 14
3 15 29 0 10 27 24 20 25 26 2 17 7 12 
19 10
25 21 0 20 4 7 17 6 22 23 
4 10
14 18 1 5 7 0 24 22 23 19 
24 14
23 22 10 2 18 11 4 17 7 15 29 13 21 20 
0 12
12 13 20 4 9 29 15 22 26 19 2 25 
29 7
12 13 0 18 1 24 21 
18 7
4 8 29 11 24 7 1 
15 7
3 17 21 24 0 12 13 
2 9
13 5 1 21 24 9 17 28 0 
