30
14 7
16 1 3 21 17 2 26 
26 13
22 24 20 14 17 2 19 16 15 29 0 10 3 
2 9
12 9 7 26 16 8 14 6 0 
17 6
13 15 14 20 26 25 
20 9
6 23 12 26 27 17 10 29 21 
21 8
8 16 0 27 4 14 20 22 
29 10
26 8 16 9 28 27 18 10 20 7 
27 15
1 12 6 5 11 18 21 20 3 16 29 10 28 7 4 
24 7
26 10 3 1 5 4 8 
8 13
1 12 4 15 10 29 25 22 9 2 21 24 16 
4 11
13 27 9 19 8 16 11 24 21 0 10 
5 12
16 12 6 28 27 9 15 19 11 24 3 18 
1 14
19 13 15 24 23 7 28 22 9 10 27 8 25 14 
10 12
8 20 25 9 27 24 26 19 23 1 29 4 
16 16
21 2 8 23 0 13 29 25 19 27 7 28 4 5 26 14 
23 6
20 1 10 11 6 16 
13 9
1 4 25 15 0 16 17 28 9 
0 10
18 6 4 15 13 21 26 2 28 16 
25 11
11 1 6 13 15 10 16 8 17 12 19 
19 14
25 26 6 10 16 4 5 18 1 22 9 7 28 12 
28 11
19 13 22 3 1 5 11 16 0 29 27 
9 10
19 2 4 8 1 5 10 29 15 13 
15 11
26 12 8 25 13 0 3 1 5 17 9 
7 7
16 27 19 2 12 29 1 
22 7
26 19 6 1 28 8 21 
6 11
0 20 11 25 18 5 27 19 2 22 23 
11 8
25 5 4 6 28 27 23 12 
3 7
24 14 15 28 27 26 5 
18 6
27 6 19 0 29 5 
12 10
27 15 8 2 19 20 5 25 7 11 
