100
78 1
54 
54 5
10 4 89 78 20 
23 2
63 93 
93 7
80 30 95 23 3 28 31 
75 2
76 82 
82 3
2 84 75 
53 5
52 71 1 50 25 
25 3
5 17 53 
12 3
59 46 64 
64 7
32 27 30 88 14 15 12 
4 2
54 89 
89 5
70 94 54 35 4 
72 3
8 18 84 
84 5
40 76 0 82 72 
28 2
93 8 
8 4
72 66 49 28 
0 2
84 15 
15 3
64 9 0 
34 1
35 
35 3
22 89 34 
21 2
38 3 
3 2
93 21 
26 3
49 67 95 
95 7
92 58 97 93 26 9 48 
68 1
80 
80 5
93 98 17 44 68 
2 2
5 82 
39 1
44 
44 3
80 6 39 
9 2
95 15 
87 2
66 41 
41 4
57 92 37 87 
16 2
24 30 
30 6
93 92 42 64 61 16 
32 4
52 77 64 51 
51 2
50 32 
13 3
19 52 36 
36 2
60 13 
74 2
1 10 
10 4
54 85 74 45 
45 2
81 10 
31 1
93 
57 2
41 19 
19 3
13 7 57 
17 3
80 24 25 
18 3
72 71 76 
76 3
75 84 18 
71 7
53 42 85 52 56 38 18 
60 3
29 36 65 
20 1
54 
86 4
81 1 37 43 
43 1
86 
37 3
86 62 41 
1 4
74 98 53 86 
5 3
25 85 2 
85 5
59 71 83 5 10 
14 4
62 64 83 46 
46 2
12 14 
83 5
65 85 58 49 14 
91 1
52 
52 5
53 32 13 71 91 
70 2
89 24 
24 3
16 17 70 
66 3
87 92 8 
92 5
41 95 30 66 98 
88 3
55 64 50 
6 2
44 59 
59 3
12 85 6 
33 1
98 
98 5
92 1 33 7 80 
49 5
22 83 26 8 99 
69 2
22 11 
11 2
58 69 
81 4
45 55 86 62 
62 4
42 14 37 81 
7 3
98 90 19 
48 1
95 
97 4
95 79 94 27 
58 5
83 95 77 11 40 
94 3
55 97 89 
40 3
84 58 63 
63 2
23 40 
38 2
21 71 
56 2
96 71 
42 3
62 30 71 
61 2
30 67 
77 7
58 47 32 55 29 22 96 
65 2
83 60 
90 1
7 
96 2
56 77 
22 4
49 35 69 77 
29 2
77 60 
55 4
81 88 94 77 
47 1
77 
99 1
49 
27 2
64 97 
79 1
97 
67 2
26 61 
50 4
88 73 53 51 
73 1
50 
