100
91 2
60 23 
23 4
1 4 47 91 
14 2
7 51 
51 5
70 97 7 11 14 
82 3
54 49 2 
2 4
33 46 85 82 
49 4
19 15 82 1 
1 5
44 54 23 81 49 
87 3
76 71 20 
20 2
15 87 
25 1
27 
27 4
13 4 46 25 
47 6
58 92 98 33 16 23 
39 2
28 41 
41 5
11 30 69 93 39 
61 4
71 5 81 16 
16 2
47 61 
38 1
46 
46 6
70 2 77 42 38 27 
5 4
15 56 61 72 
72 5
43 89 35 66 5 
88 1
13 
13 8
21 55 48 27 79 26 81 88 
53 2
71 19 
19 5
56 42 26 49 53 
63 2
95 62 
62 7
81 37 58 85 65 52 63 
68 3
29 94 9 
9 6
0 64 43 42 54 68 
34 5
52 29 42 71 18 
18 5
50 26 44 90 34 
86 2
76 96 
96 3
79 32 86 
15 5
5 89 49 32 20 
40 2
67 81 
81 9
69 48 62 61 13 99 70 40 1 
73 3
83 7 17 
17 4
7 79 28 73 
75 2
59 44 
44 7
89 37 1 18 97 35 75 
77 2
46 64 
64 6
66 71 9 80 36 77 
48 3
13 81 79 
79 8
96 76 80 13 57 95 17 48 
54 4
82 1 21 9 
36 3
52 33 64 
33 3
2 47 36 
52 4
34 92 36 62 
78 2
97 90 
90 3
3 18 78 
97 12
83 44 31 89 78 0 32 6 26 51 4 42 
59 2
75 66 
66 8
99 83 72 64 43 69 37 59 
50 2
18 95 
95 7
35 79 60 50 63 56 29 
67 3
40 8 76 
76 6
87 86 26 67 79 65 
24 2
69 7 
7 6
17 73 14 32 51 24 
28 4
39 83 17 84 
84 2
98 28 
83 10
98 73 97 31 85 28 71 3 66 12 
93 2
32 41 
85 3
62 83 2 
56 4
55 19 5 95 
80 2
64 79 
10 4
60 4 8 74 
74 4
65 37 3 10 
35 4
95 72 44 94 
37 4
66 62 74 44 
89 6
15 72 11 31 97 44 
29 4
68 60 34 95 
99 4
66 57 6 81 
12 1
83 
32 6
71 7 97 93 15 96 
45 1
92 
92 4
26 45 52 47 
57 4
79 99 71 11 
11 6
41 21 89 51 30 57 
31 4
4 89 97 83 
42 7
34 19 97 46 9 65 22 
4 5
23 10 31 27 97 
26 7
13 18 97 19 92 76 58 
6 3
99 97 21 
0 2
9 97 
21 4
11 13 54 6 
58 3
62 47 26 
22 1
42 
98 3
83 84 47 
71 8
57 61 64 53 32 87 34 83 
3 4
90 83 74 8 
65 4
62 74 42 76 
69 4
41 81 24 66 
60 5
10 91 29 95 55 
70 3
46 51 81 
43 3
72 9 66 
55 3
56 13 60 
8 3
67 10 3 
94 2
68 35 
30 2
41 11 
