20
14 10
6 12 18 3 1 4 2 11 10 0 
0 13
12 4 5 18 3 13 7 16 8 19 14 9 17 
11 13
6 4 2 16 8 1 18 3 9 17 10 15 14 
2 12
10 9 19 11 8 4 13 7 14 1 18 3 
4 16
12 11 17 7 13 2 8 16 3 5 10 14 19 6 0 9 
1 13
6 9 3 18 5 8 11 14 7 15 10 2 19 
10 15
2 7 17 11 8 12 9 1 5 3 4 14 19 13 15 
9 12
11 16 2 4 1 5 3 12 0 15 10 6 
8 11
11 4 2 17 7 15 10 0 1 18 6 
12 12
7 4 16 14 9 18 5 3 0 10 19 6 
5 12
12 4 13 9 16 3 1 18 0 15 10 19 
13 10
16 4 2 0 10 15 7 18 5 3 
6 11
11 18 1 14 4 7 12 9 15 16 8 
18 11
6 14 12 7 13 0 1 5 11 8 2 
15 9
10 8 1 5 11 9 6 7 13 
7 14
10 4 2 19 6 3 18 8 1 0 13 15 17 12 
17 9
4 7 19 11 16 8 3 10 0 
19 11
4 2 17 10 0 7 12 3 5 1 16 
16 11
13 11 12 0 3 5 6 9 17 4 19 
3 15
5 2 19 17 7 13 4 11 12 1 9 0 10 14 16 
