30
24 10
7 25 16 18 3 17 27 11 21 19 
19 11
28 9 0 15 12 8 11 24 18 5 1 
21 9
20 14 28 13 18 3 26 2 24 
11 10
14 2 19 23 4 12 24 13 18 3 
27 6
3 6 7 13 24 2 
28 8
3 19 2 23 6 21 16 10 
10 4
2 14 17 28 
16 13
24 6 4 18 5 3 14 22 23 8 28 15 0 
9 8
3 4 14 17 19 26 2 13 
13 7
11 21 27 9 14 20 29 
2 10
26 7 15 10 11 21 23 28 27 9 
26 10
2 21 7 25 17 9 1 3 0 29 
17 7
14 24 26 0 10 15 9 
14 11
18 21 11 10 20 17 9 7 13 16 4 
1 6
25 22 3 20 26 19 
20 7
21 0 15 14 18 1 13 
22 8
23 6 8 16 7 1 5 18 
18 8
19 20 14 16 11 24 21 22 
5 5
4 19 16 8 22 
7 11
14 24 27 2 26 8 6 3 23 22 12 
6 8
16 25 27 28 22 7 0 15 
15 8
20 29 2 19 16 8 17 6 
0 8
17 25 26 19 6 20 12 16 
12 5
11 0 19 3 7 
3 11
9 28 27 1 7 12 26 24 21 11 16 
29 4
15 13 26 25 
25 7
1 24 8 6 26 0 29 
8 8
23 22 25 5 7 16 19 15 
4 5
5 11 9 16 14 
23 7
22 11 28 7 2 8 16 
