20
12 6
16 7 17 4 10 0 
0 5
10 4 14 2 12 
4 16
5 8 12 14 16 3 18 0 1 9 7 17 13 15 6 19 
17 12
2 6 9 13 4 12 8 16 18 3 5 14 
3 13
6 16 11 2 19 10 15 1 18 7 13 17 4 
13 10
6 2 7 17 11 1 18 3 4 16 
16 12
8 12 4 19 2 3 1 5 7 13 9 17 
7 11
9 18 3 12 13 2 19 16 15 10 4 
5 8
15 4 2 19 6 16 1 17 
2 11
19 17 5 3 14 10 0 15 13 7 16 
19 8
2 4 10 18 3 5 16 7 
1 12
6 13 8 16 14 11 4 3 18 5 10 15 
10 10
0 8 12 2 19 6 7 3 1 11 
11 8
14 18 3 1 13 15 10 6 
6 12
4 13 8 17 9 1 3 5 15 10 14 11 
14 10
8 2 15 0 11 6 1 18 17 4 
8 9
14 16 6 17 15 10 1 18 4 
18 11
19 11 7 13 8 3 1 14 4 17 9 
15 10
6 8 14 7 11 4 2 5 3 1 
9 6
7 16 17 6 4 18 
