50
19 1
36 
36 2
24 19 
43 1
16 
16 2
7 43 
20 1
35 
35 2
17 20 
46 1
22 
22 2
15 46 
48 1
15 
15 7
29 45 26 4 18 22 48 
47 1
45 
45 4
15 1 2 47 
7 2
30 16 
26 1
15 
32 1
34 
34 2
18 32 
9 2
13 6 
6 3
30 9 21 
5 2
29 10 
10 1
5 
29 6
24 11 15 31 49 5 
8 2
33 44 
44 1
8 
33 2
1 8 
37 1
14 
14 3
24 37 41 
18 3
15 34 23 
23 1
18 
1 4
45 42 39 33 
39 2
1 38 
42 2
1 27 
24 6
29 36 30 14 12 13 
25 1
49 
49 2
29 25 
2 2
45 3 
3 1
2 
4 1
15 
31 2
29 28 
28 1
31 
11 1
29 
13 2
9 24 
12 2
24 17 
30 3
24 6 7 
27 1
42 
41 2
14 40 
40 1
41 
17 2
12 35 
38 2
39 0 
0 1
38 
21 1
6 
