50
18 11
42 35 16 23 15 17 48 28 21 3 5 
5 7
42 13 19 18 40 20 39 
21 8
32 36 12 45 16 4 47 18 
28 11
12 42 22 14 1 18 33 16 43 48 41 
48 13
30 11 10 18 27 28 35 19 47 49 46 7 41 
15 10
26 4 49 46 16 0 29 17 18 1 
37 5
24 12 20 14 1 
1 13
32 8 33 14 39 20 31 28 0 15 11 37 24 
14 8
1 28 37 45 19 0 43 23 
12 9
28 34 35 19 45 46 21 37 11 
34 10
24 20 27 2 12 25 44 46 13 23 
23 9
42 17 38 18 29 0 2 14 34 
13 12
31 9 26 5 20 34 22 30 36 32 43 4 
43 11
13 0 29 6 38 49 33 46 28 14 35 
0 17
15 43 39 20 42 14 4 2 16 6 32 31 17 24 23 1 22 
19 15
45 26 14 39 16 33 48 4 5 9 22 2 6 7 12 
45 10
19 26 12 11 21 20 14 49 47 16 
8 8
38 32 1 47 44 30 27 41 
41 13
3 25 11 6 48 28 31 17 16 44 8 36 47 
27 10
29 34 42 44 8 7 48 9 49 4 
30 8
48 4 13 42 38 16 8 2 
49 12
36 33 39 45 26 43 4 9 27 48 15 29 
29 8
42 23 27 10 15 43 4 49 
4 13
21 30 19 15 29 0 49 40 13 31 27 16 33 
26 10
13 15 46 44 11 49 47 19 45 2 
42 11
7 23 30 47 18 5 3 28 27 29 0 
3 9
18 2 41 7 11 46 25 42 20 
20 13
10 0 13 37 34 39 6 16 45 2 5 1 3 
2 14
26 19 20 39 34 10 9 0 32 30 23 33 3 16 
16 16
30 41 28 47 4 45 2 22 9 0 15 20 21 19 6 18 
6 10
43 31 16 19 41 40 20 0 38 25 
47 12
32 42 9 48 24 21 45 26 46 8 16 41 
35 7
12 18 11 39 48 43 7 
32 10
21 8 1 47 25 22 13 2 0 9 
36 6
33 21 49 40 13 41 
17 11
23 18 25 38 44 46 40 0 10 15 41 
33 11
10 1 44 19 2 36 22 28 49 43 4 
40 7
5 36 22 6 17 4 44 
31 7
1 6 4 44 0 13 41 
46 10
26 15 34 3 47 43 12 17 48 22 
22 9
0 13 40 28 32 19 16 33 46 
44 12
10 38 25 26 33 8 41 17 27 31 34 40 
24 6
37 34 39 47 0 1 
9 10
13 7 47 49 39 16 27 19 2 32 
39 10
0 24 49 20 19 2 35 9 1 5 
11 9
41 45 35 26 25 48 3 1 12 
38 7
8 44 17 43 23 30 6 
25 8
41 17 44 34 3 11 32 6 
10 7
20 33 44 29 17 48 2 
7 7
3 42 48 9 27 19 35 
