20
4 5
1 17 19 2 10 
10 13
6 15 2 19 18 5 7 13 9 17 11 16 4 
2 10
5 19 4 12 9 11 13 7 10 0 
0 8
13 7 14 12 1 15 19 2 
7 9
14 18 3 16 6 12 0 10 2 
11 8
16 9 17 15 10 19 2 14 
9 9
16 11 12 10 15 17 2 1 5 
12 8
0 9 3 5 2 13 7 8 
8 5
18 6 13 15 12 
15 9
19 18 11 10 0 8 16 17 9 
13 7
2 12 1 16 8 0 10 
5 9
6 2 19 14 10 9 12 18 1 
1 8
0 4 9 13 19 3 5 6 
14 7
6 0 7 17 5 11 19 
3 4
1 7 12 16 
16 8
11 9 13 7 10 15 18 3 
17 8
14 18 11 6 4 9 15 10 
6 7
14 10 8 17 7 5 1 
19 10
4 11 2 5 1 18 0 15 10 14 
18 8
5 8 16 7 17 10 15 19 
