30
4 10
24 26 15 28 17 8 16 3 7 13 
13 8
1 14 27 9 24 16 0 4 
3 5
2 25 0 10 4 
16 8
14 13 8 24 4 18 5 27 
27 12
13 18 29 23 26 2 20 14 9 28 12 16 
5 8
2 11 21 9 8 16 20 23 
24 8
4 11 13 22 16 0 10 9 
8 7
22 4 5 21 19 16 9 
22 6
8 21 24 25 15 1 
1 5
13 6 2 29 22 
15 6
7 4 28 17 26 22 
25 7
2 28 11 3 18 10 22 
29 5
27 28 1 0 21 
2 6
25 3 5 1 28 27 
9 14
11 19 8 20 26 14 24 5 27 10 0 7 13 23 
19 5
10 14 8 12 9 
20 4
27 17 9 5 
14 7
13 16 17 27 9 19 26 
10 9
19 12 18 3 28 9 21 24 25 
0 8
18 3 6 13 29 9 24 21 
7 6
4 26 15 9 17 6 
17 6
21 4 14 20 15 7 
26 6
4 7 15 9 27 14 
21 8
22 17 8 5 12 29 10 0 
6 4
0 1 18 7 
28 9
2 4 25 15 10 29 27 11 18 
18 9
16 11 12 25 0 10 27 28 6 
11 6
24 25 5 18 9 28 
12 5
10 19 18 27 21 
23 3
9 27 5 
