100
89 1
64 
64 3
21 89 17 
28 3
39 66 17 
17 3
54 64 28 
36 5
99 0 98 39 25 
25 3
75 67 36 
5 1
85 
85 5
45 97 61 11 5 
98 2
36 2 
2 4
61 47 49 98 
12 2
91 50 
50 6
44 46 65 80 29 12 
0 2
36 84 
84 4
97 71 74 0 
88 3
15 7 75 
75 4
25 91 8 88 
23 1
91 
91 4
12 42 75 23 
18 1
7 
7 7
88 67 47 27 78 16 18 
21 4
96 42 64 59 
54 2
17 38 
38 5
45 71 47 43 54 
92 1
41 
41 6
93 56 51 76 60 92 
87 1
45 
45 11
47 67 85 14 57 38 72 94 83 70 87 
68 2
74 51 
51 3
94 41 68 
60 1
41 
9 1
93 
93 3
41 67 9 
1 1
24 
24 3
39 57 1 
76 3
86 41 81 
81 2
76 20 
57 3
45 13 24 
8 1
75 
42 4
21 69 63 91 
4 2
15 63 
63 4
42 30 13 4 
48 1
31 
31 4
3 26 71 48 
34 2
97 15 
15 8
27 4 65 88 72 78 34 66 
67 6
90 6 7 45 93 25 
77 1
32 
32 3
22 71 77 
66 4
28 26 15 10 
10 1
66 
70 1
45 
72 3
15 45 6 
6 2
67 72 
74 2
68 84 
13 3
99 57 63 
97 8
34 84 85 22 30 82 55 62 
62 1
97 
55 1
97 
82 2
49 97 
30 5
27 99 95 63 97 
22 7
58 32 97 80 90 40 52 
35 1
73 
73 2
71 35 
16 1
7 
71 6
49 38 32 31 73 84 
59 1
21 
96 5
14 33 21 19 58 
26 4
31 66 14 95 
95 2
30 26 
14 5
45 26 44 96 79 
83 2
94 45 
37 1
94 
94 7
83 51 45 46 56 99 37 
46 2
50 94 
65 4
47 15 50 61 
61 6
44 85 2 53 3 65 
78 3
40 7 15 
27 3
30 15 7 
47 6
65 38 86 45 2 7 
11 1
85 
90 2
67 22 
33 2
96 86 
86 3
47 76 33 
52 1
22 
79 2
56 14 
44 3
50 61 14 
39 5
28 24 40 36 56 
56 4
79 94 41 39 
99 4
30 36 13 94 
40 4
29 78 39 22 
80 2
22 50 
3 2
31 61 
53 1
61 
43 1
38 
69 1
42 
49 3
82 71 2 
58 2
22 96 
19 1
96 
29 2
40 50 
20 1
81 
