100
14 2
88 39 
39 2
99 14 
88 2
14 36 
36 2
4 88 
68 1
46 
46 5
55 12 25 8 68 
75 1
37 
37 3
44 7 75 
17 2
19 13 
13 1
17 
19 5
55 33 84 59 17 
87 1
85 
85 2
34 87 
60 1
56 
56 3
22 83 60 
42 1
96 
96 2
22 42 
23 1
90 
90 5
22 23 92 11 54 
99 3
35 16 39 
73 1
25 
25 2
46 73 
94 1
74 
74 2
1 94 
77 1
24 
24 2
53 77 
41 1
52 
52 2
33 41 
9 1
64 
64 2
62 9 
97 1
48 
48 3
12 97 26 
4 2
66 36 
28 1
51 
51 2
22 28 
0 1
92 
92 3
90 0 57 
91 2
2 76 
76 1
91 
2 2
55 91 
71 1
95 
95 2
55 71 
26 1
48 
12 2
46 48 
66 2
6 4 
93 2
33 79 
79 1
93 
33 7
19 35 93 40 1 63 52 
82 1
62 
62 4
89 64 82 45 
70 1
29 
29 2
89 70 
6 2
72 66 
63 2
33 49 
49 2
63 58 
1 4
33 72 78 74 
34 2
7 85 
7 3
37 21 34 
57 1
92 
45 1
62 
31 5
72 38 61 3 43 
43 1
31 
3 1
31 
61 2
31 10 
38 2
31 67 
72 3
1 6 31 
67 1
38 
50 2
22 89 
89 3
50 62 29 
22 6
40 90 50 96 51 56 
59 1
19 
8 1
46 
35 5
33 44 99 53 86 
86 2
35 81 
53 2
35 24 
44 2
35 37 
78 2
1 65 
65 1
78 
55 7
19 2 15 98 46 18 95 
10 1
61 
27 1
69 
69 2
40 27 
40 5
33 22 20 69 5 
98 2
55 80 
80 2
98 30 
5 1
40 
20 1
40 
15 1
55 
30 2
80 47 
58 1
49 
47 1
30 
84 1
19 
21 1
7 
18 1
55 
81 1
86 
54 1
90 
11 2
90 32 
32 1
11 
16 1
99 
83 1
56 
