30
8 7
22 12 11 21 24 17 18 
18 5
28 27 2 26 8 
17 7
28 1 3 7 8 19 24 
24 8
5 4 8 29 10 28 17 11 
19 4
20 11 17 16 
16 4
28 19 14 23 
11 13
8 22 28 19 29 10 15 24 7 13 4 5 3 
6 5
13 10 1 9 2 
2 6
21 18 3 26 6 0 
9 5
0 10 4 12 6 
1 6
17 15 10 29 5 6 
10 9
15 7 1 6 24 11 4 9 27 
13 7
3 5 29 28 6 11 25 
3 6
13 25 23 17 2 11 
23 2
3 16 
14 5
7 5 26 16 28 
28 7
18 17 24 11 16 13 14 
4 9
7 22 25 0 10 9 24 11 20 
15 4
7 1 10 11 
29 4
13 24 11 1 
26 6
21 2 14 20 12 18 
27 5
12 18 7 10 22 
22 5
8 11 5 4 27 
7 11
4 14 25 15 0 10 17 27 5 11 21 
25 4
3 4 7 13 
21 5
0 8 2 26 7 
5 8
14 24 11 22 13 7 1 12 
12 5
8 26 27 9 5 
20 3
19 26 4 
0 5
9 21 7 4 2 
