50
4 1
18 
18 2
3 4 
9 1
23 
23 2
1 9 
43 1
16 
16 2
24 43 
48 1
17 
17 2
24 48 
20 1
6 
6 2
11 20 
44 1
26 
26 4
1 3 30 44 
12 1
22 
22 6
13 7 41 29 45 12 
31 1
40 
40 3
7 36 31 
3 2
26 18 
2 1
14 
14 3
1 2 42 
25 2
10 35 
35 1
25 
10 2
38 25 
46 2
49 32 
32 2
29 46 
27 2
49 24 
24 4
27 28 17 16 
49 4
46 29 27 37 
28 1
24 
41 1
22 
42 1
14 
37 1
49 
29 3
22 32 49 
36 1
40 
1 4
19 26 23 14 
19 2
33 1 
45 2
22 8 
7 3
22 40 47 
13 4
33 22 38 34 
0 1
15 
15 3
33 0 39 
34 1
13 
38 3
13 11 10 
33 3
13 19 15 
39 1
15 
11 3
38 5 6 
5 1
11 
8 1
45 
47 2
7 21 
21 1
47 
30 1
26 
