50
9 8
8 38 30 36 42 24 35 26 
26 3
43 8 9 
24 10
0 30 2 45 6 44 46 9 5 34 
42 10
36 3 25 38 12 43 48 31 9 41 
36 8
23 42 19 0 17 9 18 37 
30 9
3 9 37 24 2 19 39 8 46 
43 14
41 27 10 42 44 16 47 35 26 45 29 15 40 32 
47 11
20 8 46 32 27 45 38 21 4 43 12 
27 12
7 22 12 31 48 14 37 11 47 43 38 1 
10 9
2 35 20 29 48 43 41 23 22 
29 10
48 6 25 10 0 19 12 43 7 44 
44 10
23 7 3 33 43 40 24 29 2 19 
35 16
33 32 18 16 3 9 1 43 49 45 19 39 40 13 15 10 
49 11
39 34 4 22 25 19 35 45 28 33 16 
16 9
11 21 18 48 22 25 35 43 49 
28 11
21 38 14 20 17 19 23 49 18 5 41 
45 12
43 47 49 22 13 19 35 24 0 15 46 40 
41 8
43 25 46 8 37 10 28 42 
31 8
32 1 27 34 39 40 42 33 
12 11
37 25 27 8 33 46 42 47 29 14 39 
38 7
47 42 19 32 28 9 27 
3 8
32 4 30 42 44 8 46 35 
5 8
23 4 34 14 28 19 8 24 
8 12
37 47 9 30 12 41 0 3 5 2 26 39 
19 15
49 44 33 5 14 20 35 45 38 25 30 36 28 15 29 
14 11
12 5 32 28 17 27 2 19 4 23 15 
34 8
25 49 31 5 15 13 7 24 
32 12
3 43 47 31 17 14 37 15 22 23 38 35 
7 8
27 17 44 37 34 29 2 25 
0 9
36 8 13 45 15 29 6 24 11 
1 8
33 35 39 20 31 27 48 21 
11 4
16 48 27 0 
37 13
12 8 33 30 36 2 17 27 32 7 41 13 4 
48 9
40 42 16 27 11 21 29 10 1 
33 11
1 49 37 23 20 12 44 46 19 35 31 
18 8
25 15 28 40 16 46 36 35 
39 11
49 4 31 1 40 35 2 30 25 12 8 
4 12
3 5 15 6 49 47 39 14 23 22 37 46 
13 7
34 0 22 17 35 45 37 
2 11
44 8 10 15 30 23 24 37 14 39 7 
46 13
41 15 22 30 33 18 3 45 24 17 47 4 12 
6 6
25 23 4 24 29 0 
25 13
18 19 12 42 29 6 49 22 34 39 16 41 7 
22 13
20 27 23 15 10 25 16 46 49 4 45 13 32 
20 8
47 22 28 19 10 15 33 1 
17 10
28 40 14 32 37 21 36 7 13 46 
23 13
4 5 10 36 22 44 33 2 28 21 14 6 32 
15 14
19 45 35 2 20 14 34 32 0 22 46 4 43 18 
40 10
43 18 48 17 31 44 39 21 35 45 
21 8
16 47 23 28 48 17 40 1 
