20
14 8
6 11 0 15 18 1 3 16 
16 11
0 9 7 12 6 14 2 19 1 18 5 
3 8
19 0 10 6 1 9 17 14 
1 11
0 11 16 7 2 4 18 3 5 17 14 
18 13
1 11 4 14 15 0 10 7 9 17 8 16 12 
7 8
6 16 10 0 15 4 1 18 
4 11
9 12 5 1 18 7 13 19 0 10 6 
15 8
11 12 18 14 13 7 17 9 
17 11
2 8 13 15 0 9 5 3 18 1 12 
12 11
4 15 10 0 16 8 17 9 6 5 18 
2 7
17 16 1 0 10 13 6 
6 11
14 0 10 7 16 3 5 12 19 2 4 
13 8
8 17 11 19 2 4 15 0 
9 11
4 17 11 3 18 12 19 0 15 16 8 
0 16
5 13 10 6 19 2 12 18 9 1 7 17 14 4 3 16 
10 12
7 6 12 8 2 19 3 5 18 0 4 11 
11 9
14 13 8 1 18 9 19 15 10 
19 10
13 11 4 3 5 0 10 16 6 9 
8 7
13 18 11 10 12 17 9 
5 9
4 0 10 17 12 6 1 19 16 
