30
24 4
15 0 27 28 
28 7
25 17 9 12 26 10 24 
27 8
26 0 24 9 12 3 16 8 
10 7
23 26 2 20 11 21 28 
26 10
14 20 27 28 5 11 21 10 15 6 
12 8
18 4 25 28 27 15 22 21 
9 5
16 27 28 3 13 
17 6
25 20 14 28 22 4 
21 7
29 10 4 26 12 20 14 
22 8
20 6 25 12 17 1 2 19 
15 9
4 13 11 24 14 20 29 12 26 
25 7
28 17 1 3 22 23 12 
23 3
10 4 25 
3 8
11 7 8 4 27 9 25 5 
1 2
25 22 
2 5
18 22 10 13 20 
20 9
17 22 15 10 0 26 2 21 7 
13 6
15 11 19 2 5 9 
7 3
3 8 20 
0 6
18 19 16 24 27 20 
29 3
15 21 6 
6 5
4 22 26 29 18 
5 4
14 13 26 3 
16 6
11 0 19 27 9 14 
14 6
15 5 26 17 21 16 
19 4
13 0 16 22 
18 5
2 12 0 8 6 
8 4
7 18 3 27 
11 7
16 3 13 15 10 26 4 
4 8
15 12 6 23 3 21 11 17 
