50
13 4
1 43 10 31 
31 5
0 24 35 4 13 
5 4
35 37 36 43 
43 9
25 22 17 13 0 42 4 47 5 
20 3
9 12 10 
10 7
28 7 13 25 38 39 20 
8 7
34 0 21 18 49 35 45 
45 6
18 37 22 27 7 8 
49 5
4 47 48 6 8 
37 8
24 44 45 26 7 39 5 3 
3 4
6 32 14 37 
39 15
12 38 26 37 9 1 32 41 10 23 46 47 15 29 40 
23 4
17 29 39 33 
33 8
32 34 16 12 38 24 22 23 
21 9
36 6 24 7 8 12 42 35 19 
19 8
28 9 38 30 44 16 14 21 
4 8
6 43 49 1 29 38 17 31 
22 9
33 45 40 47 43 41 17 48 27 
27 5
0 47 45 22 7 
48 11
40 11 15 0 29 44 49 12 22 2 28 
36 6
21 44 15 14 5 47 
47 7
27 38 39 49 43 22 36 
1 7
4 13 32 0 39 30 35 
35 6
21 8 31 0 5 1 
30 3
19 24 1 
40 5
22 14 39 48 28 
28 6
32 19 10 48 11 40 
17 7
23 22 29 15 4 43 9 
9 5
2 19 20 39 17 
0 8
41 8 35 43 1 27 31 48 
14 5
12 40 36 3 19 
16 3
33 19 25 
44 5
36 37 29 48 19 
26 5
32 37 29 7 39 
32 6
28 33 26 3 1 39 
6 5
3 46 21 4 49 
11 5
15 38 46 48 28 
41 5
12 0 22 39 46 
15 5
11 36 17 48 39 
46 4
6 11 39 41 
7 6
10 21 37 45 26 27 
38 8
39 11 19 33 18 10 47 4 
42 4
21 12 43 34 
34 3
33 8 42 
12 9
41 14 39 20 21 18 48 42 33 
25 4
43 2 10 16 
2 3
25 9 48 
24 5
37 21 31 30 33 
29 7
39 23 4 44 26 17 48 
18 4
45 12 8 38 
