50
20 6
28 15 19 38 39 47 
47 10
45 26 1 3 46 29 15 31 14 20 
39 7
26 44 29 3 20 13 17 
38 14
35 9 31 20 12 8 7 46 37 11 15 4 49 32 
19 12
11 32 6 26 42 20 34 22 23 17 48 25 
15 14
4 16 26 28 48 43 35 47 32 29 38 20 27 41 
16 16
49 45 12 15 23 27 41 11 26 37 24 46 33 3 36 43 
26 13
39 7 31 47 19 45 2 33 46 16 15 3 5 
28 8
20 48 7 32 23 30 15 37 
27 12
25 5 9 36 45 46 44 8 16 43 15 13 
48 11
28 23 44 33 0 15 7 2 19 42 1 
43 8
7 2 35 16 27 15 11 34 
32 14
38 3 0 45 35 19 15 13 10 41 12 30 28 49 
29 11
9 31 47 39 18 3 44 8 41 7 15 
13 11
35 3 49 42 0 46 44 32 27 23 39 
23 9
6 10 14 16 48 28 17 13 19 
44 13
29 3 12 13 39 34 11 37 48 27 9 2 35 
24 6
7 16 1 0 34 14 
14 12
25 33 49 47 35 9 5 22 23 40 34 24 
0 8
2 25 48 46 13 7 32 24 
1 8
47 18 5 3 36 24 48 12 
25 11
3 27 14 21 12 0 36 46 33 35 19 
22 8
21 30 3 14 46 49 19 6 
34 9
19 44 8 24 37 12 14 49 43 
7 12
26 43 49 46 28 48 24 11 0 29 41 38 
8 8
3 17 27 29 34 38 45 36 
3 17
44 26 42 41 29 13 25 32 6 49 35 47 16 8 39 1 22 
18 7
1 33 29 12 45 4 49 
49 16
14 45 34 18 22 36 3 16 46 7 41 13 32 2 38 21 
45 12
10 49 47 26 9 27 5 18 21 32 16 8 
12 10
44 16 35 32 11 25 38 34 18 1 
36 10
42 49 16 8 9 27 31 2 1 25 
4 6
18 38 9 15 10 33 
33 10
18 14 48 2 26 21 16 25 41 4 
10 8
32 2 45 23 11 37 4 41 
9 9
29 27 14 2 45 4 36 44 38 
2 11
10 0 43 49 33 44 26 48 9 36 42 
42 8
3 13 36 37 11 48 19 2 
46 15
27 16 13 40 47 49 38 25 31 17 7 0 22 26 6 
6 6
46 19 23 22 3 37 
41 10
49 16 33 37 32 3 7 29 15 10 
21 6
49 22 25 33 45 40 
11 9
38 19 10 7 44 16 12 42 43 
17 8
19 5 40 39 31 8 46 23 
37 12
5 38 34 31 28 30 41 16 44 10 42 6 
30 5
22 32 37 28 35 
31 8
38 29 26 46 36 37 17 47 
5 8
37 1 17 27 40 14 45 26 
35 12
38 25 13 15 43 12 32 3 30 14 40 44 
40 6
5 17 14 46 35 21 
