50
22 6
5 40 39 7 30 27 
27 6
43 47 25 26 33 22 
30 10
26 21 22 29 33 16 44 9 49 47 
7 3
31 22 21 
39 3
33 22 32 
46 4
31 28 16 38 
38 3
43 42 46 
16 4
2 46 30 47 
32 7
43 28 1 33 14 20 39 
11 4
17 43 35 14 
14 7
2 0 32 6 25 11 28 
35 6
11 10 2 8 44 34 
43 8
32 49 27 42 38 21 11 19 
47 4
19 27 30 16 
21 8
43 30 48 28 15 41 7 3 
10 9
20 37 31 12 6 3 13 35 36 
36 4
31 17 25 10 
13 3
10 9 8 
3 4
33 10 21 23 
8 5
33 42 18 35 13 
9 7
12 24 26 44 33 30 13 
29 8
4 41 12 15 34 40 30 18 
18 3
8 42 29 
40 6
6 49 5 29 22 23 
15 4
19 26 29 21 
12 4
9 10 29 19 
34 8
1 29 2 19 35 42 37 49 
49 7
6 5 43 30 40 34 44 
37 6
45 10 25 34 24 31 
42 7
17 8 43 4 34 38 18 
19 8
15 34 20 6 5 47 43 12 
28 5
46 32 6 14 21 
25 10
37 6 4 31 27 5 20 14 36 2 
6 9
10 28 1 25 49 4 19 40 14 
0 4
31 14 33 4 
5 7
22 4 49 48 25 40 19 
20 5
10 25 19 44 32 
44 7
9 20 41 2 35 30 49 
41 5
29 26 45 44 21 
33 13
30 4 39 8 0 31 27 9 26 2 32 3 1 
1 6
34 2 17 32 6 33 
2 8
1 14 34 16 44 33 35 25 
31 8
7 25 0 10 36 46 33 37 
4 10
48 5 33 23 25 26 6 42 29 0 
26 7
41 33 30 9 27 15 4 
23 3
4 3 40 
24 3
45 9 37 
17 5
11 42 1 36 45 
45 5
37 24 41 17 48 
48 4
4 21 5 45 
