20
12 6
9 18 11 10 7 8 
8 12
3 5 7 13 16 2 17 9 14 12 15 10 
7 8
3 5 11 15 8 14 12 17 
10 12
2 12 1 3 18 15 9 14 11 16 8 4 
14 15
2 11 5 16 8 17 7 13 15 1 9 0 10 19 6 
5 9
7 13 9 0 15 8 16 14 6 
1 8
16 18 2 4 9 14 10 0 
17 10
6 9 4 8 16 0 15 2 14 7 
16 9
10 19 17 9 1 3 5 8 14 
13 9
15 0 5 3 8 19 2 14 9 
15 14
8 14 10 4 3 5 18 2 19 0 9 17 7 13 
0 11
13 17 9 15 14 2 4 18 5 1 11 
19 9
13 6 16 11 14 15 3 18 2 
6 7
2 19 11 14 17 9 5 
9 13
4 17 12 14 0 15 10 16 8 5 1 6 13 
2 12
6 14 13 10 0 15 1 3 18 17 8 19 
18 9
11 12 0 15 10 2 19 1 3 
11 9
7 6 3 18 14 12 19 10 0 
4 7
9 17 3 1 15 0 10 
3 11
11 16 8 7 13 4 10 15 19 2 18 
