30
12 8
7 14 21 8 1 18 9 23 
23 9
13 26 6 25 17 9 18 10 12 
9 8
26 24 23 4 18 6 10 12 
18 12
29 16 23 22 3 1 28 9 7 20 14 12 
8 13
20 26 2 6 12 29 10 7 13 5 1 3 25 
21 7
0 2 14 12 5 1 27 
13 12
6 11 19 2 17 16 8 1 10 29 23 22 
22 8
6 25 14 5 18 2 24 13 
29 10
6 8 18 5 14 4 27 2 10 13 
10 16
11 17 28 7 23 13 29 8 4 24 9 1 25 19 6 20 
1 13
12 10 20 13 21 6 3 18 5 16 8 4 17 
17 12
23 10 0 7 13 19 2 26 16 3 5 1 
2 11
4 21 11 20 17 0 29 22 13 8 19 
19 8
17 24 16 10 15 13 7 2 
27 8
26 20 16 29 25 4 5 21 
15 4
25 19 6 3 
3 8
20 17 0 15 18 1 4 8 
6 12
4 13 22 23 25 8 1 9 29 10 15 0 
20 13
8 10 0 3 1 18 5 2 14 7 27 28 4 
4 16
6 25 5 20 7 28 9 1 16 3 27 10 29 2 26 11 
28 6
4 18 5 20 10 11 
7 10
12 8 25 18 17 20 19 10 0 4 
14 9
16 26 12 22 29 21 20 5 18 
5 13
26 4 29 17 28 27 22 14 20 8 21 11 1 
0 10
17 20 3 7 2 26 25 6 21 24 
24 7
16 19 9 10 0 22 25 
11 7
10 13 4 2 25 5 28 
25 12
4 22 23 7 27 6 11 24 8 15 10 0 
16 9
13 14 24 1 18 19 27 17 4 
26 9
5 14 23 4 8 0 9 27 17 
