30
16 10
4 25 22 13 14 28 21 2 19 8 
8 8
21 25 13 16 12 28 17 19 
19 7
22 12 27 1 8 16 6 
2 6
0 28 14 20 16 3 
21 6
26 4 8 16 14 20 
28 7
2 27 16 8 15 6 20 
14 7
6 10 16 17 21 2 26 
13 9
4 26 8 16 3 17 22 25 0 
22 5
19 4 16 11 13 
25 7
0 29 8 16 5 1 13 
17 9
14 20 7 13 9 8 5 29 23 
12 8
24 19 26 3 18 1 29 8 
0 6
25 3 20 2 26 13 
3 7
12 0 1 26 2 13 23 
26 11
27 7 13 29 0 3 12 4 21 24 14 
15 5
5 1 27 28 24 
24 8
12 20 11 10 15 26 27 9 
1 8
12 3 15 6 20 19 25 9 
5 4
25 15 20 17 
29 5
25 26 20 12 17 
20 13
2 24 21 17 27 28 0 29 10 1 5 4 7 
6 7
14 23 11 1 27 28 19 
27 10
15 24 6 28 26 19 20 7 4 18 
9 5
7 4 17 24 1 
4 10
16 13 9 27 21 11 20 22 23 26 
11 5
6 18 24 22 4 
23 4
6 4 17 3 
7 6
26 9 27 17 18 20 
18 4
12 7 11 27 
10 3
14 20 24 
