50
48 9
49 27 44 46 45 5 13 22 30 
30 11
13 47 9 48 44 16 15 29 23 22 21 
13 11
2 19 30 8 9 48 10 29 1 7 41 
5 8
33 49 45 19 40 25 48 37 
45 5
5 48 17 41 38 
24 7
40 32 3 37 28 9 41 
41 8
39 21 24 44 2 45 13 25 
9 7
17 13 30 33 26 24 6 
37 9
29 19 33 31 24 34 25 23 5 
4 12
31 0 10 42 6 26 25 23 22 39 14 49 
49 9
27 48 5 25 44 34 40 39 4 
14 8
28 11 25 6 0 7 4 19 
22 8
21 46 48 27 30 7 39 4 
23 8
30 40 3 4 8 16 21 37 
25 15
7 6 4 5 26 37 14 43 36 49 2 42 41 27 10 
26 9
25 18 4 43 15 27 9 31 46 
6 11
36 15 14 34 19 4 25 1 28 9 27 
42 10
29 0 17 18 38 25 34 4 44 8 
10 9
25 17 36 35 13 3 4 44 16 
0 6
12 42 4 33 14 34 
31 6
4 37 44 33 36 26 
36 7
6 7 10 25 17 31 19 
33 10
37 5 1 32 2 9 27 31 28 0 
28 10
1 24 21 40 14 6 32 7 46 33 
27 14
6 47 43 25 26 49 2 33 22 17 48 29 20 21 
2 11
17 27 47 25 35 16 33 13 41 7 21 
32 11
19 24 43 39 20 33 8 1 17 28 12 
1 9
3 35 33 6 32 28 17 13 15 
20 6
27 32 44 19 39 47 
47 6
2 8 16 30 27 20 
39 7
41 32 22 4 49 18 20 
19 13
11 37 13 7 12 43 5 32 6 20 34 14 36 
44 10
10 42 49 30 35 41 20 31 48 17 
40 8
21 24 28 23 29 5 49 43 
21 13
40 43 3 7 41 15 27 17 28 23 22 30 2 
7 15
16 2 19 14 28 17 38 25 22 36 21 15 29 13 18 
35 9
38 1 34 44 8 2 10 15 11 
46 6
22 38 16 48 28 26 
34 8
49 37 42 35 19 17 6 0 
43 9
27 32 19 26 21 11 25 38 40 
12 4
19 0 29 32 
38 7
29 46 42 43 7 35 45 
11 5
14 19 35 43 17 
15 9
7 6 30 21 29 26 35 3 1 
17 16
2 32 44 34 11 21 7 3 9 1 36 45 29 27 10 42 
18 7
7 26 29 42 16 8 39 
8 7
47 23 13 35 18 42 32 
29 12
38 37 27 17 18 30 40 15 42 12 13 7 
16 8
7 2 18 47 30 23 46 10 
3 7
1 23 24 21 15 10 17 
