20
10 5
15 8 17 11 6 
6 6
19 1 17 9 14 10 
8 9
11 13 14 12 10 0 17 5 18 
18 8
13 7 0 19 14 3 1 8 
14 7
11 8 16 17 5 18 6 
17 13
7 6 4 10 0 2 19 14 1 3 8 16 12 
11 10
12 3 0 10 19 2 14 8 16 13 
13 8
15 8 2 4 18 5 3 11 
1 8
17 6 2 19 12 5 18 4 
9 3
12 6 4 
4 11
16 19 2 0 15 13 3 5 1 17 9 
0 8
11 4 17 5 18 16 8 2 
2 9
17 4 11 1 19 13 7 15 0 
5 9
0 14 4 12 13 3 1 8 16 
16 10
4 0 14 12 11 17 7 3 5 19 
3 8
16 11 4 18 5 19 17 13 
19 9
11 6 4 2 17 3 1 18 16 
7 5
17 18 12 16 2 
12 9
11 15 7 8 16 5 1 9 17 
15 5
10 12 13 4 2 
