30
4 8
1 28 9 26 2 21 8 0 
0 4
18 1 2 4 
8 9
23 22 18 9 17 27 4 7 16 
21 3
19 4 27 
2 7
16 0 10 4 28 26 20 
26 5
22 24 4 2 5 
9 7
8 1 18 24 4 25 6 
28 7
17 13 3 5 4 11 2 
1 9
25 4 5 13 12 0 9 27 11 
22 4
26 19 29 8 
29 6
5 3 20 22 6 7 
19 6
21 11 18 15 22 12 
11 5
19 10 5 1 28 
27 7
20 14 15 8 3 1 21 
12 6
6 23 15 3 1 19 
13 6
28 20 1 16 25 15 
5 7
29 11 1 16 28 20 26 
25 7
15 1 18 23 9 24 13 
6 4
12 29 3 9 
24 5
26 20 9 17 25 
18 8
0 3 16 8 25 19 14 9 
15 5
25 19 12 27 13 
16 7
2 3 5 18 10 13 8 
20 6
24 27 13 5 29 2 
7 3
23 29 8 
3 8
16 12 18 28 27 6 23 29 
14 3
17 27 18 
10 3
11 16 2 
17 4
14 28 8 24 
23 5
7 8 12 25 3 
