30
5 8
23 8 4 0 28 7 1 3 
3 11
7 14 23 24 26 19 8 17 5 0 10 
7 10
21 1 18 3 5 23 22 12 16 15 
28 8
23 14 0 19 2 17 5 16 
20 10
26 6 14 13 21 17 9 18 1 29 
29 11
23 13 6 12 0 10 19 2 8 11 20 
1 10
2 18 5 23 20 14 7 13 27 17 
9 7
6 22 23 8 4 20 25 
21 11
12 15 7 27 11 24 26 19 14 20 6 
17 14
13 1 18 3 28 2 14 26 19 12 23 20 24 4 
13 12
4 29 15 20 12 8 16 1 2 19 17 25 
14 13
6 12 26 16 25 17 27 28 21 20 23 3 1 
23 14
29 4 24 3 5 14 8 6 12 1 9 17 28 7 
25 9
15 19 12 14 6 8 16 13 9 
22 7
9 27 2 15 4 7 24 
24 10
19 6 10 17 27 3 21 16 23 22 
16 11
12 14 18 4 2 25 13 7 8 24 28 
8 11
6 25 13 23 5 3 9 27 0 29 16 
12 12
14 16 25 29 17 23 2 18 7 13 21 11 
11 4
21 19 29 12 
18 11
19 20 1 7 6 16 10 0 4 12 17 
2 9
22 13 1 19 28 17 16 12 29 
19 14
3 21 18 11 24 6 0 13 29 2 27 28 17 25 
10 7
24 27 4 29 18 3 26 
15 7
22 25 26 21 6 13 7 
6 15
14 24 19 29 15 23 25 18 21 20 4 8 27 0 9 
0 8
29 28 3 5 18 8 6 19 
26 7
20 14 17 3 21 15 10 
27 9
22 6 1 14 10 19 24 21 8 
4 10
13 6 10 17 9 16 5 18 22 23 
