30
12 13
29 10 14 18 1 8 19 27 9 17 28 21 25 
25 7
27 28 18 8 13 7 12 
21 8
22 15 29 28 2 6 12 20 
28 7
20 11 21 25 8 23 12 
17 13
4 9 22 2 26 3 1 13 7 12 24 29 10 
19 8
13 29 10 27 2 22 12 14 
8 11
6 16 14 20 22 7 28 25 29 0 12 
1 9
16 26 10 29 24 17 3 6 12 
18 6
4 15 25 20 12 26 
14 9
22 8 20 7 12 2 19 24 5 
4 9
17 11 24 18 3 16 29 23 22 
22 16
21 4 23 3 16 8 19 2 14 26 24 17 29 27 10 5 
23 12
13 16 6 9 27 28 26 2 4 11 22 15 
29 14
12 17 8 24 11 21 2 19 3 4 9 0 1 22 
2 13
24 21 19 17 9 27 5 14 10 15 29 22 23 
27 9
12 11 25 20 19 2 22 23 0 
9 11
23 17 12 20 29 0 6 7 13 11 2 
11 12
4 26 24 10 29 13 7 6 23 27 28 9 
13 10
23 16 19 26 11 25 6 17 9 15 
7 10
26 8 17 9 6 14 20 25 11 3 
6 9
8 9 23 13 7 26 21 11 1 
3 9
29 22 4 17 16 5 1 24 7 
24 11
4 11 26 2 16 22 1 3 14 29 17 
16 12
8 13 4 15 10 24 1 3 5 23 22 26 
15 9
21 16 26 2 0 23 13 18 5 
5 7
3 22 16 26 2 14 15 
0 6
9 27 29 10 15 8 
10 9
22 11 1 12 16 19 2 0 17 
26 13
24 11 13 7 23 22 15 1 5 18 6 17 16 
20 8
14 8 28 9 27 7 18 21 
