50
22 8
26 5 40 39 13 7 30 27 
27 8
40 43 47 25 26 46 33 22 
30 12
26 37 21 22 0 29 33 16 44 9 49 47 
7 4
4 31 22 21 
39 3
33 22 32 
46 5
27 31 28 16 38 
38 3
43 42 46 
16 4
2 46 30 47 
32 9
23 43 28 18 1 33 14 20 39 
11 4
17 43 35 14 
14 9
3 2 15 0 32 6 25 11 28 
35 6
11 10 2 8 44 34 
43 8
32 49 27 42 38 21 11 19 
47 4
19 27 30 16 
21 9
26 43 30 48 28 15 41 7 3 
10 10
20 37 17 31 12 6 3 13 35 36 
36 5
40 31 17 25 10 
13 4
22 10 9 8 
3 6
14 28 33 10 21 23 
8 5
33 42 18 35 13 
9 7
12 24 26 44 33 30 13 
29 8
4 41 12 15 34 40 30 18 
18 4
32 8 42 29 
40 9
45 27 6 49 5 29 36 22 23 
15 8
28 17 33 14 19 26 29 21 
12 5
23 9 10 29 19 
34 8
1 29 2 19 35 42 37 49 
49 7
6 5 43 30 40 34 44 
37 7
30 45 10 25 34 24 31 
42 8
17 44 8 43 4 34 38 18 
19 8
15 34 20 6 5 47 43 12 
28 7
15 3 46 32 6 14 21 
25 11
44 37 6 4 31 27 5 20 14 36 2 
6 9
10 28 1 25 49 4 19 40 14 
0 6
45 30 31 14 33 4 
5 8
22 4 49 48 25 40 45 19 
20 5
10 25 19 44 32 
44 10
42 25 9 20 41 2 35 30 4 49 
41 5
29 26 45 44 21 
33 14
15 3 2 26 27 31 1 9 0 8 39 4 32 30 
1 6
34 2 17 32 6 33 
2 8
1 14 34 16 44 33 35 25 
31 8
7 25 0 10 36 46 33 37 
4 12
7 48 5 44 33 23 25 26 6 42 29 0 
26 9
21 41 33 22 30 9 27 15 4 
23 5
12 32 4 3 40 
24 3
45 9 37 
17 7
15 10 11 42 1 36 45 
45 8
0 40 5 37 24 41 17 48 
48 4
4 21 5 45 
