100
14 1
23 
23 5
85 37 52 79 14 
49 2
83 47 
47 3
54 33 49 
91 1
64 
64 2
78 91 
79 1
23 
52 5
78 94 7 28 23 
72 2
94 65 
65 2
56 72 
60 2
87 13 
13 6
83 9 35 67 7 60 
34 2
7 25 
25 2
4 34 
89 1
18 
18 4
8 81 38 89 
4 9
75 99 56 38 25 44 83 19 51 
77 2
88 53 
53 4
20 1 80 77 
5 1
33 
33 5
97 56 98 47 5 
82 2
92 87 
87 4
60 39 99 82 
40 2
66 76 
76 4
46 56 66 40 
42 3
94 39 41 
41 3
55 50 42 
2 2
71 8 
8 4
21 18 69 2 
48 5
86 22 36 3 38 
38 4
30 4 18 48 
51 1
4 
28 3
83 52 29 
80 3
67 19 53 
29 1
28 
99 3
4 87 0 
0 5
55 99 62 81 96 
45 1
39 
39 5
42 61 20 87 45 
57 1
93 
93 3
12 57 30 
31 2
55 3 
3 3
56 48 31 
55 6
50 56 0 32 41 31 
17 1
26 
26 4
15 85 74 17 
63 1
12 
12 4
62 81 93 63 
92 2
82 78 
78 5
52 94 69 64 92 
94 5
42 72 78 52 58 
58 2
11 94 
71 5
68 24 2 97 90 
90 1
71 
97 2
33 71 
24 6
73 56 20 71 86 27 
81 6
74 18 61 0 12 37 
20 6
24 22 88 69 39 53 
11 3
22 69 58 
69 9
20 9 74 22 78 11 21 15 8 
73 1
24 
83 5
13 49 4 28 54 
54 2
47 83 
27 1
24 
86 2
48 24 
56 8
3 24 33 76 55 4 10 65 
10 2
56 84 
85 3
26 23 88 
88 5
77 20 61 16 85 
22 6
48 11 62 20 69 70 
70 1
22 
9 3
69 13 43 
43 2
62 9 
30 2
38 93 
96 1
0 
62 5
43 12 0 22 95 
50 2
55 41 
44 4
68 98 4 46 
46 3
95 76 44 
84 1
10 
6 1
16 
16 2
88 6 
98 2
44 33 
1 1
53 
66 3
40 76 68 
36 2
48 67 
67 3
80 13 36 
95 2
46 62 
32 2
55 59 
19 3
21 80 4 
61 4
37 39 81 88 
7 3
34 52 13 
74 3
81 26 69 
35 1
13 
59 1
32 
15 2
69 26 
21 3
8 19 69 
37 4
61 23 81 75 
68 3
71 44 66 
75 2
4 37 
