50
13 1
12 
12 6
33 23 43 32 26 13 
47 1
4 
4 3
18 2 47 
16 7
27 19 38 44 6 1 3 
3 4
0 28 43 16 
31 3
41 49 22 
22 7
2 1 49 43 34 20 31 
24 3
29 14 34 
34 5
30 22 2 45 24 
11 2
36 26 
26 4
0 49 12 11 
39 1
1 
1 7
22 16 37 38 35 2 39 
20 2
17 22 
17 3
14 20 15 
15 4
38 48 17 8 
40 4
8 46 49 30 
30 4
38 32 34 40 
0 3
3 26 25 
25 4
8 46 29 0 
8 4
25 40 7 15 
33 4
49 12 21 27 
27 5
21 32 42 16 33 
18 2
4 5 
5 3
45 46 18 
48 3
45 15 7 
7 3
8 32 48 
43 6
49 38 12 46 22 3 
37 4
46 1 35 41 
41 3
31 28 37 
35 6
10 6 1 45 37 23 
32 5
7 12 30 36 27 
36 4
11 21 32 45 
10 2
35 19 
19 3
16 49 10 
29 3
24 38 25 
38 6
16 30 43 29 15 1 
9 3
14 46 28 
28 5
14 3 42 41 9 
46 7
25 40 43 5 9 37 21 
21 5
27 36 49 33 46 
49 10
31 22 21 43 26 19 40 14 33 44 
2 4
22 34 1 4 
45 5
48 5 36 35 34 
42 4
23 28 27 6 
6 3
35 16 42 
44 2
16 49 
14 5
24 17 28 9 49 
23 3
42 12 35 
