100
4 1
89 
89 6
71 20 39 96 55 4 
34 1
51 
51 4
52 87 34 79 
83 1
13 
13 3
95 65 83 
2 1
93 
93 2
36 2 
41 1
3 
3 2
90 41 
88 1
49 
49 5
96 95 88 58 6 
97 1
48 
48 3
95 68 97 
54 1
81 
81 2
15 54 
23 1
32 
32 3
43 0 23 
60 2
64 46 
46 3
60 21 47 
64 4
40 98 60 86 
25 1
0 
0 2
32 25 
63 1
37 
37 2
77 63 
42 1
20 
20 3
89 57 42 
36 3
12 59 93 
73 1
57 
57 4
20 15 73 22 
76 1
52 
52 3
91 51 76 
1 1
43 
43 6
38 32 94 29 85 1 
82 2
8 94 
94 4
43 28 9 82 
75 1
98 
98 2
64 75 
21 1
46 
26 1
70 
70 4
68 56 44 26 
68 2
48 70 
67 1
62 
62 4
71 77 67 66 
59 1
36 
50 1
40 
40 4
12 64 50 92 
91 2
38 52 
9 1
94 
28 1
94 
38 4
96 43 91 84 
47 1
46 
77 3
62 37 99 
16 1
24 
24 2
78 16 
39 2
89 90 
90 3
39 14 3 
96 4
89 49 38 80 
80 2
96 19 
85 2
43 45 
29 1
43 
86 1
64 
99 1
77 
66 1
62 
44 1
70 
56 2
70 74 
15 2
57 81 
92 1
40 
12 4
18 40 17 36 
17 1
12 
19 3
80 27 61 
6 1
49 
58 1
49 
95 4
49 48 8 13 
55 1
89 
71 3
89 18 62 
18 5
71 11 12 69 53 
53 1
18 
69 1
18 
11 1
18 
35 1
8 
8 6
82 95 30 5 10 35 
10 1
8 
5 1
8 
30 4
8 31 78 72 
61 1
19 
84 1
38 
27 2
19 7 
87 1
51 
45 1
85 
22 1
57 
31 1
30 
14 1
90 
72 1
30 
78 3
30 33 24 
79 1
51 
33 1
78 
74 1
56 
65 1
13 
7 1
27 
