30
29 2
20 16 
16 9
6 7 9 20 14 1 2 10 29 
22 8
19 8 0 15 21 18 1 3 
3 7
17 9 14 26 2 0 22 
1 7
8 16 22 15 27 28 17 
17 7
8 14 27 3 5 18 1 
15 3
22 0 1 
9 3
3 5 16 
14 6
3 16 17 28 0 10 
10 5
16 12 26 20 14 
0 7
22 21 28 15 3 14 12 
28 6
27 7 0 1 14 4 
26 6
19 3 21 12 10 7 
7 7
28 21 8 16 5 13 26 
20 5
10 29 21 6 16 
18 5
19 22 17 5 8 
8 6
22 17 24 7 1 18 
5 8
2 17 9 13 7 18 11 25 
11 4
5 24 19 23 
23 2
11 6 
19 5
22 26 18 21 11 
24 4
8 25 12 11 
25 4
6 24 5 27 
4 1
28 
12 4
26 24 10 0 
2 3
3 5 16 
13 2
5 7 
27 4
1 28 17 25 
6 4
16 25 20 23 
21 6
0 22 20 19 26 7 
