100
54 4
64 19 5 31 
31 4
10 42 85 54 
91 3
75 52 70 
70 5
99 11 84 5 91 
64 3
54 56 59 
59 4
41 33 90 64 
98 1
94 
94 3
3 80 98 
89 2
69 90 
90 4
73 59 89 72 
5 3
6 54 70 
28 2
8 86 
86 4
63 12 11 28 
87 2
27 62 
62 4
11 6 87 56 
56 2
64 62 
79 3
81 22 95 
95 2
40 79 
23 2
35 66 
66 5
39 46 44 76 23 
77 1
1 
1 3
47 0 77 
25 1
78 
78 5
0 74 9 19 25 
2 2
43 55 
55 2
11 2 
15 3
26 37 96 
96 2
9 15 
37 1
15 
26 3
57 75 15 
92 2
75 50 
50 2
67 92 
4 1
57 
57 3
26 13 4 
24 2
14 19 
19 6
47 97 54 38 78 24 
49 2
0 13 
13 7
73 12 47 49 33 57 27 
93 2
52 81 
81 4
79 8 22 93 
38 2
19 72 
72 3
85 90 38 
61 1
30 
30 3
40 75 61 
82 3
32 35 0 
0 5
49 88 78 1 82 
32 2
82 58 
58 4
68 10 80 32 
16 1
60 
60 3
11 18 16 
52 5
91 40 3 93 97 
97 4
19 88 52 17 
14 2
24 51 
51 2
18 14 
53 2
99 45 
45 3
33 40 53 
75 8
91 92 36 88 30 18 42 26 
21 1
65 
65 4
74 43 39 21 
41 2
59 12 
12 5
86 13 41 39 8 
18 5
75 51 46 83 60 
76 1
66 
47 5
19 13 99 1 34 
9 3
96 78 73 
36 3
11 75 35 
35 4
82 39 23 36 
73 6
46 9 13 88 68 90 
7 1
11 
11 7
36 62 60 70 86 55 7 
39 6
66 12 80 65 43 35 
42 3
48 31 75 
88 4
0 73 97 75 
68 2
58 73 
83 1
18 
46 3
73 18 66 
43 3
2 65 39 
80 3
39 58 94 
48 3
42 29 71 
71 1
48 
29 2
33 48 
27 2
87 13 
44 1
66 
10 4
31 58 8 3 
3 3
94 52 10 
8 4
28 12 81 10 
6 3
5 67 62 
67 3
85 6 50 
33 4
59 13 29 45 
40 6
45 69 85 52 30 95 
85 4
72 40 67 31 
69 2
89 40 
17 2
97 20 
20 1
17 
74 3
65 78 84 
84 2
70 74 
99 3
53 47 70 
34 1
47 
63 2
86 22 
22 3
79 81 63 
