30
20 10
0 9 13 26 2 1 3 4 25 21 
21 7
26 25 14 20 13 24 10 
25 9
29 13 19 8 9 27 20 21 24 
4 6
8 26 29 20 14 3 
3 10
23 18 1 6 26 13 20 16 24 4 
1 4
5 3 20 6 
2 6
5 24 22 13 20 8 
26 12
4 21 9 17 12 3 18 20 22 23 10 19 
13 11
25 20 23 5 3 2 21 11 12 15 9 
9 12
15 22 24 20 18 5 28 27 26 19 13 25 
14 5
21 28 15 4 16 
16 7
8 12 24 22 23 3 14 
15 8
19 11 9 10 14 7 13 22 
28 7
6 29 14 22 23 9 17 
19 10
29 15 25 27 17 9 23 22 6 26 
10 7
15 27 11 21 6 26 7 
23 12
13 19 26 17 27 28 6 8 16 3 18 12 
22 9
16 28 9 17 26 2 19 18 15 
18 9
3 0 6 26 17 9 8 23 22 
12 4
16 26 13 23 
7 5
6 15 10 0 27 
11 4
15 10 6 13 
29 7
19 25 4 6 8 28 17 
17 11
8 0 29 18 5 23 22 6 26 19 28 
8 10
4 16 23 17 6 18 25 0 29 2 
6 13
29 10 7 8 5 18 3 1 28 17 11 23 19 
0 6
8 20 17 18 7 24 
24 7
9 2 16 21 25 3 0 
5 6
6 13 2 1 17 9 
27 6
23 10 19 9 25 7 
