50
31 3
16 3 32 
32 5
40 44 19 42 31 
3 7
6 15 16 24 31 1 30 
16 6
37 24 3 31 30 47 
22 3
47 0 18 
18 11
47 39 20 40 26 35 15 33 13 22 25 
0 11
41 7 39 14 10 23 22 27 5 21 2 
47 8
14 39 22 42 18 19 16 38 
5 8
7 41 14 8 44 37 0 35 
35 4
36 23 18 5 
37 5
48 16 33 5 36 
44 7
27 9 32 30 39 10 5 
8 6
28 10 5 38 43 11 
14 6
47 48 17 41 5 0 
41 7
0 15 14 12 5 45 23 
7 4
5 34 9 0 
11 6
36 30 2 19 46 8 
43 3
15 38 8 
38 8
28 45 2 23 1 43 47 8 
10 7
12 23 36 21 0 8 44 
28 8
8 38 36 45 26 20 13 49 
48 8
12 45 37 36 9 14 39 20 
20 6
34 46 18 28 48 12 
39 9
21 13 29 0 36 44 18 48 47 
9 5
21 48 49 7 44 
36 10
35 39 28 48 11 24 37 25 6 10 
45 8
19 34 38 48 28 27 41 1 
12 7
10 48 46 33 41 42 20 
33 6
29 37 24 12 18 26 
46 8
49 11 20 40 29 12 42 19 
34 7
1 7 20 40 2 45 4 
19 7
45 30 11 47 32 13 46 
13 6
39 23 18 19 4 28 
30 5
19 16 44 11 3 
42 4
47 46 12 32 
27 3
44 0 45 
23 6
38 35 0 10 13 41 
15 6
43 3 18 2 17 41 
49 3
46 9 28 
26 4
24 18 28 33 
25 3
2 36 18 
40 4
32 46 18 34 
24 5
26 36 3 33 16 
29 5
4 39 33 46 1 
2 8
11 17 34 25 38 15 0 6 
6 3
3 2 36 
17 3
2 15 14 
1 5
34 38 45 29 3 
4 3
29 34 13 
21 4
9 39 10 0 
