20
14 12
9 8 0 3 18 1 5 13 7 12 4 2 
2 11
18 3 4 11 9 17 10 0 15 8 14 
4 13
16 6 17 0 10 15 18 3 2 19 11 13 14 
12 11
13 16 8 3 18 1 19 15 0 14 17 
7 8
13 18 5 1 14 6 16 11 
5 11
16 13 7 10 15 0 9 17 18 1 14 
1 13
12 11 6 15 10 14 5 18 16 8 7 17 9 
18 17
5 2 8 12 14 1 9 0 11 17 7 15 13 3 16 4 19 
3 13
12 19 2 13 11 18 9 14 8 16 15 0 4 
17 11
11 0 10 4 8 19 2 1 18 5 12 
9 12
14 13 16 8 2 3 18 5 1 10 0 15 
0 16
9 17 12 10 13 15 8 2 16 3 5 18 4 19 6 14 
15 13
11 13 12 0 10 2 1 3 5 18 16 9 4 
6 6
0 4 1 19 13 7 
19 11
3 18 17 8 16 12 0 10 4 6 11 
11 11
15 10 17 3 18 1 2 19 4 13 7 
10 12
11 9 17 2 19 5 1 15 0 4 8 13 
8 12
12 14 9 17 18 3 1 16 19 2 0 10 
13 14
7 4 10 15 5 18 11 0 9 3 16 14 12 6 
16 13
4 9 12 19 18 5 1 3 15 0 8 13 7 
