100
23 2
21 84 
84 3
92 43 23 
36 5
58 10 87 60 34 
34 5
59 40 75 28 36 
45 2
22 63 
63 4
78 99 31 45 
57 1
98 
98 5
24 66 75 94 57 
31 2
83 63 
52 3
73 16 68 
68 6
53 4 28 89 2 52 
14 2
9 90 
90 4
87 24 58 14 
97 3
12 85 21 
21 11
79 23 78 66 5 85 27 82 72 0 97 
0 1
21 
53 7
43 26 68 79 96 39 9 
9 4
14 25 65 53 
93 3
37 48 73 
73 5
52 99 85 44 93 
2 4
32 18 83 68 
88 4
4 54 62 95 
95 2
54 88 
48 2
93 83 
83 8
70 2 77 31 27 48 50 16 
78 4
21 63 56 99 
99 6
73 4 63 10 22 78 
51 4
94 91 15 24 
24 7
85 28 98 90 77 37 51 
35 2
5 25 
25 6
1 13 9 86 4 35 
8 3
62 19 29 
29 3
66 17 8 
19 3
38 40 8 
17 3
56 29 85 
85 9
24 21 70 62 72 81 97 73 17 
15 6
69 76 51 43 72 61 
61 1
15 
43 3
53 15 84 
76 3
41 62 15 
56 4
96 78 17 75 
75 5
59 30 34 98 56 
79 3
21 53 86 
86 5
25 54 67 42 79 
32 3
2 41 39 
39 6
12 58 53 40 91 32 
16 3
38 52 83 
91 4
51 80 39 55 
55 3
54 1 91 
42 3
64 86 26 
26 3
53 50 42 
28 4
33 24 34 68 
40 6
70 65 4 34 39 19 
65 5
40 9 1 12 13 
33 3
28 58 62 
62 8
30 88 3 85 8 76 33 81 
6 2
50 47 
47 1
6 
50 5
26 83 6 49 71 
80 4
91 70 41 5 
5 5
54 21 35 58 80 
41 4
32 80 76 69 
70 10
10 77 85 40 60 38 83 3 80 59 
49 2
50 58 
58 7
36 33 5 64 49 39 90 
18 2
2 54 
54 8
7 55 82 5 18 86 88 95 
44 1
73 
60 5
3 72 20 36 70 
92 4
38 59 84 11 
11 1
92 
38 5
16 19 12 70 92 
71 1
50 
82 3
21 77 54 
66 4
21 98 29 69 
69 4
15 10 41 66 
59 5
75 92 34 70 46 
3 4
1 62 60 70 
77 6
67 64 70 83 82 24 
37 2
93 24 
27 4
21 83 96 64 
4 6
68 40 88 30 99 25 
30 5
62 72 64 4 75 
7 2
54 22 
22 5
45 81 20 99 7 
13 3
25 67 65 
12 4
97 39 38 65 
1 6
3 25 81 55 65 74 
72 5
15 60 30 85 21 
46 2
59 20 
67 3
13 77 86 
94 4
51 96 98 87 
89 1
68 
10 4
36 70 69 99 
64 6
81 30 58 42 77 27 
96 4
56 94 53 27 
87 3
90 36 94 
20 3
60 22 46 
81 5
64 1 85 22 62 
74 1
1 
