50
4 4
34 3 12 13 
13 6
5 19 39 21 9 4 
12 6
48 25 38 4 29 26 
3 8
1 42 46 43 4 41 15 34 
41 5
28 27 3 1 46 
46 2
3 41 
1 6
3 25 44 41 2 24 
27 4
20 41 23 0 
28 5
19 11 41 15 8 
8 5
19 49 24 9 28 
15 7
29 3 34 14 48 28 44 
19 8
8 28 11 13 0 22 40 43 
43 3
3 14 19 
40 2
9 19 
22 3
7 32 19 
0 5
24 19 45 16 27 
24 5
0 1 8 16 31 
31 2
9 24 
16 8
42 6 0 20 35 33 44 24 
33 4
16 48 2 36 
36 3
30 44 33 
2 4
7 1 33 30 
48 5
6 33 12 15 21 
21 6
29 26 13 34 14 48 
32 6
25 14 39 5 22 49 
7 6
2 22 29 10 14 25 
14 10
7 9 17 47 43 49 23 32 15 21 
44 8
36 23 17 15 16 49 1 20 
34 5
4 21 15 38 3 
9 12
42 17 31 8 13 40 14 29 10 47 18 35 
39 5
10 30 13 6 32 
29 6
21 15 7 12 9 6 
6 4
39 48 16 29 
30 4
36 20 39 2 
11 6
19 45 5 28 17 37 
37 2
49 11 
17 5
9 5 44 14 11 
5 5
13 18 11 17 32 
18 2
5 9 
10 4
39 35 7 9 
25 7
1 45 32 20 23 12 7 
45 3
11 25 0 
26 2
21 12 
38 3
35 12 34 
20 5
30 27 25 16 44 
49 5
37 14 8 44 32 
23 6
35 14 25 44 42 27 
35 6
10 42 23 38 16 9 
47 2
14 9 
42 5
9 16 3 35 23 
