50
16 12
35 30 23 27 17 14 13 3 11 21 37 0 
0 10
47 30 2 35 37 44 8 16 20 40 
37 14
2 16 44 24 11 23 20 39 22 0 30 32 38 45 
3 10
43 42 5 20 16 41 13 7 24 36 
13 10
34 4 43 47 49 5 3 16 23 17 
14 14
33 22 36 16 44 10 15 12 32 26 45 35 28 18 
17 12
11 43 22 29 5 6 46 16 45 35 13 7 
23 13
37 47 29 18 30 45 13 42 12 8 16 40 34 
30 15
24 18 32 4 47 43 37 16 38 41 23 49 2 9 0 
47 17
34 41 24 28 31 13 4 49 23 43 36 5 30 25 12 22 0 
28 8
21 46 14 20 27 31 47 35 
4 15
36 47 30 22 24 11 20 34 5 10 42 27 26 40 13 
5 17
25 13 40 31 33 26 3 47 4 19 6 34 21 17 7 42 41 
25 9
5 2 7 44 22 47 21 34 40 
10 9
27 36 49 4 1 38 41 2 14 
24 13
41 6 30 36 47 43 4 48 37 3 44 26 19 
20 15
43 15 4 0 9 46 28 27 37 11 48 18 3 45 2 
34 16
13 45 23 21 4 43 49 6 1 5 18 27 47 35 32 25 
33 9
35 11 8 14 40 41 7 18 5 
19 11
22 35 2 15 39 44 1 5 24 31 9 
6 11
39 34 44 45 5 32 31 17 11 24 7 
8 9
23 48 41 44 33 46 15 0 42 
42 11
41 12 23 4 43 5 1 3 18 46 8 
46 14
12 8 43 45 26 2 28 17 20 21 18 11 29 42 
18 14
14 20 39 34 12 42 33 46 45 38 23 30 48 43 
7 10
21 43 26 25 27 17 5 3 33 6 
40 11
5 4 23 36 33 29 15 0 9 31 25 
15 12
8 29 39 40 14 20 27 9 32 45 19 2 
48 11
31 18 22 8 44 45 35 39 20 24 41 
9 10
44 49 1 40 20 30 29 15 31 19 
45 15
34 22 39 20 6 46 17 48 18 23 14 37 2 49 15 
2 13
37 25 31 30 46 39 20 0 15 10 26 19 45 
38 9
18 39 27 11 37 22 30 10 32 
32 9
44 41 14 34 37 15 6 30 38 
44 15
8 12 27 48 24 37 14 9 0 22 1 25 32 19 6 
11 11
20 17 6 36 4 38 16 33 46 37 21 
39 12
6 37 43 41 38 48 2 19 45 15 29 18 
36 10
22 4 47 43 10 40 14 11 24 3 
41 16
47 3 39 1 5 31 48 24 21 33 8 27 10 42 32 30 
21 12
5 7 41 27 28 34 25 16 46 29 11 26 
26 9
4 2 7 5 14 46 31 24 21 
29 10
23 15 46 9 17 31 39 40 35 21 
12 9
44 46 35 47 31 42 14 23 18 
31 14
48 41 26 9 28 19 6 40 29 2 49 47 12 5 
43 17
18 39 20 22 30 36 27 42 34 13 17 46 7 3 24 47 49 
1 7
9 44 19 42 34 10 41 
49 10
45 27 9 31 43 47 10 30 34 13 
27 14
43 4 49 44 16 34 21 20 28 7 38 15 41 10 
35 12
12 19 33 16 22 14 34 48 17 28 0 29 
22 14
4 47 35 19 45 25 38 44 43 36 17 48 14 37 
