20
12 7
17 7 13 15 5 3 6 
6 11
11 3 5 13 9 0 10 15 12 2 14 
3 7
14 2 6 5 12 13 4 
15 8
18 16 17 13 14 12 11 6 
13 13
4 15 0 2 19 6 17 9 16 8 7 12 3 
7 8
19 10 17 12 14 1 5 13 
18 8
15 0 16 17 9 1 11 19 
19 8
8 17 7 13 10 5 1 18 
11 7
16 6 2 17 14 15 18 
1 5
16 7 4 19 18 
9 6
17 10 6 13 18 8 
17 11
9 12 8 10 15 19 11 7 13 18 14 
16 7
11 15 1 18 5 13 14 
14 10
11 7 0 15 4 3 5 6 16 17 
2 7
13 4 11 10 6 3 5 
5 10
12 0 6 16 3 4 14 7 19 2 
10 8
8 7 17 9 4 19 2 6 
4 8
2 8 13 1 5 3 10 14 
0 5
18 5 14 6 13 
8 6
10 19 4 13 17 9 
