20
3 6
19 12 1 10 15 17 
17 7
11 19 16 0 15 12 3 
15 13
11 13 2 14 9 17 0 10 5 3 1 8 16 
10 6
1 18 3 5 15 12 
1 11
4 5 3 9 2 19 16 6 10 15 0 
12 12
4 2 7 8 5 3 18 14 6 9 17 10 
16 5
17 7 13 1 15 
13 10
4 14 6 7 5 9 15 0 8 16 
7 10
4 13 12 9 2 19 16 8 11 0 
5 10
12 2 4 13 11 15 0 10 1 9 
9 10
14 12 0 15 7 13 18 1 5 2 
14 11
9 6 13 18 11 2 19 15 0 12 8 
2 10
14 12 7 15 0 5 18 1 4 9 
0 11
15 6 17 9 18 5 1 13 7 2 14 
6 8
14 0 13 4 18 1 19 12 
18 8
9 14 6 2 0 10 4 12 
8 7
4 15 19 12 13 7 14 
11 7
15 17 14 5 7 19 4 
19 8
8 14 17 7 3 1 11 6 
4 10
12 8 13 7 6 2 5 1 18 11 
