50
31 4
49 21 0 12 
12 6
43 0 21 19 26 31 
20 5
35 6 7 38 25 
25 4
27 35 7 20 
38 6
27 28 21 26 35 20 
18 4
9 28 5 16 
16 8
0 23 35 45 6 34 7 18 
21 5
31 19 12 38 10 
10 5
15 3 48 27 21 
23 4
27 1 16 44 
44 7
37 35 17 6 14 41 23 
33 5
46 24 28 35 49 
49 6
31 40 39 34 43 33 
15 4
2 46 10 4 
4 5
30 26 2 15 1 
43 3
12 36 49 
35 14
20 39 38 19 25 32 40 13 29 1 16 33 44 28 
2 4
15 1 11 4 
1 6
13 23 6 2 35 4 
26 4
11 38 12 4 
8 2
0 47 
47 4
37 0 45 8 
11 5
5 40 2 26 32 
32 6
5 35 39 0 42 11 
39 6
13 35 49 30 6 32 
48 4
7 17 45 10 
45 7
13 16 3 28 48 9 47 
19 4
34 21 35 12 
42 1
32 
0 7
12 22 47 16 8 31 32 
22 5
5 0 24 46 36 
36 6
17 37 43 13 22 46 
17 5
30 36 44 48 34 
34 6
19 6 16 49 28 17 
40 5
49 11 46 6 35 
9 5
18 7 14 45 30 
30 4
4 39 17 9 
46 5
33 15 40 22 36 
13 5
1 39 35 45 36 
29 3
37 24 35 
6 8
5 1 20 34 39 40 16 44 
3 2
10 45 
7 6
48 9 25 20 16 5 
5 6
11 22 18 32 6 7 
27 5
23 25 38 10 37 
37 6
29 44 47 36 27 24 
28 6
33 18 35 45 38 34 
41 1
44 
14 2
9 44 
24 4
33 22 29 37 
