50
8 5
1 20 34 23 26 
26 7
38 1 7 49 43 34 8 
23 6
2 6 1 7 37 8 
34 6
9 47 22 26 8 38 
20 6
24 8 1 32 4 15 
16 6
39 36 33 44 5 13 
13 4
31 33 16 11 
5 6
11 37 49 47 16 48 
44 7
25 29 0 16 47 36 32 
33 9
39 13 16 48 0 29 36 6 11 
36 7
10 3 6 19 16 44 33 
47 8
34 2 5 38 44 17 0 29 
29 7
18 15 45 44 33 14 47 
0 9
44 33 1 7 47 49 31 9 40 
17 7
37 24 40 32 27 28 47 
38 10
1 26 2 7 47 4 46 11 21 34 
2 5
38 23 1 47 11 
9 6
43 48 34 7 0 1 
1 15
38 8 12 28 31 2 26 27 10 9 0 15 39 20 23 
7 9
3 32 26 23 9 0 42 38 49 
21 8
37 46 19 45 25 38 14 15 
46 6
21 37 35 32 38 30 
4 4
19 35 20 38 
15 9
30 48 1 29 10 32 11 21 20 
32 13
12 7 35 3 15 17 27 39 20 43 49 46 44 
37 8
17 21 46 25 18 5 23 39 
39 8
33 16 30 32 1 48 40 37 
18 6
28 22 37 24 29 10 
25 8
44 31 35 6 21 37 42 43 
22 7
6 18 48 43 34 14 10 
10 10
30 36 22 11 15 1 18 6 31 19 
14 9
28 35 29 22 30 11 21 3 12 
43 7
9 22 41 32 19 26 25 
48 9
15 9 31 22 11 24 33 39 5 
35 8
4 25 14 46 32 19 12 41 
49 6
26 27 32 5 0 7 
11 11
38 14 42 13 15 10 48 5 3 33 2 
24 7
30 20 17 48 41 45 18 
41 5
31 42 43 24 35 
12 4
32 1 14 35 
19 6
4 43 36 21 35 10 
27 5
49 1 32 17 45 
45 4
29 24 21 27 
6 6
10 25 22 23 36 33 
40 3
17 39 0 
3 5
7 36 32 11 14 
42 5
11 41 7 31 25 
28 4
14 18 1 17 
30 6
24 15 10 39 14 46 
31 8
48 13 41 25 1 0 10 42 
