50
13 13
4 5 30 16 46 17 27 28 31 20 14 34 12 
12 10
32 22 29 48 42 16 46 33 13 38 
34 9
25 49 28 33 41 7 13 22 42 
14 12
11 37 42 39 43 48 45 19 1 41 13 25 
31 10
32 2 28 4 13 20 18 1 3 10 
28 12
13 22 36 31 17 48 37 11 39 34 40 44 
27 8
46 18 42 22 13 7 0 15 
10 10
18 22 16 46 37 21 25 38 20 31 
3 7
41 49 42 16 24 37 31 
20 8
11 13 41 10 40 9 31 45 
4 9
13 18 21 11 16 38 9 31 23 
5 8
13 40 29 37 6 23 36 43 
43 11
26 17 14 7 29 42 47 1 5 30 23 
36 9
42 29 16 24 22 47 35 28 5 
23 13
45 38 5 1 9 0 29 22 8 16 33 43 4 
6 5
17 8 5 1 49 
9 9
42 41 4 23 40 20 39 17 18 
18 11
10 42 4 46 30 38 35 2 31 27 9 
17 12
43 13 21 24 6 42 1 2 19 28 9 46 
39 14
45 28 7 41 22 9 1 32 15 29 26 37 14 44 
45 8
22 23 37 33 8 14 39 20 
40 10
24 29 15 9 28 5 1 20 7 35 
41 12
3 25 9 29 21 34 14 20 39 44 46 22 
8 6
48 23 6 32 49 45 
49 8
34 3 35 0 48 6 8 11 
32 11
15 12 48 31 35 39 1 8 16 21 47 
22 13
10 12 39 34 45 19 36 23 28 48 27 25 41 
25 10
10 41 35 1 21 44 16 34 14 22 
48 18
8 38 32 30 15 29 33 44 12 49 2 46 28 22 0 1 37 14 
19 11
2 47 42 17 22 33 44 16 14 21 0 
1 17
43 21 31 17 48 0 42 6 35 23 40 39 32 30 25 14 37 
42 12
36 19 9 27 17 18 3 1 12 43 14 34 
7 6
26 43 34 40 39 27 
0 10
46 49 21 23 27 48 1 35 26 19 
21 10
17 4 1 25 41 10 0 19 32 46 
16 11
13 12 10 46 3 4 36 23 19 25 32 
44 7
25 41 39 37 48 28 19 
33 9
34 48 45 19 35 12 38 24 23 
24 7
17 3 40 37 36 33 38 
38 10
48 30 23 33 18 29 10 4 12 24 
30 11
15 38 13 43 47 35 2 37 18 1 48 
15 9
30 46 32 2 48 27 39 40 11 
29 11
38 5 41 12 43 40 39 36 23 48 11 
2 9
46 19 26 15 30 17 31 48 18 
37 12
24 10 44 30 45 28 48 14 39 1 5 3 
35 11
49 0 11 32 25 1 18 40 30 36 33 
46 13
2 12 15 0 10 16 18 13 41 21 27 48 17 
11 8
14 20 35 28 15 29 4 49 
26 5
43 7 2 39 0 
47 5
19 43 30 36 32 
