20
8 8
11 7 17 6 10 18 1 14 
14 8
7 3 17 2 19 15 0 8 
5 8
4 1 2 9 17 10 0 15 
15 11
14 4 6 19 2 10 0 17 1 18 5 
0 7
19 4 9 15 14 3 5 
17 11
19 13 10 15 5 18 8 16 14 4 12 
12 7
11 16 17 9 18 1 2 
4 9
16 6 5 1 3 17 15 0 10 
16 9
6 4 2 12 9 17 13 7 3 
7 5
14 9 8 16 11 
11 6
8 6 12 10 13 7 
13 6
16 19 9 17 11 10 
10 12
17 19 2 15 11 3 1 5 8 4 13 6 
19 7
15 0 10 17 9 13 14 
2 6
14 15 10 16 5 12 
1 8
4 5 3 18 15 10 8 12 
9 9
19 3 5 0 6 13 7 16 12 
6 8
11 9 4 16 8 15 10 18 
3 8
9 18 1 14 10 0 4 16 
18 7
15 8 3 1 17 12 6 
