50
24 11
9 38 19 26 40 18 11 30 33 32 6 
6 12
49 46 16 33 9 1 5 0 15 10 2 24 
33 9
6 3 38 9 31 24 22 15 49 
30 8
18 9 15 2 35 11 24 7 
31 3
37 33 16 
16 10
6 19 15 29 7 18 3 9 31 42 
22 7
7 33 2 40 34 39 4 
4 7
13 0 48 28 47 49 22 
39 4
13 22 12 21 
2 10
6 27 28 17 19 47 30 22 13 41 
7 8
14 15 45 17 11 22 30 16 
21 4
13 43 42 39 
12 12
42 36 44 18 32 40 20 39 10 0 29 28 
11 8
26 36 30 38 43 24 7 28 
28 13
32 27 20 14 23 29 8 2 26 12 43 4 11 
25 10
46 32 18 45 26 29 34 17 48 37 
37 7
3 31 42 14 36 23 25 
48 5
5 14 4 43 25 
34 7
46 22 15 20 27 47 25 
29 5
12 28 16 25 10 
26 10
11 24 18 13 19 35 25 36 40 28 
41 4
0 3 2 38 
47 10
49 4 23 10 42 34 1 2 45 27 
19 8
24 5 43 49 16 26 2 14 
17 9
1 25 7 8 20 14 10 15 2 
8 5
35 18 28 17 23 
23 4
28 37 47 8 
15 10
34 30 45 6 17 1 16 33 7 13 
13 9
4 21 2 26 39 20 40 15 18 
1 6
36 17 6 18 47 15 
32 7
28 24 14 25 3 12 0 
0 7
12 10 4 41 6 32 20 
40 11
22 24 46 44 10 14 13 35 26 12 27 
36 8
1 37 11 12 49 26 35 44 
10 12
12 40 17 38 46 35 18 3 47 0 29 6 
3 7
37 32 42 41 10 33 16 
27 7
28 2 44 20 34 40 47 
20 11
5 34 43 13 28 27 17 12 0 45 44 
14 9
7 32 40 18 37 28 48 17 19 
42 9
12 3 37 21 45 43 47 44 16 
45 9
25 15 7 44 46 42 20 47 9 
49 6
6 36 47 4 19 33 
43 9
42 21 11 19 20 46 5 28 48 
5 6
20 48 19 43 6 46 
46 8
6 40 34 25 10 43 45 5 
35 7
8 18 40 26 10 30 36 
18 13
30 35 26 12 9 16 8 25 14 10 24 1 13 
9 7
24 30 18 33 16 6 45 
44 7
12 42 27 45 40 20 36 
38 5
24 11 10 33 41 
