30
18 3
14 3 9 
9 3
25 5 18 
5 5
7 13 23 9 25 
25 8
12 15 29 9 17 5 14 24 
23 6
27 11 12 19 5 10 
15 8
25 8 13 1 3 28 27 17 
17 7
7 26 11 20 25 10 15 
27 7
21 20 23 22 19 0 15 
13 10
20 15 6 12 22 19 26 28 5 3 
3 6
14 0 15 21 18 13 
28 5
10 15 6 13 7 
26 6
17 22 19 4 13 6 
22 5
26 27 13 0 16 
29 5
7 8 16 25 19 
19 8
13 26 27 21 23 4 0 29 
20 6
0 13 7 17 27 2 
2 3
1 16 20 
6 4
13 21 28 26 
14 5
18 3 16 8 25 
4 4
26 19 11 1 
21 7
0 27 3 6 19 16 8 
8 9
7 0 29 10 15 14 24 11 21 
10 8
11 12 28 17 8 16 0 23 
16 7
21 14 12 29 10 2 22 
0 9
20 8 3 19 21 10 27 22 12 
1 4
15 2 24 4 
7 7
29 5 20 8 24 17 28 
12 6
23 25 16 13 10 0 
24 4
8 1 7 25 
11 5
23 10 8 17 4 
