20
17 11
6 12 9 8 16 19 7 1 3 10 11 
11 9
12 8 14 13 7 17 9 3 18 
10 12
16 14 0 15 4 12 17 2 19 18 1 5 
3 6
11 0 17 4 19 2 
7 13
4 5 18 13 14 9 17 15 0 11 19 2 8 
8 10
19 17 11 12 0 14 6 5 16 7 
2 8
19 10 4 16 7 13 12 3 
18 10
4 5 1 10 16 9 6 7 13 11 
9 10
17 14 4 5 18 12 19 7 13 11 
14 12
6 4 10 19 8 9 13 7 12 11 1 5 
13 12
4 11 14 7 9 2 5 18 1 12 15 0 
12 11
11 17 9 14 15 0 10 2 13 8 16 
16 11
17 10 15 0 18 1 5 19 2 12 8 
4 12
14 13 7 6 9 0 10 18 1 3 5 2 
5 10
9 7 13 8 16 10 14 18 1 4 
1 10
6 14 17 16 4 13 10 15 18 5 
19 9
16 8 3 2 14 7 17 9 10 
6 7
14 17 4 1 18 8 15 
15 8
12 16 0 10 1 7 13 6 
0 9
12 15 10 3 4 8 16 7 13 
