30
14 3
5 9 23 
23 7
27 28 19 29 20 14 4 
9 4
20 14 8 29 
5 3
14 20 19 
20 8
5 9 8 10 24 22 23 25 
25 7
16 8 21 19 1 20 13 
22 3
20 2 3 
24 4
15 17 20 1 
10 6
21 11 0 16 20 28 
8 5
12 20 25 9 16 
16 4
25 11 10 8 
11 5
16 21 27 10 7 
1 5
17 27 25 24 18 
18 3
2 19 1 
27 6
23 1 29 0 11 17 
29 4
27 9 7 23 
3 3
13 0 22 
2 3
18 21 22 
17 6
1 4 24 27 6 12 
0 4
6 3 10 27 
7 2
29 11 
13 2
3 25 
15 3
24 19 26 
26 2
12 15 
19 5
18 5 23 25 15 
21 4
10 11 25 2 
4 2
17 23 
28 2
23 10 
6 2
0 17 
12 3
26 8 17 
