30
29 4
25 18 2 10 
10 6
19 14 6 11 29 23 
2 8
18 24 20 9 28 17 29 22 
13 3
7 5 1 
1 9
15 19 9 17 20 13 21 6 3 
15 4
1 23 28 6 
6 7
23 22 7 1 9 10 15 
16 2
19 17 
17 5
4 1 7 2 16 
3 8
26 8 21 9 14 7 1 4 
4 4
26 3 17 27 
9 5
2 25 1 3 6 
19 5
16 10 1 26 7 
7 11
13 24 25 6 28 27 17 3 20 19 0 
20 9
24 12 1 18 5 2 14 7 28 
28 4
7 15 2 20 
14 3
10 3 20 
5 4
13 20 8 11 
18 6
23 25 2 29 20 12 
21 3
12 3 1 
22 4
6 26 2 24 
24 6
20 7 2 0 22 25 
0 3
24 7 26 
26 6
25 3 22 4 19 0 
25 6
26 7 29 18 9 24 
11 3
8 10 5 
8 3
11 3 5 
12 3
21 20 18 
23 4
6 18 15 10 
27 2
7 4 
