30
5 9
19 21 11 17 1 18 0 16 8 
8 17
14 4 5 27 9 23 28 7 29 13 15 6 19 12 24 20 21 
0 12
16 22 25 2 26 7 5 29 10 11 24 14 
1 9
22 4 5 3 11 27 12 15 10 
10 8
16 0 15 29 2 19 18 1 
12 9
25 2 11 1 4 16 8 7 17 
22 8
0 19 6 1 3 17 9 4 
4 12
27 17 8 7 13 22 23 11 24 12 1 3 
9 7
8 2 20 3 6 23 22 
17 13
28 13 7 29 4 2 19 5 24 14 20 22 12 
23 11
3 20 25 27 9 7 13 16 8 11 4 
6 9
18 20 22 8 16 9 2 26 21 
3 9
1 11 22 23 27 9 13 7 4 
24 7
17 18 11 21 4 8 0 
14 10
25 21 8 16 2 28 17 27 13 0 
29 6
8 7 17 0 10 19 
7 15
19 12 21 11 25 8 0 16 3 29 15 13 4 23 17 
28 6
17 11 14 18 16 8 
18 12
6 25 10 16 20 5 27 28 19 21 24 11 
11 14
18 5 3 23 12 15 1 0 24 19 25 7 28 4 
15 8
1 7 19 20 11 8 16 10 
19 13
7 13 22 26 17 11 5 18 15 10 29 16 8 
16 14
5 15 10 0 12 25 23 19 6 28 7 18 26 14 
13 8
17 19 3 7 4 14 23 8 
26 7
25 20 19 0 21 16 6 
21 10
5 18 24 14 20 26 2 6 8 7 
20 10
15 6 26 18 21 23 9 17 25 8 
25 11
12 18 26 11 0 23 14 20 16 7 27 
27 8
4 18 3 1 8 14 23 25 
2 8
12 17 9 14 0 10 6 21 
