50
16 7
33 8 47 5 42 17 31 
31 6
25 29 49 4 44 16 
17 11
25 48 23 42 47 43 16 33 2 45 34 
47 3
16 17 6 
6 4
5 24 10 47 
42 9
36 16 32 40 0 45 48 17 21 
21 8
22 10 26 35 20 18 42 27 
45 7
22 32 1 40 20 42 17 
0 4
3 42 10 49 
40 5
32 45 38 42 5 
49 9
11 25 19 48 31 0 23 22 36 
36 5
34 35 42 32 49 
44 8
28 48 31 19 35 5 1 20 
4 9
34 30 23 26 19 31 33 46 12 
22 6
45 49 21 12 7 41 
41 7
37 14 20 39 23 22 48 
12 10
32 7 46 24 37 22 18 1 20 4 
14 5
41 27 1 25 10 
10 13
33 32 6 2 26 0 29 21 28 30 23 14 13 
25 8
29 49 13 14 1 31 17 9 
34 4
36 4 9 17 
9 6
37 15 34 33 35 25 
35 9
36 20 3 44 8 37 21 19 9 
33 12
38 10 16 46 2 30 17 9 4 32 1 24 
15 6
7 5 18 11 9 28 
28 5
44 10 15 39 3 
11 3
49 15 5 
39 4
41 1 28 30 
30 6
24 4 38 10 33 39 
1 12
48 43 26 2 45 12 14 39 25 44 33 32 
5 9
15 44 16 6 13 23 2 11 40 
46 5
18 2 33 12 4 
7 5
15 12 22 2 20 
20 10
23 43 35 45 21 44 12 32 41 7 
2 9
7 46 33 10 17 3 1 5 24 
13 4
25 5 29 10 
23 9
20 17 41 5 49 4 29 10 37 
29 7
25 23 13 31 48 19 10 
26 6
1 21 24 4 10 38 
32 12
38 45 24 12 42 36 10 27 33 40 20 1 
19 7
18 44 29 24 49 4 35 
8 4
38 16 18 35 
3 4
0 2 35 28 
27 4
14 43 32 21 
43 7
20 1 24 37 27 17 48 
48 8
1 42 17 29 44 49 43 41 
38 7
32 30 8 33 37 40 26 
18 6
19 15 46 8 12 21 
37 7
9 41 38 35 43 12 23 
24 9
30 12 43 32 6 26 19 2 33 
