100
23 6
89 90 79 85 73 93 
93 10
0 59 92 90 2 49 86 75 80 23 
85 7
94 98 46 23 75 73 49 
77 7
60 84 80 81 69 1 70 
70 5
39 95 0 54 77 
1 11
94 91 95 7 89 84 49 86 77 46 8 
69 5
4 57 9 27 77 
80 7
51 2 93 0 12 77 75 
84 9
90 4 77 1 55 9 21 22 30 
72 6
55 31 16 4 86 0 
0 9
93 51 86 10 70 90 80 76 72 
86 8
72 1 14 93 26 0 87 42 
5 6
7 22 68 87 37 31 
31 4
72 60 55 5 
37 10
25 50 38 21 56 90 53 32 5 95 
87 9
78 96 62 25 56 3 5 75 86 
68 4
53 28 5 73 
22 8
20 84 63 15 55 5 42 2 
74 4
71 6 90 38 
38 4
79 37 60 74 
90 15
84 82 6 37 12 0 56 28 27 92 74 93 57 66 23 
13 3
79 7 51 
51 5
0 53 80 13 52 
7 9
58 96 13 26 42 91 5 1 18 
59 8
95 15 93 96 33 39 20 53 
53 9
55 44 21 37 59 51 68 3 29 
20 4
22 59 56 48 
33 3
78 59 73 
50 3
92 37 21 
21 7
53 34 37 84 24 61 50 
67 3
62 46 48 
48 7
64 8 17 27 32 67 20 
46 8
57 95 85 1 67 64 60 54 
95 10
27 1 64 60 46 44 70 59 37 78 
32 5
83 91 37 48 17 
56 7
45 90 20 37 24 87 36 
54 5
4 70 9 28 46 
60 10
31 63 26 58 77 95 65 36 38 46 
64 9
94 40 35 45 95 65 46 48 4 
73 7
23 63 2 12 68 85 33 
6 6
3 90 74 27 71 57 
57 5
46 69 90 63 6 
71 4
74 88 12 6 
27 8
10 90 95 36 6 48 28 69 
28 10
43 58 54 90 9 75 27 68 91 16 
11 2
91 17 
17 4
48 42 32 11 
91 6
1 32 11 75 28 7 
82 4
62 29 66 90 
12 11
80 16 52 88 62 90 39 89 71 73 10 
92 7
29 50 4 40 90 93 81 
75 10
8 4 28 85 91 87 26 93 80 40 
3 4
6 87 53 41 
25 3
37 39 87 
62 12
82 4 30 12 98 34 67 97 81 87 76 96 
96 5
59 7 87 63 62 
83 4
19 32 76 47 
47 4
15 81 36 83 
76 5
39 26 0 83 62 
19 4
40 83 88 94 
16 3
72 12 28 
58 4
60 28 7 41 
43 5
44 81 45 28 10 
30 4
99 62 44 84 
44 7
63 43 53 95 30 2 78 
41 5
39 2 97 3 58 
9 4
28 69 54 84 
55 7
72 26 53 31 22 88 84 
40 6
19 64 18 88 92 75 
26 8
18 60 55 76 7 75 86 61 
42 8
63 14 17 61 86 7 66 22 
14 4
42 99 86 10 
49 3
1 93 85 
2 7
41 80 94 44 73 93 22 
97 6
94 41 62 39 89 65 
65 5
63 60 39 64 97 
89 4
23 12 1 97 
39 9
70 76 59 41 25 65 12 97 99 
98 5
85 78 24 66 62 
66 6
4 94 82 90 98 42 
24 5
79 61 56 21 98 
78 6
29 87 98 95 33 44 
29 4
78 92 82 53 
61 4
42 21 24 26 
8 3
75 48 1 
36 4
47 27 60 56 
88 7
71 40 12 79 55 19 15 
10 5
27 0 12 43 14 
99 5
30 14 39 81 35 
34 2
21 62 
52 2
12 51 
35 2
64 99 
79 6
13 18 38 24 23 88 
18 4
26 40 79 7 
45 3
56 43 64 
81 6
99 77 47 43 62 92 
4 9
69 75 66 84 62 54 72 92 64 
94 7
85 1 66 64 97 2 19 
15 4
47 59 22 88 
63 8
60 42 65 22 57 73 44 96 
