50
13 5
45 17 22 10 0 
0 4
45 13 8 36 
22 9
32 13 45 4 46 16 25 15 23 
17 4
13 36 21 32 
45 6
0 24 35 13 22 49 
15 3
34 32 22 
32 6
38 22 15 37 14 17 
34 3
7 15 5 
23 6
14 21 28 2 33 22 
25 3
16 39 22 
16 2
25 22 
46 4
3 18 33 22 
4 5
37 22 14 47 6 
36 3
18 17 0 
8 4
26 5 0 41 
21 6
40 17 48 23 43 47 
40 4
21 39 44 31 
31 2
42 40 
44 4
24 40 43 33 
39 6
25 30 2 35 40 1 
33 5
46 44 12 20 23 
18 2
36 46 
3 2
46 42 
2 4
39 37 24 23 
28 4
5 49 23 19 
14 6
23 4 19 27 32 5 
47 3
12 4 21 
48 4
10 21 11 27 
20 3
1 33 10 
10 4
13 48 29 20 
1 2
20 39 
24 5
44 6 45 2 30 
37 7
4 41 7 32 27 2 30 
35 3
45 19 39 
19 7
5 14 35 38 30 28 29 
27 5
11 37 14 48 12 
12 5
29 47 42 33 27 
11 2
27 48 
29 3
12 19 10 
30 5
39 19 24 37 9 
38 3
32 19 42 
5 5
8 19 28 14 34 
7 2
34 37 
41 2
37 8 
26 2
8 43 
42 6
9 31 43 12 38 3 
43 4
21 42 44 26 
9 2
42 30 
6 2
24 4 
49 2
28 45 
