100
73 3
65 30 72 
72 2
67 73 
30 5
81 73 31 94 76 
65 6
1 25 54 97 73 31 
45 2
15 75 
75 4
47 81 45 89 
15 5
35 45 13 58 12 
57 9
90 98 20 31 32 82 11 18 7 
7 2
3 57 
18 3
39 24 57 
11 2
68 57 
82 2
32 57 
32 4
82 47 57 87 
31 12
65 30 57 91 56 84 59 81 35 66 25 61 
20 3
53 25 57 
98 2
66 57 
90 4
57 93 58 34 
61 3
47 31 27 
25 7
20 62 78 17 31 65 43 
66 9
98 2 87 68 38 31 37 49 95 
35 7
15 97 28 31 80 89 54 
81 9
67 30 55 6 12 75 31 85 33 
59 4
58 38 31 97 
84 4
31 97 92 51 
56 2
83 31 
91 3
31 39 86 
86 2
87 91 
39 4
76 18 92 91 
87 7
86 10 66 68 32 74 79 
79 3
60 24 87 
74 3
3 6 87 
68 7
11 78 99 9 42 66 87 
10 2
87 37 
89 3
8 35 75 
47 6
88 32 61 27 75 34 
64 5
38 14 40 26 63 
63 2
27 64 
26 4
49 64 83 21 
40 3
14 64 16 
14 6
40 38 62 58 64 53 
38 6
64 43 14 44 66 59 
44 2
38 85 
43 5
93 25 38 88 3 
27 4
63 96 47 61 
12 5
50 69 19 81 15 
58 7
8 90 14 24 59 0 15 
13 3
15 93 53 
76 2
39 30 
94 2
21 30 
51 6
48 46 95 52 23 84 
92 4
3 84 34 39 
97 5
65 35 84 59 50 
0 5
54 28 85 36 58 
24 7
41 33 34 18 83 79 58 
8 7
89 95 83 58 77 67 9 
83 5
71 24 56 8 26 
60 3
77 79 99 
6 3
74 48 81 
48 5
51 36 22 77 6 
33 2
24 81 
19 3
29 12 34 
69 3
37 12 67 
50 2
12 97 
42 3
70 68 85 
85 8
93 81 0 70 41 4 42 44 
70 2
42 85 
9 2
68 8 
34 6
24 92 90 19 1 47 
93 8
43 23 13 85 5 16 90 54 
36 5
49 5 0 48 99 
99 3
68 36 60 
5 4
54 36 95 93 
49 4
26 36 66 29 
29 2
19 49 
52 2
21 51 
21 4
94 52 16 26 
16 5
80 21 71 93 40 
71 2
83 16 
80 2
16 35 
96 2
27 95 
95 5
51 8 96 66 5 
3 4
7 92 74 43 
88 2
47 43 
54 5
0 5 35 93 65 
28 4
23 35 2 0 
17 2
25 1 
1 3
65 34 17 
23 3
28 93 51 
46 2
51 53 
77 3
60 48 8 
22 2
37 48 
4 2
78 85 
78 3
4 25 68 
53 4
20 14 46 13 
2 3
66 28 55 
41 2
24 85 
67 4
72 81 69 8 
37 4
22 69 66 10 
55 2
81 2 
62 2
25 14 
