50
5 13
1 20 40 10 15 16 33 38 25 4 2 26 31 
31 7
37 49 34 10 27 5 45 
26 8
2 14 48 13 49 16 10 5 
2 12
26 18 5 30 23 4 40 29 0 7 41 17 
4 10
27 36 8 44 46 5 35 2 45 12 
25 6
30 44 5 35 20 27 
33 6
28 17 16 49 5 21 
16 13
21 9 26 33 20 34 47 5 15 10 38 22 30 
15 9
13 12 42 48 28 16 5 18 36 
10 13
0 12 34 31 11 24 21 5 46 8 16 26 49 
40 5
5 30 47 2 34 
21 7
35 9 41 11 10 16 33 
49 9
39 26 38 47 23 31 48 33 10 
17 5
32 33 0 7 2 
7 6
47 18 17 19 2 12 
0 8
32 8 47 10 17 34 1 2 
34 13
31 27 9 10 0 29 47 37 39 40 1 44 16 
47 19
39 32 48 11 8 36 43 49 19 0 22 1 16 3 41 7 34 13 40 
30 8
11 2 25 14 40 42 9 16 
1 9
41 13 47 43 0 22 34 5 3 
36 4
47 4 3 15 
3 8
42 13 8 47 37 36 1 20 
22 8
44 16 14 39 47 43 1 38 
43 8
29 8 44 32 47 1 22 48 
13 6
15 37 26 47 3 1 
41 5
21 1 47 46 2 
38 11
5 19 48 27 49 24 29 14 16 46 22 
39 10
47 49 37 22 44 20 34 42 35 28 
20 7
16 39 14 5 3 11 25 
11 7
30 21 37 10 29 47 20 
14 8
12 26 23 22 30 38 20 27 
19 7
9 48 7 38 46 44 47 
44 11
22 8 25 4 43 24 39 34 32 19 29 
46 10
19 4 10 29 28 48 6 32 41 38 
48 10
38 23 15 19 26 47 49 43 46 42 
32 7
17 0 42 47 43 46 44 
8 8
44 3 4 43 47 0 10 23 
23 8
14 48 2 49 18 42 24 8 
28 7
45 33 46 15 29 39 6 
35 5
21 6 4 25 39 
42 7
3 30 23 32 48 39 15 
29 10
2 43 6 46 44 11 34 38 9 28 
37 6
31 13 3 39 34 11 
18 4
2 23 7 15 
12 6
14 10 15 27 7 4 
9 6
19 21 16 29 30 34 
6 5
35 24 29 46 28 
24 5
6 38 10 44 23 
45 3
28 31 4 
27 7
4 34 14 38 25 12 31 
