100
48 2
5 90 
90 4
40 72 48 7 
5 5
48 9 46 73 2 
75 6
61 19 36 92 63 29 
29 3
40 2 75 
63 2
4 75 
92 3
28 75 30 
36 5
50 84 75 96 77 
19 7
52 1 62 75 69 58 12 
61 3
75 28 67 
2 13
64 66 3 1 5 12 14 28 24 84 80 62 29 
73 5
87 45 20 5 52 
46 5
5 60 62 41 44 
9 3
56 68 5 
15 3
85 31 55 
55 5
86 15 82 26 76 
31 5
39 83 17 25 15 
85 2
15 96 
67 5
52 6 61 53 64 
28 6
16 61 92 74 2 41 
38 4
65 83 43 27 
27 2
0 38 
43 3
21 37 38 
83 4
74 31 41 38 
65 7
72 38 77 89 84 41 32 
96 4
68 36 57 85 
22 4
25 3 82 71 
71 6
53 80 22 50 99 56 
82 6
94 55 22 98 70 78 
3 5
2 22 1 34 40 
25 4
22 26 31 89 
89 3
65 25 39 
26 5
7 55 25 20 35 
99 4
44 56 47 71 
47 3
99 78 69 
56 4
9 58 99 71 
44 2
99 46 
40 6
76 90 29 3 51 94 
1 8
37 11 2 19 81 3 68 72 
72 5
65 1 41 90 0 
68 7
96 32 52 1 84 9 13 
81 2
45 1 
11 2
51 1 
37 2
1 43 
76 4
40 60 86 55 
86 3
97 55 76 
60 7
41 49 18 46 76 98 97 
34 3
80 3 14 
14 5
79 21 95 2 34 
80 8
4 30 71 78 34 20 69 2 
95 2
14 69 
21 4
57 43 58 14 
79 3
14 69 49 
12 3
0 2 19 
58 3
56 19 21 
69 6
80 19 79 23 95 47 
62 4
39 46 2 19 
52 5
68 19 67 45 73 
23 3
20 69 54 
45 5
52 81 73 17 16 
35 4
13 24 87 26 
20 6
23 8 26 73 80 77 
7 3
10 26 90 
57 2
21 96 
16 2
28 45 
17 4
91 31 45 88 
39 4
33 31 62 89 
41 8
60 72 65 83 87 8 46 28 
49 2
60 79 
84 5
65 36 2 68 66 
66 3
91 2 84 
30 5
88 70 80 92 42 
42 2
93 30 
70 3
30 82 93 
88 2
30 17 
0 5
27 6 12 72 59 
10 3
7 6 74 
32 3
68 65 91 
77 3
65 36 20 
53 3
54 71 67 
54 2
53 23 
93 4
98 42 78 70 
78 6
93 47 74 82 33 80 
98 4
93 82 6 60 
6 4
0 10 98 67 
94 2
82 40 
91 3
17 66 32 
33 2
39 78 
4 3
63 87 80 
8 4
20 41 24 18 
87 4
73 35 41 4 
74 5
83 51 78 28 10 
97 2
86 60 
18 3
59 60 8 
59 2
18 0 
51 3
11 74 40 
13 2
35 68 
64 2
2 67 
24 3
35 2 8 
50 2
36 71 
