50
22 10
37 7 41 27 18 6 44 33 2 19 
19 8
13 39 11 27 32 6 49 22 
33 7
9 18 40 24 47 22 30 
6 17
17 20 16 35 19 23 1 22 18 32 8 38 14 34 31 27 13 
26 10
7 32 38 48 9 28 10 11 24 45 
45 9
1 5 25 46 9 0 40 34 26 
24 6
42 47 5 33 7 26 
10 6
8 36 28 26 7 15 
28 14
23 13 47 2 36 38 26 37 10 34 20 11 48 44 
38 12
34 39 49 47 4 43 5 26 28 6 12 29 
32 13
19 35 26 18 9 12 7 39 29 46 6 43 49 
49 9
38 19 2 30 36 12 42 32 16 
46 8
29 18 21 45 35 32 48 9 
27 8
4 22 9 35 19 29 6 44 
44 12
16 40 39 21 47 42 28 27 9 30 22 23 
35 9
23 41 46 29 0 32 6 27 48 
48 8
18 5 14 28 46 12 26 35 
0 12
9 4 23 15 45 2 35 42 25 40 20 18 
9 17
0 33 13 2 45 17 46 44 8 4 32 26 14 39 27 20 21 
14 10
29 42 13 34 40 4 48 9 6 23 
23 11
28 35 43 4 0 37 7 6 44 39 14 
34 11
38 25 6 20 14 39 2 45 31 28 11 
11 10
3 26 19 21 30 40 20 34 28 7 
5 13
29 24 45 48 3 18 43 16 39 40 20 42 38 
42 10
24 13 7 41 5 49 14 39 44 0 
20 9
34 6 9 28 25 11 0 3 5 
40 10
11 0 14 39 31 44 33 45 5 25 
16 9
13 37 44 6 31 5 4 47 49 
47 11
24 41 38 15 16 44 33 12 18 17 28 
12 11
1 7 32 17 48 49 47 2 25 38 21 
21 10
29 2 8 44 46 9 17 11 37 12 
2 12
22 21 3 0 34 39 31 9 28 49 7 12 
17 11
6 9 7 18 47 15 29 12 39 21 37 
18 12
17 48 22 5 41 33 46 4 47 32 6 0 
36 5
25 39 10 49 28 
1 9
12 45 6 30 25 39 4 15 3 
3 8
7 2 20 11 37 30 5 1 
15 6
17 7 47 1 0 10 
8 4
21 10 9 6 
7 15
26 15 23 22 2 11 24 30 25 32 12 10 42 3 17 
29 10
21 14 46 5 35 32 4 27 17 38 
43 5
23 5 32 38 41 
30 9
7 31 4 49 11 44 33 1 3 
4 12
16 30 23 14 18 1 38 27 9 0 29 13 
13 10
16 19 41 14 42 9 31 28 6 4 
31 9
2 30 37 16 34 40 41 13 6 
25 9
12 36 1 45 7 34 20 40 0 
37 9
16 39 3 21 22 23 31 28 17 
39 16
19 5 44 17 41 42 2 23 36 32 34 40 38 37 9 1 
41 9
13 22 35 31 18 42 39 47 43 
