50
2 8
38 35 43 21 39 23 36 8 
8 10
25 40 33 16 17 27 21 12 43 2 
36 6
31 15 33 37 13 2 
23 13
41 47 1 18 31 28 24 37 44 33 29 2 39 
39 7
6 2 12 18 7 23 25 
25 7
27 5 24 11 8 19 39 
19 10
45 46 13 0 22 30 25 42 9 11 
11 3
25 47 19 
9 7
31 38 0 24 21 35 19 
42 6
18 30 21 45 19 4 
30 11
38 37 24 4 19 40 42 12 10 48 46 
0 9
15 19 9 33 41 7 18 5 14 
4 5
32 31 30 7 42 
45 8
19 42 41 15 29 38 24 40 
21 12
22 2 42 5 3 28 17 27 9 46 8 29 
49 4
22 24 7 6 
6 4
39 37 31 49 
7 11
35 32 15 29 0 31 4 49 20 39 38 
24 13
35 45 46 3 18 15 30 23 9 25 38 49 34 
22 11
21 1 16 19 26 47 49 41 34 20 29 
44 6
18 40 26 23 31 10 
10 8
1 28 15 26 30 33 44 13 
31 13
14 36 23 4 3 5 9 17 48 6 7 44 16 
12 6
39 3 35 8 16 30 
16 7
22 1 8 15 48 31 12 
35 11
7 2 24 9 28 27 43 12 40 20 5 
3 8
13 31 12 24 21 15 26 1 
43 5
1 13 2 35 8 
13 8
26 19 3 18 43 33 36 10 
5 8
25 46 31 0 32 21 26 35 
20 6
7 37 29 22 26 35 
27 8
38 25 1 21 8 35 17 14 
28 7
41 21 10 23 26 35 17 
14 4
46 0 31 27 
17 6
40 21 31 27 28 8 
1 9
10 43 22 23 27 16 37 34 3 
40 6
17 44 8 30 35 45 
47 6
32 22 23 48 11 26 
18 8
42 44 13 23 0 29 39 24 
29 12
32 15 23 22 46 18 41 7 20 45 26 21 
32 8
7 47 4 48 29 15 5 33 
46 8
19 14 5 21 24 29 15 30 
41 8
28 45 23 22 15 0 29 33 
33 9
8 26 13 41 0 10 36 23 32 
34 3
22 1 24 
26 11
13 20 44 33 28 22 29 10 5 3 47 
38 9
30 27 9 24 37 7 15 2 45 
15 14
45 38 3 16 46 7 24 37 32 41 10 29 0 36 
48 5
32 31 16 47 30 
37 8
6 20 15 30 23 36 1 38 
