100
92 1
42 
42 3
10 19 92 
89 1
6 
6 3
80 74 89 
60 1
14 
14 2
46 60 
78 2
45 57 
57 2
84 78 
45 4
51 70 78 16 
88 1
69 
69 2
5 88 
82 1
77 
77 2
71 82 
49 2
63 90 
90 2
51 49 
63 2
79 49 
40 1
21 
21 2
53 40 
20 1
55 
55 3
76 53 20 
86 1
27 
27 5
67 76 8 5 86 
91 1
1 
1 2
73 91 
19 5
58 50 25 66 42 
24 1
51 
51 4
90 96 45 24 
79 2
66 63 
71 4
80 84 98 77 
29 1
10 
10 4
42 54 37 29 
99 1
4 
4 4
46 80 87 99 
0 1
83 
83 2
2 0 
28 1
67 
67 5
46 43 27 28 65 
97 2
37 31 
31 1
97 
37 4
65 44 97 10 
54 2
10 73 
73 5
44 26 35 54 1 
68 2
87 56 
56 2
68 22 
87 4
4 72 48 68 
2 3
80 83 81 
96 4
34 51 47 3 
9 1
7 
7 4
80 85 9 12 
93 2
48 59 
59 1
93 
48 3
87 93 33 
94 3
85 38 61 
61 1
94 
38 1
94 
85 3
7 13 94 
34 2
41 96 
41 3
44 75 34 
46 5
67 4 58 44 14 
53 3
30 55 21 
26 3
84 73 17 
17 2
26 50 
16 1
45 
32 2
44 76 
76 4
27 55 32 15 
5 2
27 69 
72 1
87 
50 2
19 17 
65 3
67 37 11 
43 3
67 64 30 
11 1
65 
12 1
7 
80 5
4 71 7 6 2 
44 5
32 46 73 41 37 
58 3
46 52 19 
22 1
56 
66 2
19 79 
15 1
76 
13 2
85 39 
23 2
33 47 
47 3
96 36 23 
39 1
13 
33 2
23 48 
98 1
71 
84 3
26 57 71 
52 1
58 
75 2
41 18 
18 2
75 95 
35 1
73 
95 1
18 
8 1
27 
70 1
45 
3 2
96 62 
30 3
64 53 43 
64 2
30 43 
36 1
47 
74 1
6 
25 1
19 
81 1
2 
62 1
3 
