30
20 9
9 13 26 2 1 3 4 25 21 
21 5
14 20 13 24 10 
25 6
19 8 9 27 20 24 
4 4
29 20 14 3 
3 8
1 6 26 13 20 16 24 4 
1 4
5 3 20 6 
2 6
5 24 22 13 20 8 
26 8
12 3 18 20 22 23 10 19 
13 9
20 23 3 2 21 11 12 15 9 
9 7
20 18 5 27 19 13 25 
14 5
21 28 15 4 16 
16 5
24 22 23 3 14 
15 4
14 7 13 22 
28 4
29 14 23 17 
19 8
25 27 17 9 23 22 6 26 
10 6
27 11 21 6 26 7 
23 8
13 19 26 28 6 16 18 12 
22 7
16 17 26 2 19 18 15 
18 8
0 6 26 17 9 8 23 22 
12 3
26 13 23 
7 5
6 15 10 0 27 
11 3
10 6 13 
29 5
4 6 8 28 17 
17 8
0 29 18 5 22 6 19 28 
8 5
6 18 25 29 2 
6 11
29 10 7 8 18 3 1 17 11 23 19 
0 4
17 18 7 24 
24 6
2 16 21 25 3 0 
5 4
2 1 17 9 
27 5
10 19 9 25 7 
