30
19 14
4 24 23 11 18 10 8 29 13 7 9 6 20 25 
24 9
7 18 27 28 0 16 8 4 19 
23 15
19 2 27 9 17 28 29 15 13 8 11 4 5 16 3 
18 11
6 7 13 15 0 21 24 11 19 28 20 
10 11
4 7 3 1 19 29 15 0 14 6 8 
29 13
23 14 8 16 28 26 19 10 0 4 3 5 1 
8 14
24 12 19 26 10 29 15 13 23 7 28 5 21 20 
28 10
6 4 24 15 29 8 3 18 23 22 
22 8
3 21 25 4 9 17 28 2 
9 10
5 19 12 7 15 22 23 6 17 27 
27 7
4 24 7 25 23 2 9 
6 13
12 1 18 16 21 19 26 2 28 9 15 10 4 
2 13
14 4 26 5 12 21 6 23 22 13 0 17 27 
17 8
16 9 26 2 12 23 22 21 
4 16
5 2 29 19 6 22 23 24 12 28 10 27 3 16 14 25 
21 12
11 22 5 18 15 7 8 6 2 26 20 17 
12 16
6 5 15 11 4 3 16 8 7 17 0 1 9 2 14 26 
0 13
12 20 14 24 10 29 3 18 5 13 7 2 16 
16 16
11 3 23 25 12 15 29 17 7 4 0 1 26 14 6 24 
7 16
24 13 8 3 16 25 21 18 11 12 1 0 9 10 27 19 
5 11
21 4 1 9 23 12 2 8 29 0 20 
14 13
16 25 4 20 3 12 29 0 10 13 2 26 11 
1 11
6 7 3 5 25 16 26 11 10 29 12 
3 13
1 16 28 22 23 0 29 10 12 4 7 14 20 
15 12
23 18 6 28 9 10 16 8 21 11 26 12 
11 11
16 21 19 7 1 18 23 12 15 20 14 
13 10
18 0 8 23 14 20 19 2 26 7 
25 10
22 4 1 27 7 16 14 20 19 26 
20 11
0 19 14 8 25 13 3 18 5 11 21 
26 13
17 2 12 1 6 8 16 21 13 14 29 15 25 
