50
33 8
39 37 21 10 30 47 9 45 
45 8
32 25 13 42 18 29 46 33 
5 6
26 4 49 21 11 15 
15 7
43 28 9 7 21 37 5 
4 4
5 7 13 12 
12 9
36 0 34 40 24 11 27 44 4 
37 4
33 2 22 15 
0 10
25 41 21 12 42 20 14 22 44 47 
47 10
49 40 21 24 42 8 33 31 10 0 
40 9
22 30 6 47 1 17 12 7 21 
21 17
34 26 25 30 5 18 19 47 35 22 0 40 13 15 33 7 46 
17 5
3 41 39 40 27 
27 11
44 30 24 3 1 18 12 20 39 7 17 
25 11
21 45 14 30 0 29 16 1 41 13 7 
7 8
4 35 21 40 15 9 27 25 
2 6
46 37 22 23 48 41 
41 12
25 31 9 17 0 10 14 39 16 11 49 2 
20 9
39 23 0 13 31 27 42 18 1 
1 7
16 27 23 25 24 40 20 
42 9
16 11 38 45 18 0 47 6 20 
24 6
14 12 47 1 27 31 
31 12
44 41 48 43 47 20 14 32 29 30 18 24 
22 7
40 48 2 0 8 21 37 
36 4
12 44 8 6 
6 6
48 32 40 43 42 36 
48 9
6 30 22 49 26 2 11 31 9 
9 7
41 7 44 8 33 15 48 
11 10
8 46 42 12 49 3 5 38 41 48 
18 8
43 20 26 45 42 21 27 31 
13 9
44 45 4 21 25 32 20 14 28 
28 3
15 19 13 
14 12
23 24 25 29 0 43 31 39 41 13 35 19 
29 9
25 23 14 34 10 31 44 26 45 
44 11
36 13 9 31 27 43 8 46 0 29 12 
49 7
47 48 5 34 11 8 41 
16 6
1 42 10 25 32 41 
35 4
7 21 14 32 
32 10
6 43 30 13 31 16 46 10 45 35 
39 9
33 46 41 20 14 34 17 27 26 
10 8
3 29 41 16 33 26 32 47 
3 6
30 27 17 10 11 43 
43 11
15 31 34 14 32 6 23 44 8 18 3 
30 9
3 40 25 32 33 48 27 31 21 
19 3
28 21 14 
26 7
48 21 18 5 10 29 39 
34 9
21 38 12 29 43 49 46 8 39 
46 8
34 39 11 21 2 45 44 32 
8 10
11 9 44 34 47 49 43 38 36 22 
23 6
14 20 1 2 29 43 
38 4
42 34 11 8 
