100
78 1
54 
54 4
4 89 78 20 
23 2
63 93 
93 6
30 95 23 3 28 31 
75 1
82 
82 3
2 84 75 
53 1
25 
25 2
17 53 
12 2
46 64 
64 6
27 30 88 14 15 12 
4 2
54 89 
89 4
94 54 35 4 
72 1
84 
84 4
76 0 82 72 
28 2
93 8 
8 3
66 49 28 
0 2
84 15 
15 3
64 9 0 
34 1
35 
35 2
89 34 
21 1
3 
3 2
93 21 
26 3
49 67 95 
95 6
92 58 97 93 26 48 
68 1
80 
80 4
98 17 44 68 
2 2
5 82 
39 1
44 
44 3
80 6 39 
9 1
15 
87 2
66 41 
41 4
57 92 37 87 
16 1
30 
30 6
93 92 42 64 61 16 
32 2
77 51 
51 2
50 32 
13 2
19 36 
36 2
60 13 
74 2
1 10 
10 3
85 74 45 
45 1
10 
31 1
93 
57 2
41 19 
19 3
13 7 57 
17 3
80 24 25 
18 2
71 76 
76 2
84 18 
71 6
42 85 52 56 38 18 
60 3
29 36 65 
20 1
54 
86 4
81 1 37 43 
43 1
86 
37 3
86 62 41 
1 3
74 98 86 
5 2
85 2 
85 4
59 71 5 10 
14 4
62 64 83 46 
46 2
12 14 
83 1
14 
91 1
52 
52 2
71 91 
70 1
24 
24 2
17 70 
66 3
87 92 8 
92 5
41 95 30 66 98 
88 2
64 50 
6 2
44 59 
59 2
85 6 
33 1
98 
98 5
92 1 33 7 80 
49 3
26 8 99 
69 1
11 
11 2
58 69 
81 2
86 62 
62 4
42 14 37 81 
7 3
98 90 19 
48 1
95 
97 4
95 79 94 27 
58 4
95 77 11 40 
94 3
55 97 89 
40 2
58 63 
63 2
23 40 
38 1
71 
56 1
71 
42 3
62 30 71 
61 2
30 67 
77 7
58 47 32 55 29 22 96 
65 1
60 
90 1
7 
96 1
77 
22 1
77 
29 2
77 60 
55 2
94 77 
47 1
77 
99 1
49 
27 2
64 97 
79 1
97 
67 2
26 61 
50 3
88 73 51 
73 1
50 
