50
18 5
17 14 8 37 35 
35 6
13 27 4 45 26 18 
37 7
10 38 49 31 20 1 18 
43 4
27 30 12 13 
13 9
1 30 36 4 43 28 35 19 45 
7 3
38 26 9 
9 4
36 33 41 7 
10 4
37 6 34 39 
39 7
3 21 16 4 14 29 10 
33 2
21 9 
8 4
18 1 49 29 
29 6
39 1 3 5 16 8 
1 10
29 25 13 8 2 42 48 36 49 37 
47 2
5 0 
0 5
26 34 46 42 47 
16 5
29 39 32 6 36 
36 5
45 9 1 13 16 
19 4
32 13 20 14 
14 10
18 30 21 38 39 28 27 6 2 19 
28 6
31 3 14 11 15 13 
41 3
9 11 34 
34 6
10 0 49 4 41 26 
46 2
0 32 
32 7
19 4 20 16 44 46 15 
21 8
2 39 20 14 25 24 5 33 
22 2
26 38 
38 7
37 7 6 3 14 23 22 
5 4
47 21 29 40 
40 2
31 5 
27 3
43 35 14 
26 6
0 22 7 45 35 34 
15 3
28 45 32 
44 3
32 3 17 
20 7
19 2 21 37 30 32 42 
2 7
25 48 20 14 1 21 24 
24 3
30 21 2 
25 3
1 2 21 
42 6
48 6 20 1 0 23 
30 9
3 13 45 43 14 20 12 24 11 
11 3
41 28 30 
4 5
32 35 13 39 34 
6 5
38 16 42 10 14 
17 3
18 45 44 
45 8
35 26 36 30 15 31 17 13 
48 3
2 42 1 
23 2
38 42 
12 4
49 43 30 31 
3 6
39 29 30 28 38 44 
49 6
31 12 37 34 8 1 
31 6
49 28 45 37 40 12 
