50
42 6
43 33 16 40 26 22 
22 7
37 26 29 43 17 39 42 
26 10
18 47 11 37 35 42 22 30 16 46 
49 7
8 3 47 37 31 41 25 
25 6
41 29 18 20 11 49 
41 9
25 29 8 31 48 27 6 32 49 
31 6
41 7 16 34 43 49 
37 11
22 26 18 5 49 40 39 33 16 8 21 
8 9
35 40 41 49 4 33 37 5 0 
0 9
9 28 4 3 23 19 2 16 8 
5 7
17 37 4 29 14 34 8 
33 10
42 29 37 30 23 13 46 8 4 6 
19 8
0 3 4 47 46 23 13 35 
35 6
29 8 9 48 26 19 
13 9
47 21 36 15 27 48 33 2 19 
23 7
30 29 0 33 16 19 9 
46 9
24 14 40 38 19 26 30 36 33 
47 10
13 15 3 34 26 19 27 49 16 38 
38 6
40 36 46 17 32 47 
16 9
28 31 42 39 47 0 37 23 26 
6 9
41 7 43 12 3 28 15 30 33 
4 12
0 19 9 28 17 21 24 39 8 33 1 5 
30 10
23 26 45 6 32 46 33 17 28 15 
36 6
13 38 29 15 46 34 
34 8
47 48 27 31 20 2 5 36 
1 7
4 32 29 15 27 28 20 
20 6
43 25 29 24 34 1 
28 8
14 0 16 6 43 4 1 30 
15 9
40 47 13 12 3 1 6 36 30 
2 7
13 40 34 14 0 24 21 
21 5
13 4 43 2 37 
24 7
46 20 3 18 4 2 32 
14 8
28 39 46 44 5 43 2 32 
11 6
18 26 29 25 27 12 
9 7
44 0 35 43 4 23 3 
43 12
42 6 22 10 29 20 14 21 9 28 31 27 
27 10
44 1 41 13 11 34 39 40 47 43 
39 8
14 16 27 18 4 37 32 22 
17 8
5 45 44 30 22 38 48 4 
3 9
19 47 49 6 24 15 0 9 40 
12 7
6 45 7 15 29 10 11 
48 6
34 35 17 41 13 32 
29 15
35 45 12 5 20 36 43 18 11 23 1 22 33 41 25 
45 5
17 12 30 29 7 
18 10
26 25 32 44 29 10 39 11 37 24 
40 9
2 15 38 42 8 46 27 37 3 
10 4
43 18 12 44 
7 5
31 6 44 12 45 
44 7
7 14 9 27 17 18 10 
32 9
1 18 41 30 24 38 39 14 48 
