30
27 4
28 15 10 7 
7 6
20 8 19 25 28 27 
10 6
25 22 27 9 26 12 
9 9
2 29 10 17 18 1 24 11 8 
8 5
7 6 26 15 9 
11 8
21 12 25 29 15 9 14 20 
1 7
14 15 22 24 25 9 4 
18 5
24 5 9 13 6 
17 4
12 23 9 13 
29 4
4 9 11 16 
2 3
15 9 14 
4 6
29 26 19 3 1 24 
25 8
14 10 3 1 13 7 26 11 
24 5
9 0 18 1 4 
22 8
10 14 1 3 26 19 13 28 
15 7
2 27 8 3 1 11 6 
28 5
21 7 27 23 22 
13 12
21 0 26 19 20 3 18 5 12 25 22 17 
19 7
3 14 4 7 13 23 22 
26 7
13 6 4 8 25 22 10 
3 7
4 25 19 0 15 13 22 
12 5
17 11 23 13 10 
23 6
19 20 17 28 12 5 
20 5
23 7 13 21 11 
5 5
18 13 21 0 23 
16 2
0 29 
6 5
26 8 0 15 18 
14 7
1 25 0 22 19 2 11 
21 5
28 20 13 11 5 
0 7
14 13 6 16 24 3 5 
