50
25 3
31 42 23 
23 8
39 20 29 33 46 3 25 4 
42 7
30 14 19 25 15 27 48 
2 8
18 1 21 45 41 27 31 17 
17 4
16 49 4 2 
41 8
16 45 2 7 14 40 12 36 
45 9
6 46 2 41 7 0 15 27 37 
21 5
28 22 26 2 34 
34 6
40 18 33 8 10 21 
26 3
19 21 24 
4 9
6 17 9 20 23 22 38 49 47 
3 8
35 27 13 7 30 23 1 15 
46 7
24 23 40 20 27 45 19 
36 4
1 48 40 41 
12 8
22 29 41 18 27 44 16 43 
40 7
46 34 39 36 47 13 41 
14 6
42 35 19 41 11 24 
7 6
10 8 32 3 41 45 
28 5
49 21 48 33 10 
10 7
35 7 33 18 39 34 28 
33 10
11 23 20 34 10 0 31 28 27 44 
9 7
44 32 6 1 47 4 20 
20 9
1 22 23 30 4 11 33 46 9 
47 10
38 43 4 18 29 22 40 35 9 27 
1 10
20 36 44 2 19 48 27 9 18 3 
8 4
7 34 15 43 
24 6
32 6 46 14 0 26 
19 7
26 48 42 1 39 14 46 
35 9
10 29 3 5 14 37 47 48 31 
0 7
13 39 45 27 11 24 33 
27 13
13 32 1 3 29 0 2 45 33 46 47 42 12 
38 4
5 11 47 4 
22 7
32 12 20 47 4 21 11 
6 9
45 9 48 15 44 4 24 37 39 
5 6
38 35 15 18 13 32 
32 7
24 39 22 7 9 27 5 
13 7
0 43 40 31 27 3 5 
18 9
2 44 39 34 47 12 1 5 10 
15 9
6 39 49 8 5 3 42 45 48 
43 5
13 47 12 30 8 
48 8
1 6 28 35 19 36 15 42 
49 6
4 28 17 15 29 39 
39 13
11 40 18 23 19 29 0 10 15 32 6 49 31 
29 8
39 35 27 23 16 12 47 49 
30 4
42 3 20 43 
37 3
35 45 6 
44 6
9 12 1 18 6 33 
11 8
33 0 38 31 39 14 20 22 
16 4
41 17 29 12 
31 7
33 13 25 11 39 2 35 
