20
5 9
11 19 7 1 18 8 14 6 15 
15 5
4 2 7 14 5 
4 7
12 2 0 15 13 7 17 
17 8
6 13 11 0 1 3 12 4 
14 8
2 19 7 9 5 3 0 15 
13 8
17 1 18 0 4 8 16 11 
11 11
10 0 5 3 12 8 2 17 9 7 13 
12 8
3 8 4 11 7 6 10 17 
10 6
11 3 1 6 2 12 
6 8
10 12 17 9 18 5 1 16 
7 10
11 4 14 15 16 8 12 5 1 18 
19 7
0 14 18 5 1 3 2 
2 9
4 14 11 18 1 15 10 0 19 
16 6
1 7 13 8 9 6 
1 10
17 10 5 16 8 13 7 6 19 2 
9 7
18 0 6 11 14 16 8 
18 9
9 8 19 2 6 3 5 13 7 
0 8
4 11 13 17 9 14 19 2 
8 9
12 11 16 18 1 5 13 7 9 
3 7
18 12 10 11 19 17 14 
