30
18 10
1 7 10 9 6 24 4 19 26 16 
16 11
0 27 28 9 4 19 11 8 3 1 18 
26 11
21 7 13 2 22 14 12 3 5 18 15 
4 15
24 17 2 23 10 13 15 8 18 22 0 1 16 3 21 
24 19
25 4 14 12 19 2 29 10 27 5 11 18 3 1 17 28 7 21 20 
6 7
2 14 20 18 0 10 13 
29 6
8 0 24 28 9 13 
13 14
12 6 29 4 21 20 27 7 28 23 26 0 9 1 
9 13
22 21 25 16 13 15 29 3 5 18 1 28 17 
0 9
1 16 29 15 10 6 2 4 13 
12 12
8 10 23 20 24 21 27 28 17 2 26 13 
21 17
26 10 27 24 11 12 23 2 13 15 25 7 17 22 9 4 20 
20 16
23 3 14 24 11 21 15 13 27 28 7 17 1 22 12 6 
27 10
8 16 17 12 21 24 20 14 25 13 
15 13
1 22 4 11 21 9 25 0 10 2 26 20 14 
14 9
24 6 25 26 28 27 20 5 15 
10 13
19 24 21 12 8 18 3 1 0 15 28 6 4 
25 11
14 19 2 24 21 11 23 15 9 27 28 
19 7
10 25 16 24 18 1 28 
28 15
20 25 19 2 10 24 11 12 14 23 9 29 13 3 16 
1 15
10 20 0 9 4 18 11 24 19 2 7 15 13 3 16 
2 15
12 6 4 5 17 28 1 0 15 21 24 23 25 26 8 
23 11
20 12 13 2 25 28 17 4 21 11 8 
8 12
12 2 27 17 29 10 4 3 22 23 7 16 
3 13
26 20 28 9 4 10 24 11 1 5 16 8 22 
7 12
13 22 26 20 18 5 1 21 24 11 17 8 
22 10
15 7 21 11 9 4 26 20 8 3 
11 13
15 25 20 16 28 17 1 3 24 21 22 23 7 
5 8
17 9 26 2 7 14 3 24 
17 13
5 4 8 20 2 7 21 11 24 12 23 27 9 
