20
4 7
17 14 19 0 15 5 1 
1 6
14 5 12 9 4 2 
15 12
7 12 11 14 10 0 4 3 5 19 9 17 
0 8
7 13 17 4 19 2 14 15 
5 6
1 4 14 12 16 15 
16 6
12 10 8 5 9 19 
2 8
6 11 17 18 3 1 0 13 
13 8
18 6 0 10 14 19 2 8 
3 9
8 12 18 17 6 7 2 15 10 
18 8
6 13 3 8 12 19 2 10 
17 7
4 14 8 3 2 0 15 
8 10
6 19 9 17 3 18 14 16 13 7 
7 6
0 15 3 12 14 8 
10 9
16 13 11 14 9 15 18 3 12 
19 9
13 4 18 0 15 14 11 8 16 
9 7
14 6 1 8 16 10 15 
14 13
17 9 4 1 5 8 13 7 15 0 10 19 6 
6 8
2 8 11 13 18 3 9 14 
11 5
6 15 10 2 19 
12 8
16 1 3 5 18 7 15 10 
