30
20 3
8 16 25 
25 5
18 23 15 16 20 
13 6
17 5 3 24 23 14 
14 3
21 1 13 
23 9
25 10 19 16 7 13 9 17 27 
29 3
3 11 0 
0 5
8 10 29 5 7 
15 2
25 11 
11 6
5 22 27 12 29 15 
22 6
10 11 4 9 27 17 
17 5
13 28 19 23 22 
4 4
3 12 24 22 
1 4
3 28 14 12 
12 9
9 6 10 8 16 4 18 1 11 
9 4
12 22 23 6 
6 5
12 21 2 28 9 
27 4
18 11 22 23 
19 6
2 17 23 8 10 18 
18 8
25 12 3 7 16 19 27 28 
10 5
12 22 23 19 0 
8 5
0 20 19 12 21 
24 2
13 4 
16 8
2 3 5 18 20 12 25 23 
21 4
14 8 6 26 
26 2
28 21 
2 4
19 16 3 6 
3 8
18 1 16 4 2 29 13 7 
7 5
23 28 0 18 3 
28 6
17 26 7 6 1 18 
5 4
13 11 16 0 
