50
13 1
45 
45 2
46 13 
46 3
1 20 45 
20 3
11 40 46 
5 2
21 26 
26 4
32 49 43 5 
37 2
39 40 
40 2
20 37 
43 1
26 
0 2
39 30 
30 4
47 17 14 0 
17 1
30 
14 1
30 
34 2
23 7 
7 5
31 28 33 47 34 
22 1
42 
42 3
8 16 22 
44 1
49 
49 2
26 44 
12 2
41 23 
23 3
34 12 6 
41 2
29 12 
6 2
27 23 
21 2
5 27 
27 6
28 9 6 32 21 15 
11 5
18 1 4 19 20 
29 4
36 9 31 41 
31 3
7 29 3 
36 2
32 29 
15 1
27 
1 2
46 11 
32 5
27 8 16 36 26 
33 2
4 7 
47 3
7 30 39 
39 3
37 0 47 
16 2
32 42 
3 3
31 2 35 
35 2
3 24 
2 2
3 10 
8 3
42 32 38 
38 1
8 
9 4
29 27 28 18 
18 2
9 11 
28 4
27 9 48 7 
24 1
35 
48 1
28 
10 1
2 
19 2
11 25 
4 2
33 11 
25 1
19 
