20
2 9
6 9 19 4 16 5 3 11 10 
10 13
14 9 13 7 12 16 18 1 3 19 2 0 4 
11 12
13 0 17 16 14 18 3 1 5 2 19 12 
3 9
4 5 1 11 6 2 19 15 10 
14 7
9 17 11 13 16 10 15 
15 5
3 12 4 7 14 
16 9
4 2 19 11 6 10 18 14 17 
13 10
11 6 9 18 5 10 0 12 14 4 
17 8
11 1 14 6 8 16 4 9 
5 7
12 13 2 8 11 3 18 
18 9
13 7 6 11 8 16 10 19 5 
8 6
12 1 5 18 17 9 
12 9
5 8 4 0 15 10 6 13 11 
6 9
2 13 12 18 3 1 17 16 0 
0 6
4 11 12 6 13 10 
4 9
2 3 16 12 17 0 15 10 13 
1 6
8 3 17 11 10 6 
9 7
13 14 10 17 2 19 8 
19 7
2 16 3 18 10 11 9 
7 3
18 15 10 
