100
23 1
24 
24 3
15 30 23 
52 3
40 51 27 
27 3
8 29 52 
15 3
88 60 24 
28 3
21 2 99 
99 4
91 68 79 28 
21 2
28 16 
16 3
10 49 21 
26 1
0 
0 6
88 92 59 97 73 26 
78 1
55 
55 4
98 64 13 78 
14 2
98 54 
54 3
70 14 44 
88 8
90 80 65 0 15 17 31 86 
86 6
72 48 17 30 22 88 
31 8
75 5 34 90 32 11 96 88 
4 2
90 48 
48 8
90 29 76 71 25 72 86 4 
72 2
86 48 
64 3
62 55 67 
67 2
85 64 
51 3
52 20 90 
90 9
88 48 31 17 69 62 18 4 51 
25 1
48 
77 1
50 
50 2
35 77 
39 3
5 6 57 
57 1
39 
6 4
63 43 7 39 
82 1
97 
97 7
61 35 0 10 36 46 82 
53 2
32 29 
29 4
27 48 70 53 
18 2
85 90 
2 2
28 38 
38 5
5 80 65 22 2 
73 3
68 61 0 
98 3
55 14 47 
47 2
85 98 
94 1
37 
37 7
19 75 59 96 8 33 94 
58 2
83 59 
59 5
42 0 37 5 58 
30 4
86 24 45 40 
40 6
96 75 20 41 52 30 
84 1
70 
70 4
29 54 84 81 
41 1
40 
12 2
63 66 
66 4
49 75 42 12 
71 1
48 
22 4
60 86 62 38 
85 4
18 35 67 47 
35 5
63 49 97 85 50 
36 1
97 
7 1
6 
43 3
69 6 89 
63 7
12 75 9 13 35 8 6 
33 2
37 83 
83 2
58 33 
44 2
68 54 
8 6
1 37 63 27 92 34 
10 3
16 97 61 
61 3
10 97 73 
13 3
19 63 55 
9 2
63 95 
75 5
31 63 37 40 66 
95 1
9 
93 3
81 5 60 
60 3
22 93 15 
5 5
39 59 38 31 93 
92 3
0 8 74 
74 1
92 
91 4
49 99 1 56 
56 2
91 45 
1 3
76 8 91 
49 5
66 35 87 91 16 
46 1
97 
87 1
49 
45 2
30 56 
96 3
40 37 31 
11 2
31 3 
32 2
53 31 
3 1
11 
62 3
22 64 90 
42 2
59 66 
80 2
88 38 
79 1
99 
20 3
51 40 19 
17 3
88 86 90 
68 3
44 73 99 
34 2
31 8 
76 2
1 48 
19 3
13 37 20 
81 2
93 70 
69 2
43 90 
65 2
88 38 
89 1
43 
