20
5 12
17 6 10 8 16 19 2 18 1 4 13 12 
12 13
19 10 15 4 1 18 5 6 9 17 16 8 14 
13 12
6 7 15 0 10 4 2 3 1 18 5 17 
4 14
5 7 15 13 1 0 10 19 6 11 8 3 16 12 
1 13
8 12 11 4 13 7 15 0 14 9 17 5 2 
2 14
10 8 16 5 15 13 6 7 17 0 1 9 14 11 
19 14
8 4 5 11 18 10 16 6 0 9 17 7 12 14 
16 12
0 6 8 4 12 5 18 2 19 14 17 9 
8 14
19 2 10 15 12 17 5 0 9 1 4 3 16 11 
10 11
6 12 11 4 0 5 18 2 19 8 13 
9 11
14 11 1 8 16 0 15 2 19 12 17 
18 11
5 3 19 12 16 17 13 7 10 14 6 
0 11
9 16 8 1 7 13 15 10 2 19 4 
11 10
8 9 17 1 7 4 10 2 19 6 
14 11
6 15 19 2 9 17 16 3 1 18 12 
3 7
13 15 18 8 14 17 4 
17 15
5 6 19 2 7 13 9 1 12 3 16 8 14 18 11 
15 12
4 8 0 3 1 14 12 9 13 7 2 6 
6 13
17 16 14 13 4 2 19 12 10 15 5 18 11 
7 10
11 2 19 13 1 18 4 0 15 17 
