50
31 1
13 
13 2
6 31 
4 1
29 
29 5
21 22 16 17 4 
33 1
24 
24 2
7 33 
6 9
47 23 22 18 32 38 14 27 13 
17 2
12 29 
15 2
0 1 
1 1
15 
0 2
2 15 
8 1
9 
9 2
2 8 
19 2
3 49 
49 2
2 19 
43 1
38 
38 6
7 6 28 26 5 43 
25 1
20 
20 2
11 25 
2 6
7 49 9 40 39 0 
39 1
2 
7 4
38 23 2 24 
37 3
23 21 3 
3 2
19 37 
21 2
29 37 
23 3
6 7 37 
11 3
28 20 30 
30 1
11 
28 4
38 11 10 34 
18 2
6 47 
47 4
6 18 12 44 
48 2
5 12 
12 4
41 47 48 17 
16 2
29 5 
5 5
48 38 42 40 16 
44 1
47 
41 3
36 12 42 
42 2
5 41 
34 2
28 45 
10 2
28 36 
46 2
32 35 
35 1
46 
32 2
6 46 
40 3
2 27 5 
26 1
38 
45 1
34 
27 2
40 6 
14 1
6 
22 2
29 6 
36 2
41 10 
