50
9 5
30 36 42 24 26 
26 3
43 8 9 
24 9
30 2 45 6 44 46 9 5 34 
42 9
3 25 38 12 43 48 31 9 41 
36 6
19 0 17 9 18 37 
30 6
9 37 24 19 39 46 
43 9
40 26 35 44 42 29 10 27 47 
47 7
27 45 38 21 4 43 12 
27 11
22 12 31 48 14 37 11 47 43 38 1 
10 7
20 29 48 43 41 23 22 
29 8
25 10 0 19 12 43 7 44 
44 7
3 33 43 40 24 29 19 
35 10
15 39 19 45 43 3 18 32 33 16 
49 5
22 25 45 28 16 
16 5
48 22 25 35 49 
28 5
19 23 49 5 41 
45 10
47 49 22 13 35 24 0 15 46 40 
41 5
8 37 10 28 42 
31 5
27 39 40 42 33 
12 9
27 8 33 46 42 47 29 14 39 
38 5
47 42 19 32 27 
3 5
42 44 8 46 35 
5 7
4 34 14 28 19 8 24 
8 7
12 41 0 3 5 26 39 
19 10
29 28 36 30 25 38 35 14 5 44 
14 9
12 5 32 17 27 19 4 23 15 
34 4
5 15 7 24 
32 8
17 14 37 15 22 23 38 35 
7 5
37 34 29 2 25 
0 8
36 8 13 45 15 29 6 11 
1 5
39 20 27 48 21 
11 3
48 27 0 
37 9
30 36 2 27 32 7 41 13 4 
48 7
42 16 27 11 21 10 1 
33 7
23 20 12 44 46 35 31 
18 4
40 46 36 35 
39 9
31 1 40 35 2 30 25 12 8 
4 8
5 15 6 47 14 22 37 46 
13 5
0 22 17 45 37 
2 5
23 24 37 39 7 
46 11
15 22 30 33 18 3 45 24 17 4 12 
6 5
25 23 4 24 0 
25 9
19 42 29 6 49 22 39 16 7 
22 12
27 23 15 10 25 16 46 49 4 45 13 32 
20 4
10 15 33 1 
17 6
14 32 21 36 13 46 
23 9
10 22 33 2 28 21 14 6 32 
15 10
4 46 22 32 34 14 20 35 45 0 
40 7
43 18 31 44 39 21 45 
21 6
47 23 48 17 40 1 
