30
12 5
21 8 18 9 23 
23 4
9 18 10 12 
9 7
24 23 4 18 6 10 12 
18 10
23 22 3 1 28 9 7 20 14 12 
8 11
26 2 6 12 10 7 13 5 1 3 25 
21 5
2 14 12 1 27 
13 8
19 2 17 8 1 10 29 22 
22 6
14 5 18 2 24 13 
29 7
5 14 4 27 2 10 13 
10 11
25 1 24 4 8 29 23 7 13 28 9 
1 11
10 20 13 21 6 3 18 5 8 4 17 
17 7
0 7 13 2 26 16 1 
2 10
4 21 11 20 17 29 22 13 8 19 
19 5
16 15 13 7 2 
27 7
20 16 29 25 4 5 21 
15 3
19 6 3 
3 6
0 15 18 1 4 8 
6 6
25 8 1 9 15 0 
20 10
0 1 18 5 2 14 7 27 28 4 
4 11
11 2 29 10 3 1 9 27 16 20 7 
28 5
18 5 20 10 11 
7 9
8 25 18 17 20 19 10 0 4 
14 5
22 29 21 20 18 
5 8
29 28 27 22 20 8 11 1 
0 8
17 20 3 7 26 25 6 24 
24 5
9 10 0 22 25 
11 5
4 2 25 5 28 
25 8
7 27 6 11 24 8 10 0 
16 4
19 27 17 4 
26 3
8 0 17 
