30
20 6
22 17 1 18 5 29 
29 11
1 25 15 28 2 26 20 22 6 13 7 
5 9
21 25 0 26 16 9 17 28 20 
27 9
23 28 13 4 12 21 24 10 15 
15 10
13 14 6 11 21 29 23 19 12 27 
12 7
8 6 27 4 10 15 1 
19 8
21 16 8 23 4 18 0 15 
7 10
17 14 23 24 13 3 18 1 10 29 
6 9
17 12 14 4 10 15 29 1 3 
22 6
13 18 17 20 14 29 
13 9
22 27 15 10 29 7 18 1 16 
16 6
14 19 5 18 10 13 
14 6
16 7 15 6 22 18 
18 13
1 17 7 13 22 11 16 8 25 26 19 20 14 
26 7
2 18 5 8 0 29 4 
4 10
6 12 27 9 28 2 19 26 11 21 
3 5
2 7 24 28 6 
21 6
5 24 19 27 15 4 
28 7
27 2 29 3 5 4 11 
11 8
15 24 18 23 4 9 17 28 
10 7
6 27 12 13 7 25 16 
25 5
29 10 5 18 23 
8 6
12 2 19 26 18 17 
17 10
7 2 6 20 22 18 5 1 11 8 
1 11
18 20 23 13 7 6 12 29 0 17 9 
9 6
4 2 5 1 11 24 
0 6
23 5 1 26 19 2 
2 10
3 26 8 24 28 17 9 4 29 0 
24 8
21 11 3 7 23 2 27 9 
23 9
27 7 1 19 0 15 24 11 25 
