50
22 10
49 46 3 45 31 21 40 39 14 42 
42 9
48 40 35 19 1 5 24 15 22 
29 8
39 41 44 27 48 10 32 4 
4 8
43 14 40 34 17 16 7 29 
18 4
24 14 38 8 
8 15
15 5 47 35 38 25 43 28 46 24 18 11 26 37 14 
9 7
37 34 40 45 46 44 32 
32 10
44 12 25 1 20 29 7 41 27 9 
2 7
34 17 11 49 43 12 16 
16 10
38 6 17 21 37 11 49 4 26 2 
25 5
26 32 14 8 37 
37 10
31 9 49 43 47 8 16 0 40 25 
40 13
22 17 9 42 4 49 47 0 15 3 26 19 37 
13 6
0 11 49 17 1 38 
38 9
21 6 35 18 16 8 36 7 13 
19 3
11 42 40 
48 7
42 44 7 28 29 0 14 
14 12
34 18 25 4 47 0 10 22 33 8 44 48 
43 7
4 49 11 37 2 8 44 
44 12
32 21 48 9 35 29 0 10 46 43 39 14 
1 7
46 42 31 35 32 13 3 
3 9
30 22 24 33 45 20 40 1 0 
36 5
45 6 12 17 38 
17 12
2 45 40 0 11 13 49 4 46 16 30 36 
49 10
22 43 37 16 13 28 17 40 2 45 
45 14
33 49 3 20 34 39 23 36 24 22 9 26 17 7 
15 9
31 41 21 0 20 40 8 46 42 
24 8
18 3 8 0 45 41 42 47 
5 5
0 8 42 12 34 
7 7
45 26 27 48 32 38 4 
10 4
29 14 44 26 
26 9
25 40 7 8 16 45 35 10 6 
0 14
3 5 28 17 44 24 48 11 13 15 40 37 14 41 
46 10
1 15 35 8 44 22 23 9 17 31 
31 7
1 39 15 22 37 46 33 
23 4
6 34 46 45 
41 7
35 29 15 0 24 20 32 
20 7
33 15 6 32 3 45 41 
28 4
49 48 0 8 
21 6
38 22 15 44 16 33 
33 7
45 20 14 3 27 31 21 
34 7
14 9 23 4 2 45 5 
12 5
32 36 35 2 5 
6 7
20 39 36 23 16 38 26 
27 7
32 29 7 33 47 35 30 
30 4
3 17 27 39 
35 11
41 42 12 1 26 38 11 46 44 8 27 
47 6
8 27 14 40 37 24 
11 9
43 0 17 13 19 2 35 8 16 
39 7
29 31 6 45 44 22 30 
