100
83 4
86 53 56 65 
65 5
6 78 61 83 30 
56 6
37 25 60 83 22 80 
16 2
99 40 
40 10
5 69 35 20 34 22 33 16 91 24 
99 8
9 52 38 39 16 19 35 45 
32 4
45 37 11 89 
89 7
69 26 29 62 50 24 32 
11 5
85 7 32 90 18 
54 5
30 90 97 81 29 
29 4
68 70 89 54 
81 6
41 58 86 2 38 54 
90 9
43 54 11 92 23 22 0 15 8 
18 5
34 55 77 11 50 
50 3
89 22 18 
77 7
57 12 24 91 0 33 18 
55 10
95 18 46 98 15 87 2 19 71 84 
84 4
67 19 26 55 
26 6
3 19 31 48 89 84 
19 9
26 17 59 84 33 99 55 15 53 
58 6
68 81 8 79 49 95 
95 9
92 71 82 55 33 46 74 58 47 
49 6
36 88 53 58 63 67 
30 7
54 39 60 1 47 80 65 
80 6
1 30 98 85 31 56 
47 6
15 7 76 44 30 95 
15 6
68 47 55 90 19 63 
63 5
1 4 49 33 15 
5 5
38 74 85 40 68 
68 10
58 72 48 46 29 15 0 71 94 5 
31 9
26 43 3 61 38 72 91 80 88 
98 6
75 80 94 55 61 72 
72 9
53 85 31 6 68 1 14 98 73 
61 9
10 31 9 2 12 3 65 39 98 
24 6
69 88 77 53 40 89 
91 7
76 2 77 12 40 23 31 
33 12
8 57 52 95 70 63 1 40 93 35 19 77 
22 10
9 57 56 51 96 62 50 90 40 69 
34 4
18 85 7 40 
20 2
40 8 
35 11
52 62 86 53 99 44 33 96 40 85 27 
69 6
24 89 27 40 7 22 
78 3
65 1 2 
2 11
66 91 0 55 61 51 7 81 28 21 78 
1 8
80 63 30 74 78 72 33 42 
27 5
66 53 69 35 10 
10 4
93 61 38 27 
38 6
5 99 81 67 31 10 
44 4
47 37 35 75 
75 5
98 42 37 64 44 
37 6
32 56 75 7 41 44 
53 10
72 9 27 3 83 49 59 24 35 19 
8 5
58 33 46 90 20 
86 5
83 87 81 35 92 
92 8
13 45 95 57 0 90 71 86 
85 7
11 72 5 80 87 34 35 
96 4
0 42 22 35 
46 6
68 8 25 12 55 95 
62 9
22 35 45 67 82 94 64 89 41 
59 6
48 97 19 14 53 4 
4 4
63 36 66 59 
14 5
72 39 94 36 59 
67 6
70 84 94 38 62 49 
73 2
25 72 
6 8
48 74 66 72 25 76 65 57 
3 4
53 26 31 61 
12 7
48 46 61 91 77 42 52 
9 5
22 99 53 64 61 
52 8
35 0 99 41 33 12 60 21 
21 3
2 7 52 
60 5
56 30 57 52 39 
41 6
52 62 81 93 43 37 
0 12
52 96 39 92 90 2 68 70 77 13 48 17 
66 5
2 4 6 27 48 
36 5
87 88 49 4 14 
25 4
56 73 46 6 
28 2
51 2 
7 9
76 47 34 11 21 37 2 69 97 
51 5
28 22 2 94 82 
42 6
23 75 96 12 79 1 
48 9
6 59 26 97 12 0 70 68 66 
23 3
42 90 91 
64 4
9 75 62 71 
93 4
10 79 33 41 
79 3
58 93 42 
43 3
90 31 41 
94 8
51 67 74 68 62 98 14 76 
76 6
7 71 47 91 94 6 
74 5
6 94 5 1 95 
45 5
92 62 71 32 99 
39 6
30 0 61 14 60 99 
70 6
67 33 29 0 17 48 
88 5
24 49 36 17 31 
71 8
76 95 68 45 64 82 55 92 
57 6
77 22 33 60 92 6 
87 4
36 86 85 55 
17 5
88 13 19 70 0 
13 3
92 17 0 
82 4
71 95 62 51 
97 4
59 54 48 7 
