50
32 7
9 2 7 41 12 33 46 
46 5
17 0 2 7 32 
12 12
20 34 18 36 30 17 27 9 28 21 24 32 
41 7
24 8 31 26 29 32 13 
2 13
34 20 49 3 27 46 21 37 24 32 6 15 30 
9 11
20 32 37 11 19 12 38 27 28 15 4 
26 9
21 41 0 5 1 47 35 39 40 
40 5
21 39 10 19 26 
35 6
33 36 5 3 28 26 
47 5
29 22 42 48 26 
1 6
34 11 5 8 33 26 
5 5
1 13 35 26 11 
0 8
48 14 46 33 25 26 10 30 
29 7
30 47 13 41 21 28 16 
16 6
19 49 27 34 10 29 
28 15
45 29 12 42 35 8 3 11 18 31 22 9 37 24 39 
21 15
26 12 31 25 19 2 33 38 8 39 29 40 22 43 4 
48 8
17 31 0 15 25 37 47 45 
42 7
39 14 3 28 17 47 33 
22 8
30 7 47 21 24 17 28 18 
10 9
23 33 44 16 0 34 40 20 11 
34 7
10 2 37 1 12 16 6 
27 12
9 15 12 8 33 16 49 4 25 38 2 19 
49 4
16 2 45 27 
43 4
24 21 38 39 
39 11
42 26 38 25 6 40 21 4 43 28 17 
38 7
13 39 20 9 27 21 43 
20 9
14 9 45 2 12 10 37 25 38 
37 7
3 9 48 28 2 34 20 
4 5
21 44 27 9 39 
44 9
3 18 4 33 31 25 10 14 13 
45 7
20 11 18 13 28 48 49 
33 13
35 25 32 10 0 44 21 3 1 23 27 17 42 
17 10
19 22 48 3 46 8 33 39 12 42 
3 10
42 2 35 17 28 44 33 37 11 24 
14 9
24 31 30 20 0 42 25 18 44 
11 7
45 1 3 5 10 28 9 
6 5
39 34 19 2 30 
25 12
21 31 27 48 20 14 39 0 13 33 44 36 
18 9
28 12 45 19 14 44 7 22 23 
24 9
43 14 41 31 28 12 22 2 3 
7 5
32 22 8 46 18 
30 7
14 22 12 2 29 0 6 
36 4
19 35 12 25 
19 11
15 36 6 40 16 18 21 17 9 27 31 
15 5
27 9 48 19 2 
13 7
29 5 38 25 45 44 41 
31 10
14 25 41 28 48 44 8 19 24 21 
8 8
21 7 41 1 27 17 28 31 
23 3
10 33 18 
