50
20 6
40 24 42 5 3 0 
0 7
13 1 31 2 29 15 20 
15 7
2 42 21 5 18 47 0 
38 6
17 39 14 46 19 45 
45 9
6 48 17 7 42 14 44 46 38 
46 7
7 49 16 45 17 28 38 
44 6
45 32 8 48 21 23 
23 8
6 3 21 9 28 40 30 44 
12 4
4 11 35 19 
19 5
2 3 38 22 12 
5 9
20 40 42 3 30 21 15 33 26 
26 7
33 14 22 36 42 2 5 
34 6
13 30 40 11 24 25 
25 8
18 24 37 31 35 33 47 34 
14 5
11 45 26 38 36 
36 5
32 18 26 37 14 
48 7
28 45 39 13 1 44 32 
32 9
36 44 47 49 42 3 35 2 48 
18 11
16 25 39 37 43 42 41 15 6 36 30 
30 8
43 34 2 1 5 3 18 23 
21 10
4 23 5 15 33 8 44 42 17 27 
27 11
42 13 7 33 16 6 2 35 3 1 21 
31 5
35 22 25 0 3 
3 15
2 4 31 28 24 1 5 27 42 32 30 23 19 35 20 
35 12
12 3 16 13 47 10 31 28 27 25 32 6 
6 13
23 13 43 49 18 1 27 28 11 37 16 45 35 
1 12
30 40 6 3 48 9 27 29 0 10 13 41 
29 8
1 42 40 41 11 28 22 0 
22 6
8 31 49 29 26 19 
28 10
48 23 41 35 3 39 6 29 46 47 
13 10
8 1 34 43 27 48 35 6 0 10 
10 7
39 42 35 37 11 1 13 
39 7
18 38 10 24 48 28 16 
16 7
18 35 8 46 27 6 39 
11 7
6 14 34 29 10 12 42 
42 16
5 33 49 43 26 45 3 11 18 27 10 29 15 32 21 20 
24 8
25 43 8 20 34 39 3 17 
17 6
45 38 46 8 21 24 
9 4
23 43 47 1 
40 8
29 1 5 20 34 23 33 8 
8 12
22 21 24 13 7 17 16 44 33 47 43 40 
41 5
29 28 18 1 7 
7 6
43 45 27 46 8 41 
47 8
32 37 8 35 15 9 28 25 
2 10
3 27 4 33 15 0 32 19 26 30 
37 7
47 18 33 25 10 6 36 
49 6
46 22 32 6 42 4 
33 10
27 21 37 40 26 2 5 25 42 8 
4 5
12 3 21 2 49 
43 9
30 6 24 9 13 7 42 18 8 
