100
24 4
47 73 78 77 
77 3
0 24 19 
78 6
45 5 24 40 82 10 
73 13
10 70 29 38 64 5 18 45 33 24 84 23 99 
47 4
70 24 5 44 
19 2
39 77 
0 6
77 49 6 65 11 25 
54 4
8 33 85 6 
6 4
13 29 0 54 
85 8
12 54 86 35 5 65 59 76 
33 5
82 73 80 54 66 
8 5
54 38 74 95 51 
51 2
37 8 
95 4
83 4 8 34 
74 5
44 8 7 43 4 
38 3
73 8 30 
35 4
62 66 85 22 
22 6
55 65 2 35 27 75 
66 6
91 68 26 93 35 33 
62 4
75 28 35 36 
91 2
66 99 
99 5
72 73 41 91 12 
60 4
20 11 89 2 
2 8
37 17 88 22 86 43 26 60 
89 4
56 60 69 45 
20 2
60 70 
41 3
50 72 99 
72 4
99 41 45 46 
50 2
41 25 
98 3
23 40 31 
31 3
63 15 98 
40 4
97 78 1 98 
23 3
98 48 73 
48 5
23 88 29 32 17 
17 2
2 48 
71 4
80 45 14 58 
58 4
57 55 71 21 
14 2
45 71 
45 8
14 43 72 30 78 71 89 73 
80 4
71 11 65 33 
65 6
4 0 80 85 22 76 
11 4
60 37 80 0 
25 4
67 64 0 50 
49 4
3 81 0 56 
82 5
33 86 78 55 52 
52 2
88 82 
55 4
16 58 22 82 
86 6
36 15 56 82 2 85 
10 4
28 73 67 78 
5 7
47 7 78 69 73 85 16 
15 3
31 86 42 
42 4
28 36 15 94 
32 3
94 69 48 
29 4
6 73 64 48 
88 5
52 48 87 2 13 
13 7
21 6 26 97 83 88 96 
87 5
59 53 43 88 69 
93 2
66 59 
59 4
87 70 85 93 
26 7
66 3 70 63 2 13 7 
7 5
74 76 18 5 26 
63 2
31 26 
70 6
47 26 73 59 20 44 
3 5
49 26 36 56 46 
21 2
13 58 
96 2
53 13 
83 3
95 13 61 
97 3
40 43 13 
4 4
95 65 74 39 
43 6
97 45 2 28 74 87 
44 3
74 70 47 
53 5
61 9 96 46 87 
46 4
16 3 53 72 
9 3
92 53 81 
61 2
53 83 
75 3
39 62 22 
27 2
34 22 
76 3
7 85 65 
12 2
85 99 
37 5
79 11 51 2 92 
64 5
25 84 73 29 92 
67 4
25 10 16 68 
28 5
10 42 62 43 81 
81 3
49 28 9 
68 3
90 66 67 
16 4
46 55 67 5 
1 3
18 40 79 
92 3
9 64 37 
84 3
34 64 73 
34 3
27 84 95 
94 2
32 42 
36 5
86 3 42 62 57 
56 5
89 3 90 86 49 
69 4
89 32 5 87 
39 3
19 75 4 
30 2
45 38 
57 2
58 36 
79 2
37 1 
90 2
68 56 
18 3
1 7 73 
