50
29 4
6 30 43 45 
45 12
31 8 16 21 36 26 19 43 4 12 18 29 
43 11
45 36 22 24 17 27 48 13 25 29 12 
30 6
29 46 20 22 49 12 
6 3
29 7 9 
20 9
30 36 8 16 35 49 39 28 10 
10 4
28 36 14 20 
28 3
10 44 20 
39 3
46 18 20 
49 8
17 5 33 22 30 0 20 37 
35 4
34 20 41 11 
16 4
17 20 22 45 
8 10
13 2 45 15 17 20 37 21 32 47 
36 8
25 10 7 43 47 45 20 40 
19 3
47 17 45 
17 15
38 8 12 42 4 43 49 24 16 3 11 18 1 9 19 
47 6
19 7 8 44 36 5 
48 3
0 43 31 
31 6
45 26 4 40 32 48 
0 9
1 48 27 22 33 38 25 13 49 
9 5
2 7 17 1 6 
1 5
34 0 17 9 7 
7 9
12 36 47 4 32 6 9 38 1 
2 6
9 8 37 38 15 4 
22 8
26 0 30 49 43 44 16 13 
5 5
24 21 49 47 44 
44 5
11 22 5 28 47 
23 3
3 14 25 
25 5
36 23 43 0 24 
14 6
3 46 37 10 23 38 
3 5
23 17 14 34 42 
21 6
37 15 45 5 42 8 
42 4
27 17 21 3 
15 4
27 21 8 2 
37 7
21 24 8 14 34 2 49 
27 6
42 15 0 11 43 13 
32 3
7 8 31 
40 3
11 31 36 
4 6
33 45 2 7 17 31 
26 5
22 45 12 18 31 
38 6
24 7 17 14 0 2 
46 6
14 39 30 18 41 33 
34 4
35 1 3 37 
13 6
8 43 0 41 22 27 
24 7
41 5 38 25 37 43 17 
12 7
7 45 26 17 43 30 33 
18 6
11 17 46 39 26 45 
33 5
4 49 0 12 46 
41 4
24 46 13 35 
11 6
40 18 44 17 27 35 
