20
14 9
16 4 12 17 5 11 2 19 0 
0 10
9 4 18 5 10 15 13 2 19 14 
12 9
4 14 7 8 17 10 6 3 19 
19 7
9 5 13 14 15 0 12 
11 9
13 10 17 14 6 3 18 16 8 
8 8
9 12 4 15 10 16 3 11 
18 7
2 0 7 11 16 5 1 
1 7
2 6 4 10 5 3 18 
5 8
14 19 18 3 1 6 0 7 
7 9
17 12 13 10 15 16 3 18 5 
10 9
11 7 16 8 12 1 0 6 4 
4 9
12 14 8 13 1 3 15 0 10 
6 7
16 13 11 1 5 12 10 
17 7
9 14 11 12 7 13 15 
15 8
4 8 2 19 7 0 9 17 
13 10
11 6 7 19 4 0 3 17 9 16 
16 8
11 6 14 10 18 8 7 13 
9 6
17 8 19 0 15 13 
3 8
11 4 12 7 13 8 5 1 
2 5
1 18 14 15 0 
