50
9 1
13 
13 2
0 9 
24 3
42 5 18 
18 2
23 24 
20 1
26 
26 2
28 20 
19 1
7 
7 2
32 19 
22 3
33 29 47 
47 1
22 
29 5
6 30 22 17 27 
46 2
34 14 
14 1
46 
34 2
23 46 
16 1
4 
4 2
48 16 
0 2
42 13 
37 1
32 
32 3
1 37 7 
21 1
11 
11 2
30 21 
23 5
30 36 34 45 18 
45 1
23 
36 1
23 
30 7
44 29 15 23 2 28 11 
28 2
30 26 
1 2
8 32 
2 4
8 30 39 5 
5 2
24 2 
39 1
2 
25 3
6 41 12 
12 1
25 
41 1
25 
6 3
48 29 25 
44 4
30 43 49 38 
38 1
44 
49 2
10 44 
43 4
48 31 8 44 
8 4
2 43 1 33 
33 2
22 8 
27 1
29 
17 2
29 10 
15 1
30 
48 5
6 43 4 42 3 
31 1
43 
40 1
42 
42 4
24 48 0 40 
10 3
49 17 35 
3 1
48 
35 1
10 
