50
33 6
23 34 28 41 13 7 
7 2
21 33 
9 3
15 49 19 
19 5
36 15 11 17 9 
38 3
32 26 42 
42 2
14 38 
43 3
46 8 48 
48 5
29 21 39 47 43 
8 4
13 49 43 18 
18 7
37 23 36 41 2 8 28 
13 6
10 33 8 27 17 14 
14 4
32 37 42 13 
5 2
21 39 
39 4
32 47 48 5 
0 5
40 46 12 11 28 
28 3
33 18 0 
17 4
19 40 13 36 
36 5
34 19 18 32 17 
40 5
0 16 17 26 47 
47 5
48 41 45 39 40 
35 2
25 10 
10 4
1 13 20 35 
27 5
1 34 13 11 23 
23 6
37 33 16 18 34 27 
22 3
31 4 25 
25 5
31 2 35 34 22 
4 5
6 20 31 15 22 
49 3
8 9 15 
15 4
9 4 49 19 
41 3
33 18 47 
21 4
24 5 48 7 
20 4
16 4 10 6 
29 3
1 46 48 
46 4
43 34 0 29 
37 4
23 18 16 14 
16 6
23 37 1 40 20 26 
34 8
27 25 36 23 30 33 46 12 
12 4
0 1 34 24 
30 2
34 44 
2 3
25 31 18 
45 1
47 
26 5
38 3 1 40 16 
1 7
27 10 29 11 26 12 16 
6 2
4 20 
44 2
32 30 
24 2
21 12 
32 5
14 39 38 44 36 
31 5
25 2 22 4 3 
3 2
26 31 
11 4
1 0 27 19 
