30
24 5
17 26 2 12 29 
29 14
23 24 11 19 6 8 10 25 0 9 28 15 13 14 
26 8
25 15 22 20 19 24 21 12 
12 10
0 15 18 5 9 11 24 2 19 26 
21 12
14 4 22 11 18 27 9 17 19 26 2 13 
14 12
29 7 13 21 11 8 22 23 4 3 1 18 
18 10
12 16 28 9 10 3 1 21 11 14 
1 6
25 13 5 18 8 14 
4 10
7 8 28 25 11 21 0 19 23 14 
23 9
29 11 17 5 4 6 20 14 22 
22 9
20 14 21 2 26 9 27 25 23 
6 7
9 2 11 29 8 16 23 
13 9
27 16 29 1 2 11 21 14 20 
2 8
12 6 22 3 13 19 24 21 
17 6
23 28 0 19 24 21 
9 6
6 22 18 12 29 21 
20 7
27 22 23 26 5 3 13 
19 8
21 26 2 27 17 4 12 29 
16 5
18 27 6 13 7 
7 6
4 14 5 11 16 15 
3 6
18 2 14 20 15 8 
8 9
4 6 11 14 10 0 29 1 3 
27 9
25 19 20 13 22 16 21 28 10 
10 4
8 18 29 27 
11 11
4 23 12 6 21 14 13 7 8 18 29 
0 5
12 4 17 8 29 
25 8
26 4 1 5 22 29 27 28 
15 6
26 28 12 3 29 7 
28 8
4 29 15 17 27 25 18 5 
5 7
20 1 25 23 12 7 28 
