100
0 6
44 12 79 90 83 9 
9 7
16 41 90 91 0 27 89 
83 6
55 94 46 4 48 0 
90 14
77 88 43 99 94 84 80 13 0 9 34 67 45 54 
79 8
54 76 44 66 99 0 20 40 
12 7
0 84 78 6 55 61 4 
44 5
53 0 63 35 79 
53 7
51 99 44 33 8 23 39 
39 6
71 38 62 82 30 53 
23 7
19 2 64 43 53 50 87 
8 5
41 53 95 20 15 
33 6
17 53 20 57 81 72 
99 9
73 72 90 79 53 16 31 74 88 
51 6
53 97 45 13 38 31 
4 6
83 74 49 12 38 80 
61 4
80 12 28 34 
55 6
83 6 35 81 16 12 
6 6
98 12 55 82 18 47 
78 4
62 16 12 65 
84 9
87 74 65 21 97 90 12 7 94 
2 6
50 85 31 23 30 60 
60 5
34 14 65 22 2 
30 7
72 14 39 46 68 2 71 
31 10
25 77 22 5 75 99 2 37 51 58 
85 4
2 72 76 48 
50 4
2 42 92 23 
5 6
29 31 3 57 88 21 
21 3
84 81 5 
88 6
19 91 63 90 99 5 
57 9
91 42 76 33 13 5 25 86 40 
3 8
95 96 80 97 11 29 5 62 
29 6
37 5 3 70 91 49 
92 7
22 42 28 17 50 96 73 
73 3
99 77 92 
96 3
3 49 92 
17 4
68 33 70 92 
28 9
98 92 91 77 80 16 89 61 75 
42 7
11 34 92 57 50 76 94 
22 5
56 87 31 92 60 
18 4
35 67 6 48 
48 8
43 38 83 18 24 94 85 52 
67 3
15 90 18 
35 6
18 36 55 19 76 44 
54 3
79 72 90 
72 8
1 30 99 85 75 69 54 33 
87 6
84 14 15 97 23 22 
56 4
82 22 86 7 
76 10
45 35 79 42 85 15 70 57 41 46 
77 6
31 28 73 19 90 7 
65 8
60 13 93 84 11 78 63 36 
14 6
41 89 91 87 30 60 
34 8
42 90 60 69 45 89 71 61 
52 4
89 25 48 97 
97 8
36 52 51 58 84 3 70 87 
25 7
31 93 52 57 36 1 59 
89 7
52 34 14 10 70 9 28 
15 9
67 93 86 36 87 94 16 76 8 
16 9
9 28 99 32 55 78 37 15 47 
94 7
83 45 15 90 48 42 84 
36 5
15 35 97 65 25 
86 8
81 15 91 56 59 47 57 27 
93 8
11 82 65 49 64 70 15 25 
11 8
93 65 42 3 75 10 62 82 
59 4
63 13 86 25 
1 4
72 25 13 58 
49 5
93 96 43 4 29 
43 5
48 49 90 23 45 
40 3
80 79 57 
80 6
61 40 90 3 28 4 
7 5
74 84 64 77 56 
19 4
23 88 35 77 
98 5
6 58 28 27 74 
74 9
7 66 64 4 84 24 37 98 99 
27 4
47 86 9 98 
58 5
98 75 31 97 1 
41 5
8 76 9 14 47 
47 6
27 70 86 41 16 6 
91 7
57 88 9 28 14 86 29 
75 7
72 13 31 28 58 11 26 
20 4
79 8 33 69 
69 6
64 34 20 72 62 32 
81 4
86 55 21 33 
70 11
47 24 89 26 97 93 17 76 29 10 66 
64 6
69 93 74 7 23 66 
82 6
93 39 56 6 38 11 
45 6
76 34 90 94 43 51 
37 6
29 31 74 16 62 26 
32 3
13 16 69 
13 8
32 59 75 90 65 57 51 1 
66 6
79 74 64 70 68 24 
24 4
70 48 74 66 
38 5
39 51 4 48 82 
10 4
89 11 70 95 
95 3
3 8 10 
63 4
59 65 88 44 
71 3
39 34 30 
26 3
70 75 37 
62 6
39 78 11 37 69 3 
46 3
83 30 76 
68 3
17 30 66 
