50
4 1
37 
37 5
2 27 32 41 4 
9 1
42 
42 4
12 43 31 9 
18 2
30 36 
36 2
17 18 
8 2
5 26 
26 1
8 
5 3
28 19 8 
31 1
42 
43 1
42 
19 1
5 
29 1
12 
12 5
34 33 42 47 29 
24 3
45 6 44 
44 2
28 24 
6 2
1 24 
45 4
13 35 24 0 
28 5
44 30 23 49 5 
38 1
32 
32 4
37 15 22 38 
7 2
0 34 
34 3
12 15 7 
10 1
48 
48 2
21 10 
47 1
12 
33 5
0 23 20 12 46 
49 1
28 
11 1
27 
27 2
37 11 
39 3
2 30 25 
25 2
39 16 
30 4
28 18 40 39 
2 3
23 37 39 
20 2
33 1 
1 2
6 20 
41 1
37 
21 5
16 23 48 17 40 
23 5
33 2 28 21 14 
46 2
33 3 
3 2
0 46 
40 2
30 21 
17 3
21 36 13 
14 1
23 
22 2
15 32 
15 3
22 32 34 
16 2
21 25 
35 1
45 
13 2
17 45 
0 4
33 3 7 45 
