30
8 2
21 10 
10 4
4 23 19 8 
21 10
8 25 18 26 2 13 7 29 24 17 
20 3
11 13 9 
9 4
12 3 28 20 
13 8
21 12 26 28 20 3 23 22 
11 6
20 2 1 5 27 15 
24 4
17 26 21 16 
16 6
2 23 29 0 4 24 
26 7
23 13 15 6 24 21 19 
17 2
24 21 
19 5
6 22 26 14 10 
14 4
28 6 19 12 
22 4
5 7 13 19 
6 5
27 14 19 26 18 
4 7
18 16 2 7 23 10 0 
0 3
16 4 7 
29 5
3 2 16 23 21 
18 5
4 21 5 1 6 
27 2
6 11 
3 6
29 1 9 13 25 23 
23 9
16 26 10 29 7 13 28 4 3 
25 3
3 21 2 
12 5
13 9 1 15 14 
15 3
12 26 11 
28 5
2 14 13 23 9 
1 5
12 7 11 3 18 
7 6
22 23 1 4 21 0 
5 4
18 22 2 11 
2 8
28 16 29 5 4 21 11 25 
