100
40 3
18 21 97 
97 2
43 40 
92 2
34 9 
9 5
2 0 75 53 92 
94 1
32 
32 3
71 69 94 
43 5
80 15 6 45 97 
34 3
92 84 27 
27 3
30 73 34 
84 2
64 34 
51 1
37 
37 6
19 26 2 51 11 79 
83 1
95 
95 2
4 83 
25 3
5 64 67 
67 1
25 
64 4
63 73 84 25 
63 2
64 31 
31 2
15 63 
46 1
16 
16 3
73 55 46 
79 1
37 
11 1
37 
2 7
19 47 86 88 9 17 37 
42 2
73 28 
28 2
62 42 
12 2
78 85 
85 8
65 5 19 35 58 86 54 12 
53 4
87 96 9 61 
56 2
66 89 
89 6
55 18 69 98 60 56 
39 2
75 19 
19 5
82 37 85 2 39 
75 3
9 62 39 
14 2
15 45 
45 5
78 30 72 43 14 
18 5
40 89 55 7 1 
1 2
71 18 
7 6
57 5 18 8 76 74 
99 2
76 72 
72 3
45 41 99 
29 2
59 6 
6 4
43 0 29 13 
62 3
35 28 75 
36 1
86 
86 6
85 35 2 82 15 36 
61 1
53 
38 2
66 73 
73 8
42 16 27 5 64 38 91 10 
96 1
53 
87 3
88 53 59 
4 2
65 95 
81 1
49 
49 4
78 0 81 3 
69 3
5 32 89 
5 8
76 25 85 73 69 78 7 47 
68 4
82 91 66 90 
90 3
24 44 68 
66 7
38 35 93 26 68 56 91 
74 2
7 44 
44 3
22 90 74 
13 3
91 6 21 
21 3
40 17 13 
93 2
0 66 
88 4
2 87 48 52 
52 1
88 
48 2
88 23 
15 4
14 43 86 31 
57 2
7 58 
58 3
85 55 57 
30 2
27 45 
78 4
49 12 5 45 
33 1
82 
82 6
70 19 55 68 86 33 
0 6
9 93 65 6 49 77 
3 1
49 
80 3
43 65 71 
71 3
32 1 80 
65 5
22 85 80 0 4 
17 2
21 2 
23 2
48 98 
98 2
89 23 
41 2
72 50 
59 3
47 29 87 
20 1
60 
60 2
89 20 
47 5
2 5 59 24 70 
70 2
82 47 
91 4
13 73 68 66 
26 2
37 66 
35 4
86 85 66 62 
10 1
73 
55 6
89 82 18 22 58 16 
22 3
44 65 55 
76 3
99 5 7 
54 2
85 8 
77 1
0 
50 1
41 
8 2
7 54 
24 2
90 47 
