20
2 13
5 1 3 16 8 6 17 13 4 10 15 0 12 
12 11
16 6 3 13 11 9 17 15 0 10 2 
0 16
9 1 4 8 17 10 13 15 2 6 14 5 16 3 18 12 
4 11
18 3 1 6 11 17 9 2 0 13 7 
13 14
15 8 14 6 19 2 12 17 18 3 10 9 0 4 
14 11
11 18 1 3 17 15 0 7 13 16 6 
6 17
12 14 19 2 1 0 9 17 16 3 5 11 18 4 15 13 8 
16 12
12 6 7 2 11 18 5 9 17 14 15 0 
7 9
19 10 16 14 9 1 5 18 4 
17 12
13 4 2 11 16 14 6 12 10 15 0 18 
10 11
9 17 18 7 13 2 19 12 0 15 8 
11 13
14 15 9 17 12 19 4 16 8 18 3 1 6 
5 9
3 9 7 2 19 16 15 0 6 
3 10
13 18 5 2 14 12 0 4 11 6 
9 12
11 5 1 12 16 4 13 7 6 10 0 15 
8 9
18 1 2 6 11 0 15 10 13 
15 15
13 6 17 10 8 16 9 0 1 5 18 11 2 12 14 
19 8
1 18 5 10 7 13 11 6 
1 12
19 2 9 14 8 7 6 0 15 4 18 11 
18 15
11 16 3 17 7 13 15 1 0 10 4 14 8 6 19 
