50
38 3
39 41 46 
46 5
6 33 18 5 38 
41 9
26 45 2 1 25 38 24 49 6 
39 6
34 38 21 22 23 45 
10 4
20 11 25 29 
29 5
20 19 45 9 10 
25 5
10 47 41 44 18 
11 6
30 26 10 37 31 9 
7 4
34 21 9 43 
43 4
2 44 7 17 
9 6
22 16 13 7 11 29 
21 8
12 24 37 7 39 19 30 48 
5 5
30 28 46 2 26 
26 9
40 41 28 11 8 33 5 35 22 
2 5
5 32 41 43 4 
28 6
49 35 26 5 30 16 
16 3
37 9 28 
30 10
36 5 18 11 21 24 20 34 28 32 
6 4
46 19 41 40 
49 7
28 27 48 41 20 14 37 
24 7
21 42 30 13 41 44 48 
1 2
41 20 
45 4
29 42 41 39 
36 4
3 18 8 30 
8 6
14 35 26 15 36 23 
18 7
32 27 46 37 30 36 25 
3 3
0 36 33 
20 8
10 29 0 49 23 30 1 12 
4 5
44 23 2 0 27 
32 4
18 22 30 2 
44 6
14 43 4 24 13 25 
47 2
25 13 
37 7
16 18 49 42 13 21 11 
13 6
23 9 24 37 44 47 
42 4
23 45 24 37 
23 8
13 35 42 20 39 8 15 4 
15 3
27 8 23 
48 4
35 49 21 24 
19 5
29 6 12 21 40 
27 4
18 49 4 15 
22 5
39 9 17 32 26 
17 2
22 43 
12 4
21 40 20 19 
0 3
20 3 4 
35 5
23 28 48 8 26 
31 2
40 11 
40 5
31 12 6 26 19 
14 4
34 8 44 49 
34 4
7 14 39 30 
33 3
46 26 3 
