30
14 10
13 8 16 1 3 24 21 17 2 26 
26 15
10 29 15 3 16 19 2 17 14 20 24 1 9 0 22 
2 11
24 22 12 9 7 26 16 8 14 6 0 
17 7
13 0 15 14 20 26 25 
20 10
1 6 23 12 26 27 17 10 29 21 
21 12
19 7 8 16 10 0 9 27 4 14 20 22 
29 13
6 25 26 8 16 9 28 27 3 18 10 20 7 
27 17
22 1 12 6 5 11 18 21 20 3 16 13 29 10 28 7 4 
24 10
22 14 2 26 10 3 1 5 4 8 
8 15
14 16 24 21 2 25 10 29 15 4 12 0 9 22 1 
4 13
5 12 13 27 9 19 8 16 11 24 21 0 10 
5 14
4 24 18 11 15 9 27 28 19 6 12 3 16 23 
1 16
20 19 13 15 24 23 7 28 22 9 10 27 8 25 26 14 
10 14
4 29 23 19 26 24 27 1 9 28 25 21 20 8 
16 16
21 2 8 23 0 13 29 25 19 27 7 28 4 5 26 14 
23 7
20 5 1 10 11 6 16 
13 12
7 14 1 4 25 15 0 16 27 17 28 9 
0 14
9 16 8 28 17 2 26 21 13 15 4 6 18 25 
25 13
11 1 6 13 0 29 15 10 16 8 17 12 19 
19 15
21 25 26 6 10 16 4 5 18 1 22 9 7 28 12 
28 12
19 13 22 3 1 5 11 16 10 0 29 27 
9 14
13 15 29 10 5 8 4 2 19 26 0 1 22 21 
15 12
26 12 8 25 13 0 18 3 1 5 17 9 
7 9
21 13 16 27 19 2 12 29 1 
22 12
12 2 26 19 6 1 27 9 28 8 24 21 
6 12
29 0 20 11 25 18 5 27 19 2 22 23 
11 8
25 5 4 6 28 27 23 12 
3 8
24 14 29 15 28 27 26 5 
18 7
27 6 19 15 0 29 5 
12 12
22 4 27 15 8 2 19 20 5 25 7 11 
