30
13 7
9 25 23 10 29 7 18 
18 6
29 12 23 14 1 13 
7 5
4 16 21 13 9 
29 5
17 25 18 1 13 
23 3
18 5 13 
25 10
27 16 5 15 29 22 13 19 2 11 
9 4
13 7 11 24 
1 8
17 15 29 3 18 24 22 12 
15 5
10 1 11 25 12 
12 5
17 26 18 1 15 
24 7
0 22 9 1 26 19 20 
11 6
2 20 15 10 9 25 
22 6
21 24 16 25 0 1 
0 7
24 14 28 26 19 22 10 
16 5
25 7 22 14 8 
21 4
7 22 28 27 
3 3
8 1 6 
17 6
28 12 29 1 6 20 
10 5
13 11 15 0 6 
20 3
11 24 17 
14 6
0 18 16 27 28 26 
19 6
25 0 27 24 6 5 
26 4
24 12 0 14 
28 4
17 21 0 14 
27 4
25 19 14 21 
8 2
3 16 
6 6
2 19 10 3 17 4 
2 3
11 6 25 
5 3
25 23 19 
4 2
7 6 
