50
31 2
12 26 
26 8
44 3 5 4 22 39 20 31 
12 11
16 11 39 31 9 6 32 41 7 38 45 
1 2
24 35 
35 7
16 37 42 9 25 38 1 
24 5
42 1 22 20 14 
36 7
25 29 30 45 28 6 11 
11 7
48 12 44 32 41 36 22 
6 8
39 20 23 36 22 33 12 42 
28 4
49 36 30 10 
45 4
20 2 36 12 
30 4
7 25 36 28 
39 4
26 12 6 20 
20 12
42 47 6 41 3 5 24 0 29 39 45 26 
22 10
24 11 34 17 19 26 6 41 46 33 
41 10
17 7 25 21 11 22 12 20 43 46 
32 8
10 40 11 12 27 48 17 38 
18 3
25 19 46 
46 4
27 22 41 18 
19 6
33 15 18 22 40 21 
2 4
49 42 45 7 
7 6
30 49 41 21 12 2 
25 10
18 30 36 35 29 0 41 38 43 47 
47 4
20 21 25 8 
38 5
33 12 35 32 25 
0 3
3 25 20 
40 3
32 10 19 
10 9
32 49 4 3 8 33 40 28 27 
17 5
41 32 22 5 44 
44 8
4 33 16 26 21 11 29 17 
5 7
26 29 42 20 33 48 17 
14 3
13 24 37 
34 3
22 16 8 
8 4
10 23 47 34 
37 4
42 35 4 14 
13 4
29 14 3 33 
4 6
23 44 10 37 26 3 
33 10
44 42 19 38 22 3 5 10 6 13 
3 9
20 26 13 0 10 49 4 33 9 
29 8
13 25 5 36 27 44 15 20 
15 3
29 19 43 
43 6
25 42 21 41 16 15 
49 6
10 7 2 28 3 16 
16 7
35 44 12 34 9 43 49 
42 10
20 33 21 24 37 43 5 2 35 6 
21 8
44 42 47 43 9 7 41 19 
9 6
16 27 35 21 12 3 
27 5
32 46 9 29 10 
48 4
11 32 5 23 
23 4
4 8 6 48 
