30
18 4
12 8 7 11 
11 7
28 20 25 0 18 24 22 
7 5
21 9 27 17 18 
22 3
28 20 11 
24 5
4 3 11 0 10 
1 5
6 13 26 19 25 
25 5
19 11 23 16 1 
19 4
25 27 3 1 
9 5
20 10 7 5 17 
17 5
26 2 21 7 9 
15 5
20 29 2 27 28 
28 6
11 22 27 16 15 6 
29 6
26 15 10 0 20 12 
12 4
18 2 0 29 
20 10
16 11 22 9 27 15 0 29 5 4 
13 3
27 1 3 
3 5
4 24 19 26 13 
6 3
10 1 28 
16 8
0 20 25 28 21 26 2 8 
27 7
15 23 28 19 20 13 7 
0 8
16 12 5 29 24 11 20 26 
26 7
17 8 16 29 0 1 3 
14 2
23 21 
21 4
7 17 16 14 
4 4
24 3 20 23 
5 4
0 2 9 20 
8 3
26 18 16 
2 5
5 12 17 15 16 
10 4
6 29 9 24 
23 4
14 25 27 4 
