50
38 11
5 6 14 12 25 36 49 13 41 33 28 
28 11
30 11 47 4 12 26 2 8 29 25 38 
33 10
32 44 49 15 22 24 9 31 38 1 
41 9
22 30 38 2 3 14 40 11 24 
9 6
33 1 49 45 6 39 
39 9
20 21 12 22 46 8 17 9 18 
6 12
38 20 46 8 24 2 10 15 0 5 18 9 
45 11
36 9 49 47 4 20 42 46 44 11 24 
18 6
12 7 13 1 39 6 
1 9
9 15 43 47 18 32 34 44 33 
13 12
46 38 22 23 19 18 15 14 40 20 17 43 
46 12
13 40 39 6 21 48 5 45 49 43 25 8 
8 12
35 19 2 25 6 23 17 28 46 14 20 39 
25 14
22 12 29 34 20 46 28 48 26 14 37 8 38 43 
43 8
23 15 25 48 1 5 46 13 
5 6
38 16 46 6 43 10 
10 11
16 19 40 34 6 32 29 49 47 3 5 
48 8
35 46 3 30 25 43 4 14 
49 14
32 10 29 40 4 19 45 14 26 33 44 46 38 9 
29 10
22 20 10 25 16 31 28 12 47 49 
40 13
36 46 10 0 27 12 26 35 13 41 11 49 3 
4 8
22 49 28 48 31 27 19 45 
19 11
10 7 13 14 2 8 16 4 49 37 11 
42 8
14 7 16 47 45 21 31 17 
17 13
37 2 15 34 14 20 39 8 7 13 23 22 42 
21 5
16 46 39 42 47 
47 12
28 27 45 2 1 34 42 29 10 23 11 21 
16 15
24 34 19 15 29 7 3 5 31 10 42 37 20 21 30 
20 13
23 39 6 25 8 44 16 45 29 0 12 17 13 
12 11
18 24 28 0 29 39 20 40 32 38 25 
0 10
12 40 20 32 6 30 36 35 26 7 
44 9
31 33 49 1 36 20 45 37 24 
35 9
8 48 3 36 30 23 15 0 40 
23 11
15 17 13 20 14 22 8 43 47 37 35 
30 11
16 0 32 28 48 41 7 24 37 35 3 
36 9
38 44 45 35 26 40 14 0 15 
27 5
37 47 4 40 34 
34 8
10 22 25 47 17 27 1 16 
15 11
11 43 35 13 33 16 1 17 6 23 36 
14 14
49 36 23 32 25 37 48 17 19 13 38 8 41 42 
26 7
11 49 28 40 36 25 0 
32 8
49 33 30 0 10 12 14 1 
24 9
12 6 16 33 44 30 41 2 45 
3 9
31 48 2 35 16 10 41 40 30 
7 9
42 18 19 16 30 22 11 17 0 
11 10
15 28 41 7 40 26 45 2 19 47 
22 13
29 25 23 4 34 39 2 33 13 41 7 31 17 
2 11
8 3 41 22 47 19 17 28 6 24 11 
31 8
22 29 3 42 44 16 33 4 
37 9
19 44 16 27 17 25 23 30 14 
