100
41 4
85 24 83 70 
70 6
85 42 41 5 6 0 
83 10
26 67 8 56 10 24 71 98 41 17 
24 9
58 79 83 18 34 98 33 41 11 
85 9
44 42 4 41 70 0 63 81 93 
2 5
55 28 66 53 60 
60 6
99 79 77 2 34 16 
53 9
13 46 14 20 99 52 77 2 29 
66 10
95 49 37 59 31 38 68 87 2 98 
28 6
0 2 35 23 77 4 
55 3
2 81 35 
29 6
49 53 19 97 80 57 
77 8
8 96 48 28 34 60 53 82 
52 3
51 53 21 
99 7
60 36 68 33 53 75 35 
20 4
57 25 53 35 
14 8
53 64 58 47 62 38 25 40 
46 5
53 51 63 36 44 
13 5
53 93 15 18 12 
78 4
68 25 4 33 
33 7
81 24 78 99 98 86 68 
4 5
85 28 78 94 73 
25 10
43 58 65 31 17 75 78 62 20 14 
68 8
87 66 42 9 99 78 11 33 
73 4
72 30 65 4 
94 3
30 21 4 
82 4
57 30 32 77 
48 6
6 77 22 36 51 5 
96 3
95 27 77 
8 11
9 75 74 67 19 77 58 83 95 89 32 
37 8
10 87 66 69 22 40 31 49 
49 5
29 66 36 26 37 
31 13
61 25 66 35 81 59 84 37 56 91 57 30 65 
40 7
16 64 14 6 56 37 95 
22 4
48 37 0 88 
69 4
67 12 37 58 
87 9
79 74 32 68 66 10 86 37 61 
10 4
37 87 91 83 
44 5
58 85 38 72 46 
36 6
99 48 0 5 49 46 
63 5
64 27 85 98 46 
51 7
84 23 52 95 46 48 42 
23 5
51 93 28 27 15 
15 7
12 58 43 13 45 35 23 
27 6
61 47 96 63 5 23 
93 9
54 90 16 5 85 13 23 30 43 
17 4
1 83 25 79 
79 4
87 24 60 17 
1 4
17 34 65 59 
35 10
54 89 80 31 28 97 15 99 55 20 
0 9
98 58 36 22 85 28 54 62 70 
54 6
65 93 35 5 0 43 
43 7
3 88 38 25 54 93 15 
5 8
93 95 36 54 50 70 48 27 
65 7
31 73 97 54 25 1 6 
88 3
43 47 22 
47 7
34 14 75 27 61 32 88 
62 4
14 25 38 0 
38 7
59 66 44 14 43 64 62 
81 13
33 76 85 31 75 12 6 55 30 67 98 92 59 
3 5
43 74 75 92 7 
7 4
57 3 6 89 
92 5
39 34 84 3 81 
75 8
89 45 81 47 99 3 25 8 
74 4
87 6 3 8 
80 3
35 16 29 
16 6
40 60 93 71 21 80 
71 3
16 83 95 
95 8
5 66 96 8 51 40 71 9 
21 5
26 45 16 52 94 
26 7
21 84 83 18 64 49 39 
50 4
97 12 5 90 
57 10
7 18 11 82 32 31 20 98 90 29 
97 6
50 59 84 35 65 29 
19 4
34 12 29 8 
30 7
76 94 82 31 73 81 93 
90 5
34 58 93 57 50 
34 8
77 47 1 19 90 92 60 24 
9 3
8 68 95 
42 5
85 68 70 56 51 
56 5
31 83 40 42 45 
39 5
91 92 18 76 26 
76 3
30 39 81 
18 6
57 24 39 67 26 13 
91 4
86 39 31 10 
61 4
27 31 47 87 
86 3
91 87 33 
32 5
87 57 47 82 8 
6 7
81 48 74 70 40 65 7 
11 3
57 68 24 
58 10
15 0 59 24 14 90 44 8 25 69 
59 7
97 81 31 38 58 1 66 
98 9
57 66 83 33 81 0 63 24 64 
64 6
63 26 40 14 98 38 
89 4
75 35 8 7 
67 6
8 69 81 72 83 18 
72 3
73 67 44 
12 6
15 81 19 69 50 13 
84 5
51 92 97 26 31 
45 4
75 15 56 21 
