30
8 4
16 21 7 19 
19 10
25 13 28 14 11 16 8 1 18 29 
7 5
29 3 21 20 8 
21 10
22 8 4 13 7 10 29 15 18 25 
13 5
21 25 19 16 20 
20 10
12 24 11 18 5 9 17 7 13 25 
16 6
8 13 25 19 22 3 
29 3
7 21 19 
15 6
6 11 21 28 1 26 
26 4
5 28 17 15 
1 4
19 5 22 15 
28 7
18 10 15 19 26 11 6 
25 8
18 19 13 16 20 21 27 17 
17 7
6 23 26 20 27 9 25 
5 6
12 1 26 0 20 11 
11 9
15 0 19 2 20 9 28 27 5 
24 3
3 20 22 
3 5
24 7 6 16 10 
22 11
4 14 6 0 18 1 16 2 21 24 23 
23 4
9 17 22 12 
2 3
4 11 22 
18 7
25 20 28 9 21 22 19 
0 5
12 11 5 22 4 
6 6
15 22 17 28 14 3 
9 6
20 23 12 17 18 11 
12 6
5 0 20 9 23 4 
10 5
14 21 27 28 3 
14 5
10 22 4 19 6 
27 4
10 25 17 11 
4 6
22 14 2 21 12 0 
