50
8 6
24 28 49 16 45 19 
19 11
42 14 38 31 28 2 11 24 7 16 8 
16 13
32 6 31 48 22 19 35 2 8 40 34 20 13 
49 14
36 25 28 20 14 0 29 15 23 35 2 8 11 3 
13 10
47 26 30 20 40 5 16 21 37 0 
0 15
25 45 48 28 9 13 4 2 49 47 3 41 42 14 34 
37 9
33 20 11 31 2 45 26 18 13 
5 10
18 24 11 28 17 33 46 13 35 20 
40 17
47 9 30 32 25 3 16 34 41 17 46 7 15 29 13 20 21 
20 21
4 10 33 14 37 21 38 22 1 5 36 43 49 44 3 16 7 46 40 13 48 
22 11
11 38 23 17 2 33 16 6 41 14 20 
36 10
18 35 49 47 44 24 34 20 28 12 
1 9
2 44 46 3 18 38 14 20 10 
3 15
42 44 34 20 40 11 24 31 35 1 0 30 38 2 49 
43 6
47 15 21 26 33 20 
44 10
36 15 10 42 35 27 4 1 3 20 
46 13
12 7 23 48 27 9 4 1 5 20 40 33 29 
7 12
46 17 27 29 20 40 11 21 35 19 26 23 
24 9
8 36 14 3 5 9 45 19 32 
2 20
48 37 14 15 28 39 19 35 33 10 27 31 1 0 22 30 49 16 3 21 
28 13
5 14 8 0 26 2 19 6 17 23 36 4 49 
35 11
36 7 41 12 10 2 16 44 3 5 49 
17 15
11 33 25 38 5 23 22 31 39 40 14 26 28 7 4 
11 14
39 3 5 33 37 19 17 7 4 49 25 12 9 22 
15 12
23 12 27 2 26 43 49 44 33 34 40 32 
32 8
33 16 40 21 24 6 15 42 
33 16
5 32 17 46 43 4 15 10 11 37 2 39 20 6 9 22 
10 12
20 9 29 35 2 44 33 21 4 47 1 38 
38 16
25 14 26 29 18 3 4 23 1 22 20 6 19 10 42 17 
18 12
9 41 36 23 5 1 45 26 37 25 38 34 
12 9
46 11 15 27 9 26 35 45 36 
34 11
31 0 29 15 36 39 14 40 16 3 18 
14 17
38 31 24 48 17 28 34 21 20 26 19 49 2 22 1 0 41 
21 10
31 43 2 32 20 40 14 10 13 7 
45 10
0 47 18 8 24 37 27 12 42 30 
9 14
33 39 40 12 24 26 0 46 11 18 42 10 27 6 
41 11
0 42 35 18 27 31 48 23 22 14 40 
6 12
47 16 33 26 22 25 38 9 28 31 48 32 
39 9
34 2 33 48 17 9 23 47 11 
47 10
13 6 43 36 45 0 29 10 40 39 
23 13
46 15 22 18 42 38 27 28 17 39 49 41 7 
42 12
3 41 44 0 38 25 30 23 9 32 19 45 
26 15
12 30 13 29 15 9 28 7 17 18 43 6 37 14 38 
4 12
20 11 46 44 33 38 17 28 31 27 10 0 
27 11
12 9 15 23 7 41 46 44 45 2 4 
31 13
16 14 34 19 2 21 37 6 4 17 3 41 25 
30 8
40 29 13 3 42 2 26 45 
29 12
30 38 25 48 10 26 34 40 47 49 7 46 
48 10
2 46 16 39 14 20 29 0 41 6 
25 11
18 38 0 29 11 42 6 40 49 17 31 
