50
8 6
23 36 44 45 18 17 
17 4
25 15 31 8 
12 5
22 14 1 29 35 
35 8
11 10 14 46 41 28 43 12 
44 5
43 8 6 24 31 
31 13
24 21 39 0 23 4 3 5 17 48 6 7 44 
13 1
36 
36 5
8 10 15 37 13 
22 3
12 23 20 
20 6
34 18 38 29 23 22 
43 4
27 44 26 35 
11 4
35 28 49 47 
47 6
18 45 16 32 48 11 
39 4
31 14 42 18 
18 9
21 47 48 32 23 8 29 20 39 
32 6
40 26 47 0 18 5 
5 7
45 2 31 10 0 32 21 
26 4
32 43 29 10 
10 6
5 48 36 42 35 26 
29 9
12 28 23 46 18 41 20 45 26 
42 4
10 46 39 19 
19 4
48 30 25 42 
49 4
0 34 11 24 
24 7
44 23 31 28 9 38 49 
25 3
17 30 19 
2 2
5 23 
23 11
20 22 18 31 28 24 37 8 33 29 2 
45 4
47 5 8 29 
41 5
37 3 35 4 29 
46 6
16 35 42 9 29 15 
15 6
17 36 0 14 46 3 
3 4
4 31 41 15 
21 4
18 5 31 27 
0 9
49 31 48 15 37 32 1 5 14 
33 2
6 23 
37 7
14 41 0 16 23 36 1 
1 4
0 12 37 34 
38 2
20 24 
9 2
46 24 
4 4
3 41 31 30 
30 4
25 4 19 40 
40 2
32 30 
14 7
16 12 37 35 39 15 0 
7 1
31 
6 3
33 44 31 
48 8
19 34 18 10 0 31 16 47 
34 4
20 48 49 1 
27 2
43 21 
28 5
11 24 29 23 35 
16 5
14 47 46 37 48 
