100
82 1
40 
40 5
43 94 82 15 87 
9 5
20 91 23 69 19 
19 2
44 9 
60 3
22 75 42 
42 3
66 78 60 
80 1
16 
16 3
62 43 80 
87 2
66 40 
73 3
51 74 63 
63 7
33 85 75 81 69 73 53 
75 3
60 63 4 
4 3
88 90 75 
68 4
95 92 39 85 
85 5
88 49 63 0 68 
51 3
30 73 91 
91 6
50 18 9 93 99 51 
22 4
58 24 60 20 
20 6
9 83 89 79 65 22 
0 5
18 72 8 55 85 
99 3
93 47 91 
55 4
77 56 0 46 
74 3
23 73 39 
39 6
68 1 62 49 12 74 
13 6
21 11 76 56 50 61 
61 4
52 45 90 13 
2 5
67 64 15 29 11 
11 6
76 13 7 52 69 2 
78 2
44 42 
24 6
79 25 22 27 44 8 
8 6
58 0 83 1 71 24 
44 8
62 43 3 5 69 19 24 78 
23 3
9 74 15 
15 6
2 40 48 56 25 23 
92 3
68 89 62 
62 10
32 89 12 27 48 16 44 39 92 83 
29 3
2 41 96 
96 2
81 29 
41 4
21 43 14 29 
47 2
64 99 
53 2
45 63 
94 5
86 5 34 40 70 
25 5
86 24 81 52 15 
70 2
30 94 
5 5
46 44 36 35 94 
72 2
0 6 
6 4
84 97 81 72 
21 5
41 13 35 95 56 
56 6
13 34 15 32 55 21 
26 1
1 
1 4
32 39 8 26 
76 3
13 11 97 
97 4
6 66 65 76 
36 2
5 10 
10 2
93 36 
69 8
11 44 9 54 50 63 49 64 
81 5
96 25 6 63 37 
52 4
61 25 57 11 
57 3
84 52 77 
65 4
18 20 7 97 
66 5
42 12 87 97 14 
83 3
62 20 8 
12 4
37 66 62 39 
49 6
69 85 90 39 59 71 
71 4
8 33 49 86 
14 2
66 41 
31 2
33 30 
30 5
70 51 89 93 31 
77 2
55 57 
84 7
43 48 54 38 3 6 57 
45 5
61 3 53 28 34 
34 4
94 56 98 45 
28 3
43 45 17 
90 6
48 18 49 4 38 61 
18 4
65 91 0 90 
48 5
90 84 62 15 7 
17 1
28 
43 6
40 41 84 44 16 28 
89 5
7 62 92 20 30 
98 4
46 34 32 58 
58 3
22 8 98 
32 8
79 1 56 62 54 50 98 95 
95 3
68 21 32 
64 3
2 69 47 
37 2
12 81 
7 4
65 89 11 48 
38 2
90 84 
35 2
21 5 
46 3
98 5 55 
3 6
27 88 44 84 45 67 
67 2
2 3 
79 4
24 32 20 33 
86 4
25 54 94 71 
54 6
86 69 84 88 32 27 
27 4
3 24 62 54 
88 4
85 4 3 54 
50 4
13 91 69 32 
33 4
63 31 71 79 
93 5
99 91 10 30 59 
59 2
49 93 
