50
4 3
3 12 13 
13 4
39 21 9 4 
12 6
48 25 38 4 29 26 
3 5
46 4 41 15 34 
41 5
28 27 3 1 46 
46 2
3 41 
1 5
25 44 41 2 24 
27 4
20 41 23 0 
28 3
41 15 8 
8 2
9 28 
15 6
3 34 14 48 28 44 
19 4
0 22 40 43 
43 2
14 19 
40 2
9 19 
22 3
7 32 19 
0 5
24 19 45 16 27 
24 4
0 1 16 31 
31 2
9 24 
16 6
6 0 20 35 44 24 
33 3
48 2 36 
36 2
44 33 
2 4
7 1 33 30 
48 4
33 12 15 21 
21 4
26 13 14 48 
32 6
25 14 39 5 22 49 
7 6
2 22 29 10 14 25 
14 10
7 9 17 47 43 49 23 32 15 21 
44 8
36 23 17 15 16 49 1 20 
34 3
15 38 3 
9 10
31 8 13 40 14 29 10 47 18 35 
39 3
30 13 32 
29 4
7 12 9 6 
6 2
16 29 
30 2
39 2 
11 3
5 17 37 
37 2
49 11 
17 4
5 44 14 11 
5 4
18 11 17 32 
18 2
5 9 
10 3
35 7 9 
25 7
1 45 32 20 23 12 7 
45 2
25 0 
26 2
21 12 
38 3
35 12 34 
20 4
27 25 16 44 
49 4
37 14 44 32 
23 6
35 14 25 44 42 27 
35 6
10 42 23 38 16 9 
47 2
14 9 
42 2
35 23 
