20
10 11
4 12 6 16 8 18 1 7 9 17 14 
14 8
3 1 18 17 9 12 0 10 
17 8
1 5 11 16 4 10 14 6 
9 10
4 10 6 2 1 3 18 7 16 14 
7 11
13 19 8 4 18 1 5 0 10 9 12 
8 12
4 11 7 10 15 18 3 1 5 2 19 16 
16 11
17 9 10 15 0 18 3 8 19 2 4 
19 8
7 2 16 8 1 18 11 6 
5 6
4 13 7 18 17 8 
1 12
17 9 19 2 14 4 8 10 0 6 18 7 
3 9
18 6 12 14 8 16 0 9 13 
15 4
0 16 8 18 
13 4
7 5 3 0 
0 11
4 14 2 15 1 3 18 16 11 7 13 
18 14
10 15 7 19 2 0 9 1 5 12 14 8 3 16 
4 12
10 0 12 7 5 1 9 17 2 6 8 16 
2 10
12 0 11 19 9 4 1 18 8 16 
6 7
10 9 17 3 1 4 19 
12 7
2 10 4 3 18 14 7 
11 5
8 17 0 2 19 
