20
12 12
7 3 1 18 14 6 4 11 16 19 0 10 
10 9
4 0 8 3 19 9 17 13 12 
19 13
9 14 10 15 13 7 16 8 12 11 1 3 2 
16 9
6 7 8 12 2 19 1 18 9 
11 14
14 18 3 5 6 19 2 13 17 7 12 9 0 8 
2 8
6 9 1 8 16 11 4 19 
3 13
12 14 10 15 7 9 8 11 4 6 18 5 19 
8 16
7 4 15 10 2 19 6 16 3 5 14 1 0 9 18 11 
7 13
11 12 6 0 15 5 1 3 8 16 17 9 19 
13 11
6 4 5 1 19 11 17 15 0 10 14 
6 12
11 2 13 7 12 14 16 8 1 3 9 17 
17 12
9 14 4 15 10 5 18 1 7 13 11 6 
14 12
19 8 12 17 9 6 4 3 5 18 11 13 
18 11
12 3 1 0 15 9 17 11 14 8 16 
4 12
13 17 12 14 10 15 0 3 1 5 2 8 
15 11
4 19 13 7 17 9 3 5 18 0 8 
0 12
12 9 7 13 11 5 1 18 4 10 15 8 
9 15
8 17 7 16 3 15 10 1 0 18 11 14 2 19 6 
1 14
18 5 4 16 8 13 17 7 2 19 6 12 9 0 
5 11
14 7 13 11 0 15 17 8 1 3 4 
