100
72 9
94 56 98 8 49 43 57 36 28 
28 7
57 42 5 59 14 16 72 
9 5
59 54 52 99 45 
45 5
43 30 52 62 9 
52 8
9 42 29 10 45 98 41 99 
99 7
47 85 9 42 67 57 52 
68 2
49 73 
73 9
56 67 90 5 68 50 25 31 77 
41 4
61 54 52 77 
77 6
74 8 73 36 83 41 
82 5
11 85 20 98 5 
5 8
60 28 18 44 73 43 94 82 
1 5
46 19 42 32 13 
13 5
60 91 55 51 1 
76 5
48 36 80 32 24 
24 5
94 19 93 47 76 
87 5
49 29 0 3 39 
39 5
51 7 30 57 87 
0 3
86 87 22 
22 5
23 93 32 55 0 
97 4
51 34 60 56 
56 8
98 92 72 46 73 81 97 70 
60 9
79 13 5 90 59 35 26 97 57 
78 2
2 81 
81 7
93 56 27 85 78 34 20 
98 9
47 72 56 91 82 52 95 37 89 
89 3
91 66 98 
54 7
32 55 9 41 64 58 51 
51 8
32 65 36 12 39 97 13 54 
46 9
1 86 37 84 79 10 56 63 2 
2 7
95 93 6 94 78 71 46 
37 8
46 8 88 98 48 27 6 69 
69 4
27 88 6 37 
71 3
83 75 2 
16 4
6 40 75 28 
14 5
64 26 62 33 28 
12 8
91 10 59 40 51 49 61 38 
38 3
15 43 12 
66 6
58 67 20 90 94 89 
75 4
3 16 49 71 
48 4
76 37 57 93 
93 8
95 22 81 2 59 24 40 48 
23 5
3 4 25 22 88 
88 6
69 37 61 4 49 23 
49 7
72 68 87 12 44 75 88 
70 2
27 56 
94 8
72 8 43 2 59 24 5 66 
17 5
95 4 79 90 92 
92 7
25 7 36 4 17 56 10 
57 11
99 84 91 72 64 8 28 48 60 39 18 
42 8
28 19 40 52 1 21 25 99 
25 6
21 92 23 73 42 27 
44 8
36 63 29 83 5 40 90 49 
80 6
62 84 11 85 76 35 
35 5
53 95 90 60 80 
79 8
60 17 65 84 46 96 62 7 
7 3
92 39 79 
62 7
80 84 55 79 14 45 3 
27 5
70 37 25 69 81 
74 3
77 58 32 
32 9
51 54 95 22 96 76 1 18 74 
55 6
11 54 62 13 19 22 
67 6
66 3 73 4 11 99 
29 6
85 44 52 87 10 59 
59 10
12 9 28 93 19 40 60 95 94 29 
26 4
14 60 65 30 
90 8
17 3 66 60 35 73 86 44 
18 5
31 5 21 57 32 
31 4
18 40 73 91 
91 11
12 13 89 84 10 31 98 34 50 57 65 
10 8
12 43 6 46 52 91 29 92 
4 9
17 21 33 67 83 88 23 43 92 
65 4
51 79 26 91 
50 3
96 73 91 
34 3
97 81 91 
8 7
94 37 72 30 57 77 47 
47 4
99 98 24 8 
11 6
80 67 95 82 55 84 
84 10
80 63 91 57 30 62 79 46 96 11 
95 10
17 32 93 2 35 98 59 11 21 63 
86 6
0 15 90 61 46 96 
20 4
66 83 82 81 
96 7
50 32 79 84 64 43 86 
61 4
41 12 88 86 
3 7
75 23 67 87 90 64 62 
19 7
1 42 59 24 55 6 53 
43 10
10 85 45 94 96 5 64 4 72 38 
83 5
44 71 20 4 77 
36 6
51 44 76 92 72 77 
40 8
44 16 42 12 64 31 59 93 
33 3
4 15 14 
6 8
10 16 21 37 2 19 69 58 
58 4
66 74 54 6 
63 4
84 44 46 95 
30 5
8 39 84 45 26 
64 8
54 96 57 14 40 3 43 15 
15 4
33 38 86 64 
21 6
4 25 6 18 42 95 
53 2
35 19 
85 6
29 43 82 99 80 81 
