50
42 10
9 48 21 12 43 33 16 40 26 22 
22 8
37 26 29 43 17 34 39 42 
26 13
40 32 17 18 47 11 37 35 42 22 30 16 46 
49 9
32 45 8 3 47 37 31 41 25 
25 6
41 29 18 20 11 49 
41 13
2 39 23 25 29 8 31 48 27 6 32 43 49 
31 7
41 7 33 16 34 43 49 
37 15
21 8 16 33 39 40 49 5 18 26 9 22 7 17 12 
8 12
6 19 35 40 41 49 4 33 24 37 5 0 
0 10
39 9 28 4 3 23 19 2 16 8 
5 7
17 37 4 29 14 34 8 
33 13
34 31 45 42 29 37 30 23 13 46 8 4 6 
19 9
0 3 4 47 8 46 23 13 35 
35 7
21 29 8 9 48 26 19 
13 10
32 47 21 36 15 27 48 33 2 19 
23 11
6 41 12 30 29 0 33 16 19 27 9 
46 10
29 24 14 40 38 19 26 30 36 33 
47 11
13 15 3 34 26 19 28 27 49 16 38 
38 7
12 40 36 46 17 32 47 
16 9
28 31 42 39 47 0 37 23 26 
6 11
41 7 43 12 3 28 15 23 30 8 33 
4 12
0 19 9 28 17 21 24 39 8 33 1 5 
30 11
3 23 26 45 6 32 46 33 17 28 15 
36 6
13 38 29 15 46 34 
34 10
33 47 48 27 31 20 2 5 22 36 
1 10
11 4 32 29 15 27 28 39 40 20 
20 6
43 25 29 24 34 1 
28 11
14 29 0 44 16 6 47 43 4 1 30 
15 10
44 40 47 13 12 3 1 6 36 30 
2 9
45 41 13 40 34 14 0 24 21 
21 8
42 13 4 43 45 35 2 37 
24 8
8 46 20 3 18 4 2 32 
14 10
11 29 28 39 46 44 5 43 2 32 
11 8
14 1 18 26 29 25 27 12 
9 9
37 42 44 0 35 43 4 23 3 
43 13
41 42 6 22 10 29 20 14 21 9 28 31 27 
27 12
23 48 44 1 41 13 11 34 39 40 47 43 
39 13
12 0 41 7 14 16 27 1 18 4 37 32 22 
17 11
10 37 5 26 45 44 30 22 38 48 4 
3 11
30 19 47 49 6 24 29 15 0 9 40 
12 13
39 40 38 23 42 6 45 7 15 29 10 37 11 
48 8
42 34 35 27 17 41 13 32 
29 19
3 14 46 28 35 45 12 5 20 36 43 18 11 23 1 22 33 41 25 
45 9
33 49 21 2 17 12 30 29 7 
18 10
26 25 32 44 29 10 39 11 37 24 
40 12
26 2 15 38 12 42 8 46 27 37 1 3 
10 5
17 43 18 12 44 
7 7
37 39 31 6 44 12 45 
44 9
7 14 28 9 27 17 18 15 10 
32 12
49 26 1 18 13 41 30 24 38 39 14 48 
