30
12 17
24 23 25 21 28 17 19 8 9 1 18 14 27 10 13 15 29 
25 9
22 4 27 28 18 8 13 7 12 
21 10
7 1 22 15 29 28 2 6 12 20 
28 8
3 20 11 21 25 8 23 12 
17 15
20 10 24 12 7 29 13 3 14 26 2 1 22 9 4 
19 10
8 7 13 29 10 27 2 22 12 14 
8 16
18 10 23 12 29 25 28 7 0 22 20 16 14 26 6 19 
1 12
16 26 10 29 21 24 9 17 5 3 6 12 
18 7
8 4 15 25 20 12 26 
14 11
17 22 8 20 13 7 12 2 19 24 5 
4 10
25 17 11 24 18 3 16 29 23 22 
22 18
25 21 4 23 3 16 8 6 19 2 14 26 24 17 29 27 10 5 
23 15
12 11 4 2 26 28 27 22 9 6 3 16 8 15 13 
29 15
12 17 8 24 11 21 2 6 19 3 4 9 0 1 22 
2 13
24 21 19 17 9 27 5 14 10 15 29 22 23 
27 11
7 12 11 25 20 19 2 22 23 15 0 
9 12
1 23 17 12 20 29 0 6 7 13 11 2 
11 13
4 26 24 15 10 29 13 7 6 23 27 28 9 
13 13
12 14 23 16 19 26 11 25 6 17 9 0 15 
7 14
3 5 11 25 21 20 9 17 27 8 14 26 6 19 
6 12
0 29 8 9 22 23 13 7 26 21 11 1 
3 12
26 29 23 22 4 28 17 16 5 1 24 7 
24 12
12 4 11 26 2 16 22 1 3 14 29 17 
16 12
8 13 4 15 10 24 1 3 5 23 22 26 
15 12
12 27 11 21 16 26 2 0 23 13 18 5 
5 9
7 1 3 22 16 26 2 14 15 
0 8
6 13 9 27 29 10 15 8 
10 10
22 11 1 12 8 16 19 2 0 17 
26 15
8 3 16 6 5 1 22 23 17 7 15 13 18 11 24 
20 9
14 8 17 28 9 27 7 18 21 
