30
27 4
28 15 10 7 
7 4
8 19 25 27 
10 6
25 22 27 9 26 12 
9 9
2 29 10 17 18 1 24 11 8 
8 5
7 6 26 15 9 
11 8
21 12 25 29 15 9 14 20 
1 6
15 22 24 25 9 4 
18 4
5 9 13 6 
17 2
9 13 
29 3
9 11 16 
2 3
15 9 14 
4 4
26 19 1 24 
25 6
10 1 13 7 26 11 
24 4
9 0 1 4 
22 8
10 14 1 3 26 19 13 28 
15 7
2 27 8 3 1 11 6 
28 3
27 23 22 
13 12
21 0 26 19 20 3 18 5 12 25 22 17 
19 6
3 14 4 7 13 22 
26 7
13 6 4 8 25 22 10 
3 4
19 15 13 22 
12 4
11 23 13 10 
23 3
28 12 5 
20 3
13 21 11 
5 5
18 13 21 0 23 
16 2
0 29 
6 5
26 8 0 15 18 
14 4
22 19 2 11 
21 4
20 13 11 5 
0 5
13 6 16 24 5 
