30
20 7
4 8 2 24 29 6 23 
23 3
0 17 20 
6 8
18 11 10 0 12 28 20 16 
29 5
8 25 20 14 0 
24 7
2 26 10 3 20 27 13 
2 9
25 1 18 14 20 28 0 24 21 
8 7
29 7 20 1 22 4 17 
4 6
27 20 25 0 7 8 
1 7
17 27 2 19 8 18 11 
11 3
6 12 1 
18 6
6 13 2 15 0 1 
19 5
0 1 5 27 9 
27 8
4 16 12 1 13 24 21 19 
17 4
1 9 23 8 
22 6
13 14 28 21 26 8 
26 6
28 24 25 0 15 22 
21 4
7 22 2 27 
28 8
9 3 25 26 2 22 6 12 
14 4
22 2 12 29 
9 5
16 28 17 19 13 
13 7
22 16 18 3 27 9 24 
16 6
13 5 3 27 9 6 
7 4
21 8 4 25 
25 8
28 4 29 0 10 2 26 7 
10 6
6 15 0 24 12 25 
12 7
3 27 28 14 11 10 6 
0 11
23 19 2 26 4 10 15 29 18 25 6 
15 4
10 0 18 26 
3 6
12 24 28 16 5 13 
5 3
16 3 19 
