50
4 2
44 37 
37 10
5 46 11 22 14 2 27 32 41 4 
9 3
0 18 42 
42 5
12 43 17 31 9 
18 4
39 9 30 36 
36 6
32 34 48 27 17 18 
8 6
33 38 32 5 2 26 
26 6
32 12 45 21 1 8 
5 5
37 7 28 19 8 
31 2
24 42 
43 2
44 42 
19 2
41 5 
29 6
28 40 2 38 41 12 
12 10
26 17 34 33 42 49 47 15 0 29 
24 9
31 40 14 0 49 47 45 6 44 
44 6
43 4 32 41 28 24 
6 3
14 1 24 
45 6
17 13 26 35 24 0 
28 8
29 17 11 44 30 23 49 5 
38 6
29 20 40 16 8 32 
32 9
26 1 44 8 37 15 36 22 38 
7 3
5 0 34 
34 6
36 25 35 12 15 7 
10 2
20 48 
48 3
36 21 10 
47 2
24 12 
33 7
0 23 14 20 12 8 46 
49 3
24 12 28 
11 3
37 28 27 
27 5
3 16 36 37 11 
39 6
18 17 21 2 30 25 
25 4
41 34 39 16 
30 4
28 18 40 39 
2 5
29 8 23 37 39 
20 5
38 10 14 33 1 
1 4
26 32 6 20 
41 6
19 25 22 44 29 37 
21 7
26 16 23 48 17 39 40 
23 5
33 2 28 21 14 
46 5
40 0 37 33 3 
3 3
27 0 46 
40 6
29 46 38 30 24 21 
17 8
28 39 42 12 45 21 36 13 
14 6
33 6 20 24 37 23 
22 4
41 37 15 32 
15 4
12 22 32 34 
16 5
35 27 21 38 25 
35 3
16 34 45 
13 2
17 45 
0 8
12 9 24 46 33 3 7 45 
