100
5 1
72 
72 3
73 63 5 
54 2
22 98 
98 9
73 11 80 61 54 56 32 8 92 
17 1
12 
12 2
86 17 
23 2
37 40 
40 2
4 23 
60 1
32 
32 3
98 60 22 
29 1
9 
9 5
30 86 76 90 29 
99 1
18 
18 2
71 99 
15 1
45 
45 3
85 69 15 
82 2
50 41 
41 2
88 82 
71 3
87 68 18 
87 2
76 71 
88 4
2 56 8 41 
78 2
2 21 
21 2
57 78 
2 3
88 34 78 
0 1
90 
90 3
9 44 0 
89 1
76 
76 4
51 87 9 89 
30 3
9 35 96 
96 2
10 30 
84 2
37 61 
61 6
27 98 25 1 94 84 
58 1
33 
33 2
95 58 
75 1
14 
14 3
43 26 75 
24 1
86 
86 5
9 73 12 39 24 
42 3
43 16 44 
44 2
90 42 
52 1
53 
53 3
73 49 52 
64 1
4 
4 4
77 97 40 64 
97 4
28 31 49 4 
49 2
97 53 
93 2
11 67 
67 2
8 93 
31 1
97 
28 2
80 97 
91 1
92 
92 2
98 91 
26 4
36 59 14 68 
68 2
71 26 
59 3
26 16 6 
36 2
77 26 
16 2
42 59 
22 3
54 62 32 
35 2
30 11 
11 6
37 98 34 48 93 35 
8 5
98 67 95 88 50 
50 2
82 8 
83 1
66 
66 3
25 83 7 
77 4
4 48 55 36 
37 4
23 11 84 56 
56 5
98 85 37 88 95 
46 1
85 
85 3
56 45 46 
80 2
98 28 
63 2
72 57 
57 2
21 63 
1 4
61 47 13 3 
3 1
1 
13 1
1 
47 1
1 
51 3
73 76 70 
55 1
77 
48 2
11 77 
73 6
98 72 62 51 86 53 
34 3
11 2 38 
38 1
34 
70 1
51 
7 1
66 
25 4
61 66 43 65 
62 4
22 73 81 79 
94 2
61 27 
65 1
25 
43 4
42 25 14 20 
20 1
43 
39 1
86 
79 3
62 19 10 
10 3
79 96 74 
19 1
79 
95 3
56 8 33 
69 1
45 
81 1
62 
6 1
59 
74 1
10 
27 2
61 94 
