100
56 5
62 67 75 70 46 
46 5
64 59 20 56 74 
70 13
42 77 85 40 60 38 3 80 59 87 56 8 99 
75 11
28 48 26 72 61 3 30 98 63 56 13 
67 5
22 56 71 86 47 
62 5
56 76 33 81 94 
79 7
16 86 7 41 55 60 40 
40 11
84 21 85 27 70 65 4 34 39 19 79 
60 4
94 72 70 79 
55 3
30 91 79 
41 5
24 80 76 69 79 
7 5
72 22 33 79 82 
86 6
63 54 67 42 79 16 
16 5
79 42 94 83 86 
14 3
6 90 68 
68 8
28 89 2 30 52 98 14 64 
90 4
26 58 14 22 
6 5
14 37 50 47 19 
28 5
96 75 34 92 68 
92 6
17 28 38 11 35 80 
34 6
44 59 40 28 36 64 
96 4
11 28 27 39 
15 5
33 76 43 4 61 
61 5
32 15 5 75 85 
4 9
40 23 30 65 99 25 10 15 2 
43 5
53 3 15 84 44 
76 6
45 65 41 62 15 5 
33 8
18 15 87 39 62 7 44 47 
91 5
52 65 84 39 55 
39 10
89 33 96 72 40 91 63 32 94 69 
84 5
91 40 43 23 30 
65 10
76 59 40 9 1 12 13 4 30 91 
52 4
22 91 68 20 
20 5
95 52 77 46 19 
22 6
52 99 7 67 97 90 
63 8
86 58 99 17 75 31 45 39 
45 3
76 63 83 
31 3
98 63 73 
17 7
92 97 51 63 85 21 23 
99 8
49 4 63 10 70 22 37 78 
58 5
13 63 49 90 48 
53 7
43 9 78 29 95 36 54 
54 7
97 82 18 66 86 53 95 
36 3
37 34 53 
95 5
78 20 54 88 53 
29 4
12 3 8 53 
78 4
95 99 69 53 
9 5
71 65 53 42 73 
83 9
69 45 77 27 48 50 16 51 0 
57 4
47 49 98 89 
89 6
59 39 68 87 57 48 
98 9
93 87 12 31 75 94 57 21 68 
49 6
2 99 50 72 58 57 
47 5
57 77 6 33 67 
73 6
42 85 9 31 44 93 
93 3
98 73 1 
1 5
38 65 74 81 93 
51 5
17 27 24 87 83 
87 11
69 35 98 94 10 70 24 89 42 33 51 
24 9
41 77 59 37 51 87 5 81 26 
27 6
40 48 83 96 64 51 
69 7
87 10 41 83 66 39 78 
5 7
50 61 80 24 37 18 76 
18 4
33 54 5 32 
37 9
80 36 6 99 72 25 24 71 5 
80 5
37 70 41 5 92 
50 8
74 5 83 6 49 59 71 10 
94 7
16 60 98 39 87 12 62 
81 6
77 25 62 24 21 1 
30 8
55 77 68 3 4 75 65 84 
3 8
43 32 30 59 75 29 70 35 
35 5
23 25 87 92 3 
59 9
89 24 34 50 65 3 70 46 97 
32 6
71 61 38 3 18 39 
2 3
49 4 68 
72 9
7 82 60 39 75 85 37 21 49 
97 7
54 17 21 59 19 22 77 
77 10
47 81 97 20 23 30 70 83 82 24 
19 8
74 21 40 20 8 42 97 6 
21 9
64 40 98 72 0 19 97 81 17 
44 5
34 73 33 43 88 
85 6
40 70 72 61 73 17 
42 9
70 87 12 86 73 26 19 9 16 
64 5
46 21 27 68 34 
74 5
19 0 50 1 46 
38 6
66 1 32 70 10 92 
0 3
74 21 83 
23 5
35 4 77 84 17 
10 7
12 99 87 69 4 38 50 
25 4
4 81 35 37 
13 4
58 65 75 11 
11 3
96 92 13 
12 6
42 98 10 29 65 94 
8 4
71 19 29 70 
26 4
90 75 42 24 
82 5
88 77 72 54 7 
48 5
27 75 83 89 58 
88 3
82 95 44 
71 6
9 8 67 32 50 37 
66 3
38 54 69 
