100
34 5
71 43 79 14 66 
66 5
15 51 65 97 34 
14 11
44 78 32 41 80 50 34 65 81 26 15 
60 5
7 16 22 99 39 
39 4
47 78 17 60 
99 7
50 23 81 63 87 98 60 
22 11
60 20 21 13 17 31 48 51 81 44 62 
48 7
20 15 10 33 22 30 82 
82 5
73 80 59 78 48 
30 8
68 76 46 96 61 70 87 48 
33 8
81 32 89 70 48 74 50 61 
0 5
98 69 85 27 51 
51 7
66 65 22 77 0 91 47 
27 9
94 17 89 11 78 56 0 95 81 
69 5
0 35 97 24 78 
43 5
34 67 35 29 10 
10 6
63 48 67 13 84 43 
35 5
71 43 2 69 40 
96 3
86 30 5 
5 4
85 94 2 96 
86 6
79 96 81 63 17 85 
47 5
74 76 39 98 51 
98 8
0 62 99 83 1 47 79 74 
76 6
30 8 29 62 47 80 
74 5
12 26 47 33 98 
36 7
41 4 38 61 11 21 12 
12 6
13 74 49 54 55 36 
21 6
1 44 15 22 36 41 
61 12
25 44 33 30 36 77 15 56 80 59 11 49 
38 6
42 88 36 13 40 2 
2 7
32 63 7 5 35 81 38 
63 7
10 44 99 2 45 25 86 
25 5
61 16 64 58 63 
45 3
24 81 63 
42 7
68 38 72 20 11 81 79 
79 12
37 4 86 52 18 94 34 98 81 77 42 9 
81 15
33 11 14 23 22 27 42 45 97 58 86 2 49 79 99 
11 8
89 27 36 95 81 73 42 61 
20 8
67 48 92 49 24 42 65 22 
9 6
90 6 24 89 19 79 
19 4
32 15 46 9 
89 6
11 56 33 75 27 9 
24 9
41 20 78 87 69 45 73 67 9 
6 3
9 40 50 
90 4
3 9 84 46 
13 7
12 10 64 38 22 68 37 
37 4
79 49 40 13 
68 8
1 77 42 62 30 56 17 13 
64 7
25 16 85 71 78 84 13 
84 7
8 3 1 50 10 90 64 
78 8
14 39 82 64 27 24 97 69 
94 6
27 5 91 29 40 79 
40 8
28 37 29 6 94 95 38 35 
29 6
43 76 92 40 18 94 
91 4
15 75 94 51 
46 5
41 19 58 30 90 
58 7
92 46 16 81 25 88 71 
77 8
68 95 31 61 51 79 55 70 
65 6
66 20 14 4 51 7 
62 5
71 98 68 76 22 
44 9
14 63 55 21 52 22 57 61 53 
85 5
5 0 67 64 86 
67 5
20 43 85 10 24 
15 7
61 19 66 48 91 21 14 
26 6
4 74 3 83 55 14 
50 7
33 14 18 84 75 99 6 
1 6
68 73 4 98 21 84 
80 7
41 82 14 97 61 76 28 
70 4
30 33 18 77 
55 7
17 44 72 26 12 77 41 
31 8
41 53 22 57 77 87 59 92 
17 9
86 22 39 27 72 68 93 55 32 
56 4
89 27 61 68 
18 8
87 70 29 8 16 79 95 50 
72 5
42 75 17 55 41 
41 11
80 14 36 49 31 24 21 55 46 8 72 
7 5
60 2 87 4 65 
4 7
79 26 1 36 65 52 7 
87 6
18 24 7 31 99 30 
92 5
58 20 54 29 31 
23 2
99 81 
54 4
53 92 12 28 
52 3
79 44 4 
83 2
98 26 
59 3
61 82 31 
95 7
77 8 11 27 18 3 40 
16 5
60 25 18 64 58 
73 4
82 1 11 24 
71 5
34 62 35 64 58 
75 4
89 91 72 50 
97 5
80 69 81 78 66 
49 6
12 37 41 20 81 61 
88 2
38 58 
53 4
54 93 31 44 
93 2
53 17 
3 4
90 84 26 95 
8 5
18 84 76 95 41 
57 2
31 44 
32 5
14 33 19 2 17 
28 3
40 80 54 
