30
4 17
12 19 2 23 16 3 18 11 1 9 0 15 28 17 7 21 20 
16 11
0 12 6 7 13 14 9 26 19 4 25 
23 9
3 13 6 17 25 4 10 8 19 
3 16
23 19 2 20 15 8 4 10 27 0 9 17 28 25 5 18 
21 14
28 9 0 15 13 29 27 10 4 12 20 26 14 25 
11 9
5 1 13 22 20 4 19 26 28 
28 15
15 4 17 9 12 14 26 10 18 11 24 21 6 3 25 
17 12
13 1 18 3 2 19 4 23 22 28 14 0 
22 10
20 11 0 19 1 17 12 25 6 7 
7 9
5 29 2 4 20 16 8 24 22 
6 15
20 19 23 26 2 29 22 0 18 5 10 27 28 25 16 
25 10
21 28 20 6 12 23 22 3 1 16 
12 15
5 4 25 28 27 15 29 22 24 21 26 2 16 8 18 
1 11
4 11 29 8 17 9 14 22 25 5 18 
19 12
4 6 3 5 18 20 0 11 17 22 23 16 
9 14
5 8 27 28 16 3 1 0 13 15 21 24 26 4 
8 8
12 27 9 1 3 18 7 23 
27 10
13 14 6 8 3 12 9 24 21 0 
13 11
23 10 16 17 27 9 5 2 24 11 21 
18 11
12 4 28 17 19 24 6 8 0 3 1 
15 12
14 21 4 9 28 26 12 0 29 10 3 5 
24 11
14 18 5 9 28 27 10 12 13 7 2 
26 12
16 12 6 29 15 10 21 11 5 9 28 20 
20 14
3 10 2 6 19 21 11 7 25 4 0 22 26 14 
5 13
12 9 14 11 24 6 1 3 19 26 7 13 15 
10 13
13 28 21 24 20 14 3 0 29 15 26 23 6 
14 13
20 5 1 2 16 24 21 27 17 28 15 0 10 
29 8
7 12 26 1 6 21 15 10 
2 10
4 3 12 17 6 14 20 7 13 24 
0 15
15 18 16 3 17 10 27 21 20 14 4 9 22 19 6 
