50
31 2
37 34 
34 4
29 2 20 31 
24 4
28 9 16 3 
3 4
7 26 0 24 
44 4
32 33 16 18 
18 5
39 0 10 29 44 
12 4
26 45 15 7 
7 6
6 20 33 3 1 12 
15 6
29 10 13 6 1 12 
22 3
1 35 17 
17 8
40 49 43 29 16 48 38 22 
20 2
7 34 
43 3
17 27 14 
14 2
2 43 
38 1
17 
28 3
16 24 6 
6 5
7 30 10 15 28 
41 2
8 32 
32 4
44 27 30 41 
5 3
46 10 37 
37 8
31 33 8 16 39 40 49 5 
48 3
13 17 35 
35 3
39 22 48 
13 7
25 30 15 1 16 33 48 
29 6
34 17 9 15 10 18 
10 7
6 39 15 0 29 5 18 
39 6
46 10 35 37 4 18 
9 3
24 29 4 
4 4
25 39 21 9 
21 2
46 4 
11 2
27 25 
25 4
45 13 4 11 
27 4
43 32 40 11 
1 5
26 22 7 13 15 
36 1
46 
46 6
39 21 5 33 36 19 
33 7
37 44 8 46 7 13 30 
0 6
10 16 2 23 18 3 
23 2
42 0 
2 3
0 14 34 
16 8
13 28 17 44 24 37 0 47 
40 4
30 37 17 27 
19 1
46 
47 1
16 
30 7
13 40 33 32 6 45 26 
8 3
41 37 33 
49 2
17 37 
26 5
3 1 30 12 42 
42 2
23 26 
45 3
25 12 30 
