30
14 8
22 28 1 12 25 19 7 8 
8 7
29 7 21 11 28 16 14 
7 10
12 22 11 26 8 27 20 14 10 5 
19 8
26 16 13 14 22 6 12 21 
27 11
11 24 22 23 7 2 1 18 5 9 20 
20 10
5 18 7 0 29 21 9 27 6 12 
9 3
20 6 27 
5 11
20 23 25 10 16 26 1 7 21 28 27 
2 4
27 1 15 4 
4 5
22 28 10 21 2 
21 13
13 20 12 4 29 0 15 1 5 8 19 22 23 
10 11
6 5 18 4 11 24 7 28 25 15 16 
12 9
7 25 15 0 3 19 21 14 20 
6 8
13 3 0 10 22 9 19 20 
22 11
18 4 27 14 11 21 6 19 26 7 13 
18 9
22 13 20 27 17 24 15 10 1 
1 8
27 14 2 26 5 18 21 29 
11 11
28 27 7 13 22 10 15 0 8 26 3 
3 5
0 17 6 12 11 
26 8
19 7 17 28 5 1 11 22 
0 8
20 3 6 15 12 13 21 11 
15 8
12 18 25 11 21 0 10 2 
16 7
19 5 25 13 24 8 10 
24 5
18 16 10 27 17 
13 8
6 18 11 21 19 0 16 22 
25 7
17 5 12 14 16 15 10 
29 5
8 28 21 20 1 
28 10
14 11 5 26 4 17 23 8 29 10 
23 5
5 17 27 28 21 
17 7
26 25 23 3 18 28 24 
