100
48 5
27 61 45 70 18 
18 5
67 4 86 32 48 
70 3
50 31 48 
45 16
82 15 13 58 28 27 48 90 95 93 16 8 61 53 72 54 
61 12
92 68 66 55 82 45 73 30 64 53 48 33 
27 11
48 79 68 45 93 80 36 90 14 47 16 
94 4
22 67 91 59 
59 8
90 72 50 38 4 49 71 94 
91 4
20 94 43 80 
67 7
73 63 10 94 18 31 65 
22 6
49 47 94 54 0 2 
2 3
50 22 71 
71 7
16 41 47 4 59 10 2 
50 8
2 32 77 79 70 0 13 59 
80 8
68 1 27 23 26 87 91 77 
43 3
93 91 72 
20 7
91 6 77 85 44 39 62 
60 3
40 86 89 
89 7
62 8 44 24 5 47 60 
86 4
44 18 60 13 
40 4
62 60 34 9 
9 6
29 44 78 37 47 40 
34 6
11 62 1 14 40 8 
62 8
89 40 34 20 79 87 56 73 
53 4
45 35 61 17 
17 4
83 5 66 53 
35 5
10 63 5 3 53 
66 9
56 38 61 81 69 99 82 78 17 
5 11
33 93 35 54 90 89 17 74 99 55 3 
83 4
17 64 82 84 
36 5
3 27 92 4 6 
6 5
20 92 38 36 31 
4 13
18 82 41 71 59 37 78 46 88 36 87 81 85 
92 5
98 61 65 36 6 
3 5
36 88 69 35 5 
0 6
16 46 38 50 22 84 
84 5
56 0 19 44 83 
38 5
66 68 0 6 59 
46 5
76 96 63 0 4 
16 14
12 27 42 71 88 95 57 52 45 51 33 13 0 1 
77 8
56 20 44 26 50 54 80 78 
78 8
4 11 21 9 28 66 19 77 
54 8
19 45 26 5 22 77 63 96 
26 7
8 77 80 69 19 54 82 
44 12
86 9 12 79 77 20 19 15 89 84 23 68 
56 8
66 84 77 42 62 23 88 96 
21 4
88 57 11 78 
57 6
29 12 16 51 24 21 
88 11
15 56 21 28 16 76 12 79 3 81 4 
82 11
30 51 4 63 61 97 45 26 66 83 39 
19 8
42 23 54 26 84 78 63 44 
69 4
3 66 26 49 
8 7
39 34 26 45 24 89 63 
72 8
59 42 85 63 45 43 49 98 
98 4
85 92 96 72 
49 4
22 59 69 72 
63 10
46 8 54 72 82 30 67 19 35 13 
85 6
51 4 99 72 98 20 
42 5
72 19 16 56 58 
58 4
87 37 45 42 
52 4
39 81 97 16 
97 4
82 90 29 52 
81 5
66 88 52 4 37 
39 8
73 52 8 82 1 20 10 25 
96 5
46 23 54 98 56 
10 5
35 67 1 39 71 
24 4
25 8 89 57 
47 6
71 89 27 9 22 7 
64 7
87 83 61 28 75 65 30 
31 4
25 67 70 6 
99 4
66 5 85 32 
29 5
57 97 9 75 76 
90 5
59 27 97 45 5 
15 3
88 45 44 
32 4
74 50 18 99 
55 3
61 13 5 
74 3
32 13 5 
93 5
45 43 5 37 27 
33 3
5 16 61 
13 9
45 11 74 55 41 63 50 16 86 
79 6
27 37 62 50 44 88 
65 5
92 30 11 64 67 
73 5
67 39 61 25 62 
25 4
31 24 73 39 
87 5
62 58 64 4 80 
23 8
75 19 80 7 14 96 44 56 
1 6
75 10 34 39 16 80 
68 6
27 80 41 61 38 44 
30 5
82 61 63 65 64 
75 5
1 23 29 64 28 
28 6
7 88 64 78 45 75 
12 4
44 16 88 57 
11 7
34 21 78 13 41 65 95 
95 3
45 16 11 
41 6
71 11 68 4 13 76 
76 4
46 88 41 29 
51 4
82 16 85 57 
37 6
79 4 58 9 93 81 
14 3
34 23 27 
7 3
28 23 47 
