30
16 6
15 20 3 22 21 24 
24 7
28 6 22 11 21 16 2 
22 7
24 7 19 2 26 17 16 
3 10
10 25 9 17 16 20 13 26 6 1 
12 5
10 23 14 13 26 
26 7
10 23 22 20 18 3 12 
13 11
4 28 15 12 21 19 2 5 3 23 20 
15 8
6 16 8 0 4 13 7 14 
14 10
12 19 18 4 29 0 15 9 28 21 
7 9
8 18 22 4 2 0 10 15 6 
20 10
11 16 4 3 1 19 26 13 28 9 
23 6
12 17 28 26 19 13 
2 10
5 4 6 28 9 7 13 22 21 24 
21 8
2 17 5 16 8 24 13 14 
29 6
9 14 0 8 6 4 
4 7
2 13 7 14 20 15 29 
6 14
1 10 29 15 8 3 5 7 17 18 11 24 19 2 
8 7
7 21 15 29 25 18 6 
9 8
29 10 2 27 3 18 14 20 
18 11
7 14 1 8 9 17 19 26 6 10 0 
27 4
11 28 9 19 
1 6
6 11 20 18 3 5 
5 8
2 19 21 25 13 6 17 1 
17 9
28 21 6 23 22 3 5 18 0 
19 10
18 5 6 20 14 13 22 23 27 25 
10 8
18 3 12 9 7 26 6 11 
28 8
24 13 2 17 27 23 20 14 
11 7
20 24 27 1 6 0 10 
25 5
0 3 5 8 19 
0 8
25 14 15 29 11 7 18 17 
