30
13 5
16 24 1 23 25 
25 6
29 4 2 22 13 17 
23 4
10 13 1 5 
1 7
2 15 10 27 13 7 23 
24 6
9 11 5 18 13 14 
16 3
21 13 6 
15 5
6 14 4 1 22 
22 7
12 3 21 11 14 25 15 
4 6
25 0 15 10 21 6 
14 5
6 15 22 24 12 
29 9
25 0 28 9 27 5 3 21 8 
8 2
10 29 
21 6
16 17 2 29 4 22 
3 7
5 19 22 29 10 6 20 
5 4
3 24 29 23 
27 8
17 20 7 2 19 26 1 29 
9 5
24 0 29 7 18 
28 3
2 29 7 
7 5
0 27 9 28 1 
10 8
23 12 8 1 3 4 26 2 
2 6
27 28 25 21 1 10 
18 3
24 17 9 
0 6
4 29 17 9 7 11 
11 3
24 22 0 
6 5
15 3 14 4 16 
20 2
27 3 
19 3
3 27 12 
12 4
22 10 14 19 
26 2
27 10 
17 5
18 21 0 27 25 
