50
24 10
34 38 3 16 8 46 11 21 37 43 
43 10
30 6 17 28 4 49 14 34 21 24 
37 10
14 47 6 36 19 24 48 27 44 38 
41 13
32 12 0 35 44 14 39 13 7 36 30 17 28 
28 10
31 8 36 43 2 19 45 20 34 41 
30 13
40 43 47 3 1 36 33 35 2 9 7 41 21 
7 11
26 30 32 29 0 5 33 16 41 27 31 
39 11
49 15 10 18 40 23 45 2 32 25 41 
44 9
31 36 23 41 14 20 6 3 37 
34 13
14 26 2 24 11 5 31 17 28 49 43 8 16 
38 10
16 6 10 13 20 26 35 24 11 37 
27 12
22 36 16 49 7 14 6 21 11 37 10 15 
5 6
10 8 14 34 7 25 
25 7
20 39 46 16 1 5 49 
29 7
4 7 21 14 35 46 16 
16 17
12 24 38 4 29 25 33 10 27 45 6 20 34 17 7 18 47 
35 13
30 47 48 9 20 40 38 19 32 41 13 29 12 
13 8
41 12 38 22 36 45 35 14 
14 13
34 29 37 11 19 5 44 27 17 49 43 41 13 
45 11
11 39 20 47 28 9 48 3 18 16 13 
36 13
4 1 37 27 28 42 44 46 30 22 41 13 26 
46 11
29 33 24 25 20 1 36 48 17 19 2 
2 8
28 30 20 34 39 49 4 46 
17 13
26 41 18 10 34 14 16 8 46 43 4 12 42 
9 7
48 22 30 26 35 45 8 
8 9
24 34 49 47 28 17 9 5 1 
49 10
2 26 27 8 33 43 39 14 34 25 
22 10
47 18 13 19 27 9 36 20 10 32 
32 10
41 7 11 42 10 0 39 35 22 48 
10 12
5 39 38 32 33 16 21 31 17 27 48 22 
20 12
28 47 2 45 35 25 38 46 16 44 12 22 
40 7
23 30 31 39 19 35 6 
6 10
3 23 43 38 27 44 16 37 11 40 
42 7
11 36 47 4 32 31 17 
4 13
23 36 16 42 1 29 15 19 2 26 17 43 47 
0 4
41 7 32 23 
23 9
4 6 19 40 39 12 44 15 0 
31 8
28 10 34 40 44 42 12 7 
48 8
47 46 9 37 10 35 45 32 
21 9
18 24 11 33 27 43 29 10 30 
33 9
10 21 30 7 49 46 16 18 19 
15 7
11 39 1 4 47 23 27 
12 10
16 13 41 23 17 31 26 19 35 20 
19 12
22 23 28 40 14 11 37 4 12 35 46 33 
18 9
22 39 17 16 33 26 45 21 11 
11 13
15 42 45 19 24 21 27 14 34 38 32 6 18 
1 7
15 36 30 25 4 46 8 
47 12
48 37 22 30 20 42 16 8 35 45 4 15 
3 6
6 30 24 45 26 44 
26 11
34 38 9 17 7 49 4 12 18 3 36 
