50
31 8
43 29 5 3 24 38 25 48 
48 9
49 4 5 46 8 34 28 31 10 
25 4
24 19 31 13 
24 10
3 27 31 41 7 25 8 35 42 43 
3 10
22 24 8 13 29 9 31 2 35 42 
5 8
37 29 41 31 48 27 26 49 
29 12
8 11 5 3 19 2 23 36 31 41 7 39 
13 7
27 20 14 32 3 45 25 
45 8
19 26 17 34 23 30 46 13 
32 12
18 11 15 13 27 8 16 22 23 36 26 12 
14 5
49 13 30 42 8 
20 7
6 13 11 40 46 16 26 
37 7
22 17 5 34 40 39 21 
21 5
26 47 27 37 1 
39 8
1 47 29 0 17 37 2 23 
40 8
7 30 6 1 2 20 37 46 
34 10
37 16 10 49 27 48 36 45 7 12 
36 6
47 43 34 32 29 38 
38 7
31 6 44 8 2 36 30 
1 4
39 40 11 21 
11 10
17 29 18 1 4 19 20 32 6 46 
43 7
31 9 49 36 23 26 24 
26 13
21 22 35 45 32 4 49 43 5 42 20 17 28 
23 10
43 47 45 29 42 12 32 6 39 41 
16 5
27 34 20 32 42 
46 6
33 48 20 40 45 11 
12 10
42 7 41 22 23 44 33 32 19 34 
19 7
45 7 15 29 11 25 12 
33 4
46 7 17 12 
41 7
24 35 49 5 29 12 23 
42 9
12 16 23 22 27 24 26 14 3 
44 6
12 38 15 4 49 17 
17 9
37 11 28 26 45 30 39 33 44 
49 10
22 48 6 43 41 14 34 26 44 5 
15 7
19 10 44 32 27 4 47 
47 11
0 15 21 4 7 36 22 23 30 39 18 
4 9
26 44 48 30 18 47 11 7 15 
27 13
16 34 9 6 32 24 21 15 13 7 42 5 35 
7 13
12 19 6 24 28 27 33 47 4 40 34 29 22 
22 9
37 26 3 32 49 47 12 42 7 
8 8
29 3 30 24 48 32 38 14 
30 11
8 4 47 28 17 9 40 14 0 38 45 
10 4
15 34 2 48 
2 7
6 40 39 3 29 10 38 
6 11
2 49 7 27 28 38 20 40 23 0 11 
28 8
0 6 30 17 9 48 7 26 
9 6
43 27 28 3 18 30 
0 5
28 47 30 39 6 
18 5
32 4 47 9 11 
35 5
41 26 3 24 27 
