50
48 5
23 5 32 42 49 
49 4
12 16 3 48 
42 9
6 35 19 5 3 43 20 48 24 
32 10
38 17 48 12 11 40 39 14 47 16 
5 7
17 48 33 20 42 41 1 
23 4
48 6 8 19 
9 8
3 12 21 35 27 16 8 6 
6 13
42 33 22 36 23 30 20 39 43 47 38 9 26 
8 4
34 47 23 9 
16 5
49 43 9 32 25 
27 4
10 15 9 43 
35 6
1 38 9 42 33 40 
21 7
19 41 7 9 43 47 38 
12 9
45 38 7 41 32 9 31 49 47 
3 7
9 33 4 49 10 13 42 
19 8
46 21 40 22 23 18 15 42 
38 9
25 32 6 35 12 33 29 18 21 
47 8
8 33 25 21 37 6 32 12 
43 10
15 16 41 21 42 6 34 4 2 27 
7 4
2 12 21 15 
41 10
46 43 20 12 22 11 21 24 25 5 
24 7
11 14 20 22 1 42 41 
20 9
26 39 29 0 24 5 41 6 42 
2 3
7 45 43 
4 5
3 26 37 43 36 
34 4
8 22 43 0 
15 7
43 19 29 27 11 44 7 
44 3
17 29 15 
11 6
24 22 36 41 32 15 
29 4
20 15 44 38 
33 9
13 6 10 5 3 22 38 47 35 
22 11
33 46 41 6 26 19 17 34 11 24 0 
10 6
27 28 40 33 3 26 
13 4
33 3 14 26 
36 7
11 6 28 31 45 30 4 
37 3
14 4 47 
26 7
31 20 22 4 6 10 13 
14 4
37 24 13 32 
0 4
20 34 25 22 
1 3
35 24 5 
17 5
44 5 22 30 32 
18 3
46 19 38 
40 4
19 35 10 32 
39 4
20 6 32 46 
46 7
18 41 22 39 28 19 45 
30 4
28 17 36 6 
45 4
12 36 2 46 
31 3
26 12 36 
28 4
10 30 36 46 
25 5
47 38 41 0 16 
