30
9 7
6 25 0 10 22 1 3 
3 7
18 28 17 9 29 15 6 
22 12
8 16 2 26 14 20 9 21 4 0 10 23 
10 8
0 6 26 11 22 9 5 14 
0 10
7 6 21 11 22 10 15 29 9 4 
1 6
4 8 17 9 29 21 
21 10
14 0 6 11 8 2 26 22 12 1 
29 5
12 3 1 18 0 
23 5
6 15 5 17 22 
4 9
14 1 5 19 22 24 0 13 7 
20 7
25 6 11 22 13 26 19 
26 7
7 20 5 22 10 25 21 
16 7
18 11 14 22 17 28 8 
17 10
1 18 3 23 13 15 19 2 11 16 
11 13
6 19 8 16 20 15 0 10 21 24 28 17 18 
2 9
22 7 13 6 27 28 17 24 21 
19 8
24 11 6 28 17 7 4 20 
15 6
11 23 12 0 17 3 
13 7
6 2 4 18 17 24 20 
14 8
12 4 24 21 22 16 8 10 
5 6
6 4 26 27 23 10 
6 15
13 3 5 19 2 25 10 9 0 12 20 21 11 24 23 
7 6
0 18 2 26 19 4 
18 9
3 17 27 16 13 7 24 11 29 
28 8
27 12 3 11 19 2 8 16 
24 8
14 6 18 19 2 11 4 13 
8 9
22 28 27 1 14 12 11 21 16 
25 4
20 9 6 26 
12 8
14 6 15 29 8 21 28 27 
27 6
2 8 28 18 5 12 
