50
48 9
32 23 22 19 8 16 40 5 15 
15 5
12 44 39 48 30 
5 6
6 23 8 41 17 48 
40 5
22 17 48 45 13 
16 6
38 26 19 48 4 21 
19 10
39 3 21 37 31 48 30 16 33 49 
22 3
40 48 23 
23 10
5 4 48 28 9 22 35 13 41 29 
37 3
29 19 11 
11 5
25 44 26 35 37 
29 5
46 25 37 43 23 
41 5
6 10 2 5 23 
35 4
34 25 23 11 
9 3
44 38 23 
28 2
34 23 
21 7
19 16 1 18 27 12 7 
7 4
42 38 21 34 
12 4
14 20 15 21 
27 3
46 30 21 
18 4
24 21 31 10 
46 4
29 27 33 24 
24 3
18 4 46 
33 5
1 45 19 17 46 
30 6
32 27 17 45 19 15 
25 8
11 29 38 49 39 35 17 8 
34 3
28 35 7 
32 5
26 48 30 14 39 
39 6
19 15 0 13 25 32 
26 6
32 16 11 2 45 3 
3 3
17 19 26 
45 5
33 30 40 1 26 
2 3
26 41 38 
49 3
1 25 19 
1 9
21 17 20 14 33 49 45 36 42 
42 4
7 14 17 1 
17 8
40 42 1 3 5 25 30 33 
14 6
32 0 12 42 1 43 
44 4
9 11 15 38 
38 10
16 44 36 9 7 25 4 0 6 2 
31 2
19 18 
6 3
5 41 38 
0 7
10 13 47 14 39 38 8 
4 5
23 24 10 16 38 
36 3
43 38 1 
8 5
48 20 5 0 25 
10 5
0 4 13 41 18 
43 4
29 36 14 47 
13 6
23 10 0 39 40 20 
20 4
12 8 1 13 
47 2
0 43 
