30
13 2
18 12 
12 9
24 19 2 16 5 18 27 13 25 
18 10
16 25 20 14 13 24 6 5 12 19 
15 2
28 3 
3 4
4 20 10 15 
28 4
27 15 22 11 
29 4
19 21 7 22 
22 7
7 28 4 24 5 8 29 
7 8
9 22 25 29 26 16 8 21 
21 3
9 29 7 
16 8
8 18 5 7 17 12 14 2 
2 3
12 1 16 
14 6
11 19 8 16 6 18 
17 4
16 1 23 24 
5 7
12 9 16 0 1 18 22 
25 6
18 11 23 7 12 4 
27 5
10 6 12 28 9 
26 3
1 7 10 
10 4
27 0 3 26 
1 5
26 2 5 11 17 
6 5
24 18 27 14 0 
8 5
16 14 20 22 7 
19 5
12 29 20 14 18 
0 5
11 24 5 10 6 
9 5
7 21 24 5 27 
11 5
0 14 25 1 28 
24 7
12 6 0 22 18 9 17 
4 3
3 22 25 
23 2
25 17 
20 4
19 3 18 8 
