30
20 13
4 14 23 5 3 18 9 19 24 21 29 13 7 
7 4
13 28 11 20 
29 8
27 23 8 24 21 19 12 20 
21 11
13 23 28 8 1 29 15 0 4 12 20 
12 11
16 9 28 23 22 29 11 21 26 19 3 
3 13
19 5 4 20 9 28 13 11 0 16 8 23 12 
19 8
3 29 17 12 6 22 20 14 
4 8
20 3 27 8 22 21 15 10 
10 3
4 5 18 
18 4
11 20 14 10 
27 8
29 13 4 25 16 9 23 2 
2 7
11 16 26 22 23 1 27 
15 8
13 4 1 6 9 17 21 11 
11 10
12 2 22 7 24 1 18 3 17 15 
13 12
15 7 20 21 22 23 27 9 1 5 3 16 
16 11
3 12 6 26 2 27 28 8 24 13 25 
5 6
10 20 13 3 1 26 
26 8
17 23 6 16 12 2 25 5 
1 7
13 9 15 11 21 5 2 
22 8
13 11 14 12 4 9 2 19 
9 10
12 1 3 20 15 13 28 27 22 6 
6 7
16 15 25 26 19 17 9 
0 3
17 3 21 
8 7
25 29 4 3 16 28 21 
23 10
29 12 13 20 21 26 2 3 27 28 
28 10
7 3 12 21 25 16 8 23 9 17 
24 4
29 11 20 16 
17 8
14 6 26 19 0 15 11 28 
25 7
14 6 26 27 28 8 16 
14 6
25 20 17 22 18 19 
