30
24 7
19 26 8 17 27 22 21 
21 7
29 0 18 1 7 24 28 
22 8
27 5 18 25 24 11 10 15 
27 4
16 22 9 24 
17 6
23 12 24 11 0 25 
8 9
29 7 9 24 11 26 12 23 25 
26 6
2 9 16 8 23 24 
19 6
24 18 4 6 12 2 
28 3
10 4 21 
4 5
23 19 28 6 16 
10 5
28 18 22 29 0 
23 7
13 7 4 6 17 26 8 
16 4
27 12 26 4 
9 8
11 15 8 18 12 26 27 14 
2 5
26 19 15 3 18 
14 8
20 12 29 25 1 3 7 9 
7 9
0 8 18 1 23 21 13 6 14 
3 3
2 18 14 
1 5
12 14 7 5 21 
25 6
12 22 14 13 8 17 
29 6
21 14 8 0 10 6 
12 9
25 1 16 8 9 17 14 20 19 
20 3
14 12 11 
11 6
13 9 17 8 20 22 
6 6
23 19 15 29 7 4 
15 4
2 9 6 22 
13 5
11 23 25 7 18 
18 10
10 7 13 22 3 5 2 19 9 21 
0 6
5 7 17 21 29 10 
5 4
22 0 1 18 
