50
22 8
11 39 34 1 3 47 38 25 
25 7
43 13 45 26 5 10 22 
38 7
0 33 11 22 36 26 35 
33 6
13 5 32 38 43 49 
49 7
47 8 33 13 41 45 14 
32 3
17 33 13 
34 5
22 4 41 26 2 
2 6
7 8 28 0 40 34 
41 7
9 5 10 15 49 4 34 
4 7
10 43 16 9 34 40 41 
14 8
29 8 3 1 36 24 43 49 
24 9
20 14 1 11 37 21 46 48 31 
1 9
22 26 14 12 24 15 13 48 17 
17 7
32 42 23 8 46 1 48 
13 11
49 43 33 16 30 36 25 1 26 35 32 
15 12
0 41 48 28 31 27 40 20 5 1 30 43 
12 5
26 16 5 1 36 
36 9
8 19 13 38 14 40 29 9 12 
9 7
18 40 41 45 6 4 36 
29 5
18 14 40 30 36 
40 10
2 39 43 47 4 36 29 15 9 31 
35 7
5 31 21 11 13 16 38 
11 7
24 3 35 38 42 22 23 
48 4
1 24 15 17 
37 6
42 18 28 7 24 20 
20 6
6 24 37 15 46 44 
7 5
2 43 21 37 8 
8 11
14 42 2 45 44 17 27 36 30 49 7 
30 9
27 13 39 26 18 15 29 8 6 
27 9
26 30 18 3 8 46 31 28 15 
44 5
45 5 8 20 0 
45 7
25 23 9 26 44 8 49 
43 11
6 25 33 4 5 13 7 14 40 39 15 
5 9
12 43 41 33 44 15 35 26 25 
31 8
27 35 26 15 42 24 39 40 
28 7
21 37 27 18 15 2 26 
0 5
38 19 2 15 44 
26 12
12 13 45 34 27 31 28 38 25 30 1 5 
18 9
29 37 6 19 30 27 9 28 46 
23 6
6 17 45 42 3 11 
42 6
8 23 17 31 37 11 
39 5
40 43 22 30 31 
16 4
12 13 4 35 
10 4
4 41 3 25 
47 4
22 49 40 3 
46 5
24 17 27 20 18 
3 8
14 11 22 23 10 27 6 47 
6 8
43 20 9 18 3 23 30 19 
19 4
36 0 18 6 
21 4
35 28 7 24 
