30
4 15
8 16 21 2 26 6 19 11 18 0 9 1 22 28 7 
0 8
17 8 7 15 18 1 2 4 
8 16
20 4 27 7 17 18 16 3 1 0 9 22 23 14 15 25 
21 9
1 23 6 29 2 19 4 28 27 
2 15
25 26 7 28 4 10 29 16 0 1 11 24 20 21 12 
26 9
20 27 23 22 11 24 4 2 5 
9 13
13 14 23 22 19 8 1 18 11 24 4 25 6 
28 12
20 29 27 17 13 3 5 4 24 21 11 2 
1 14
8 27 9 0 12 13 5 11 18 4 25 2 21 20 
22 11
25 23 20 3 9 4 26 19 29 16 8 
29 16
25 22 16 3 5 20 21 18 11 17 7 28 2 6 19 15 
19 11
7 4 9 24 21 11 18 29 15 22 12 
11 12
4 24 26 2 19 29 10 18 5 1 9 28 
27 13
12 26 7 17 28 20 14 15 8 3 1 24 21 
12 11
27 16 6 23 10 15 5 3 1 2 19 
13 8
6 9 28 20 1 16 25 15 
5 13
12 10 29 11 3 18 1 16 17 28 14 20 26 
25 12
2 8 29 15 1 18 22 23 17 9 24 13 
6 10
4 13 16 21 12 10 29 18 3 9 
24 11
10 11 19 2 26 20 28 27 9 17 25 
18 16
7 20 14 6 19 25 8 16 3 5 9 1 0 29 11 4 
15 9
8 29 0 25 19 12 27 7 13 
16 14
8 29 13 10 18 5 3 2 22 23 12 14 4 6 
20 14
2 5 18 29 13 10 27 28 24 1 22 26 14 8 
7 12
19 2 17 27 18 3 4 23 15 0 29 8 
3 13
7 8 16 12 5 18 17 28 27 6 22 23 29 
14 10
20 10 23 16 8 9 17 27 5 18 
10 10
17 5 12 6 14 20 24 11 16 2 
17 12
7 0 29 10 25 3 5 14 27 28 8 24 
23 11
9 22 26 21 14 7 16 8 12 25 3 
