30
20 7
29 19 14 24 13 27 22 
22 6
27 1 24 8 14 20 
27 5
22 25 14 20 24 
13 4
6 4 20 9 
24 11
22 19 0 29 17 27 28 18 3 7 20 
14 8
12 22 23 5 20 27 28 26 
16 5
7 8 11 19 4 
4 9
11 13 0 10 16 8 18 1 3 
19 7
17 28 20 12 18 24 16 
11 6
4 10 21 1 17 16 
8 8
25 2 16 7 22 1 3 4 
9 2
29 13 
29 5
20 5 9 24 0 
1 8
8 22 25 4 11 2 3 7 
7 8
16 8 17 21 24 3 1 5 
3 6
7 8 1 24 10 4 
2 5
8 6 1 17 0 
28 6
19 10 21 24 12 14 
12 6
14 19 26 17 28 21 
10 7
11 4 6 28 15 0 3 
0 7
24 4 2 6 10 15 29 
15 4
21 10 0 25 
6 5
13 2 10 0 18 
17 7
23 12 24 11 7 19 2 
23 5
14 5 18 17 25 
26 2
12 14 
5 5
23 18 29 14 7 
21 5
15 28 7 11 12 
25 5
8 1 27 15 23 
18 6
19 5 23 4 24 6 
