30
4 4
7 28 9 12 
12 8
25 5 8 16 23 27 17 4 
9 5
8 17 23 4 6 
7 5
1 4 24 14 25 
8 5
12 13 9 14 18 
18 4
15 3 17 8 
14 7
27 17 24 26 1 7 8 
22 4
29 10 21 24 
24 8
25 2 7 1 0 29 14 22 
21 5
29 15 0 1 22 
10 4
16 1 29 22 
29 6
10 22 23 21 24 1 
6 4
20 23 9 26 
23 6
2 6 12 29 27 9 
17 5
18 9 12 14 2 
1 9
7 28 11 24 21 10 29 15 14 
15 5
21 18 1 20 16 
11 3
2 1 27 
28 7
4 0 3 5 1 16 19 
0 3
28 24 21 
27 6
14 12 23 13 11 3 
3 5
25 19 18 28 27 
19 3
26 3 28 
16 6
13 12 10 15 28 2 
5 3
12 28 25 
2 5
24 11 23 16 17 
20 2
6 15 
13 3
8 16 27 
25 6
26 24 12 3 5 7 
26 4
25 19 14 6 
