50
9 4
12 46 43 24 
24 6
45 35 12 48 9 31 
43 4
37 21 12 9 
46 7
30 16 17 9 25 21 39 
12 10
7 9 17 24 1 20 43 19 36 30 
13 8
49 47 21 15 20 17 30 44 
44 3
45 18 13 
30 9
17 18 35 19 32 46 49 12 13 
17 6
46 30 38 27 12 13 
20 4
5 12 13 0 
15 5
38 6 13 19 27 
21 10
34 39 28 13 26 19 46 0 18 43 
47 4
19 22 31 13 
49 4
13 30 14 19 
31 6
2 18 47 48 8 24 
48 6
3 22 31 27 11 24 
35 12
18 5 30 23 22 40 11 37 24 28 0 4 
45 4
44 24 18 34 
29 4
6 18 5 1 
1 5
12 37 29 8 32 
5 8
6 18 3 20 14 35 29 23 
18 13
31 6 30 36 5 35 45 16 8 44 10 29 21 
6 9
39 36 22 18 5 29 15 42 37 
8 3
18 1 31 
4 4
37 39 36 35 
0 7
27 19 35 22 21 20 40 
28 7
42 21 3 35 26 27 34 
37 9
25 38 4 43 2 35 1 6 10 
11 4
23 48 35 2 
40 4
32 35 0 7 
22 9
38 48 36 32 6 47 0 7 35 
23 4
11 27 35 5 
27 8
23 0 10 15 28 17 48 41 
41 6
36 19 2 27 14 3 
10 5
18 36 33 27 37 
19 8
47 49 21 30 12 0 15 41 
38 6
15 22 3 17 37 25 
16 3
18 46 14 
36 10
14 41 22 12 4 6 32 26 10 18 
14 6
36 5 41 16 33 49 
3 5
5 38 48 28 41 
42 3
28 6 34 
34 5
21 32 28 42 45 
7 3
12 22 40 
32 6
22 36 30 40 34 1 
26 3
21 36 28 
2 5
33 31 41 37 11 
39 4
6 4 21 46 
25 3
37 46 38 
33 3
2 10 14 
