30
29 9
8 9 28 13 18 3 14 26 19 
19 15
18 8 29 27 17 28 12 24 2 26 5 3 25 1 22 
14 9
8 26 29 27 9 17 1 22 23 
3 12
1 6 19 22 11 21 17 27 13 10 15 29 
18 13
11 9 28 8 4 13 15 29 1 5 19 26 22 
13 12
6 25 17 29 10 20 11 3 18 22 4 16 
16 11
27 9 8 4 11 24 21 10 15 5 13 
4 11
12 18 2 28 17 16 8 13 0 11 24 
22 17
5 3 19 6 14 26 15 13 7 9 18 11 20 12 27 10 23 
11 15
18 6 24 15 13 7 23 1 22 9 3 16 21 20 4 
20 13
5 1 22 8 24 11 21 13 7 27 17 15 0 
10 13
12 16 23 22 9 28 0 21 13 7 3 1 2 
15 14
6 18 11 24 3 16 8 23 1 0 22 28 21 20 
24 11
6 20 11 21 23 16 9 27 19 15 4 
0 9
25 7 6 10 15 5 9 4 20 
8 15
19 14 27 4 23 15 29 12 1 18 16 17 7 20 21 
17 14
8 19 25 21 20 26 14 4 7 13 27 9 1 3 
28 10
12 19 4 7 15 29 10 1 18 5 
2 7
23 26 19 4 27 10 25 
5 11
20 22 23 6 0 19 1 18 16 28 27 
27 14
5 2 19 24 7 17 20 26 14 9 22 8 3 16 
6 11
13 15 0 3 5 26 23 22 24 21 11 
26 10
29 27 17 2 19 25 14 18 6 22 
1 15
3 14 20 19 10 15 11 18 5 8 23 7 17 28 12 
21 12
17 12 7 6 3 20 24 11 15 10 8 16 
23 13
6 22 10 15 1 5 25 2 24 11 8 14 9 
9 13
18 16 12 24 11 14 22 23 29 10 0 17 27 
7 12
1 11 21 8 20 22 27 17 28 0 10 12 
12 11
21 1 10 25 4 8 22 28 9 19 7 
25 8
13 0 12 23 19 26 2 17 
