30
24 11
27 23 4 2 8 21 11 5 18 1 3 
3 11
7 12 27 22 23 29 0 21 24 26 5 
11 8
20 18 13 7 4 12 8 24 
21 12
22 19 26 3 18 5 10 0 24 4 17 25 
8 13
17 13 25 19 11 24 0 16 20 14 1 18 6 
2 8
22 13 7 19 18 24 0 14 
6 12
28 17 22 25 7 13 1 29 10 0 16 8 
18 9
2 25 4 11 24 21 8 9 1 
14 11
17 27 20 13 7 25 8 22 23 19 2 
16 12
6 27 17 28 4 20 1 5 8 7 13 22 
0 13
20 10 7 13 3 2 6 22 23 21 27 17 8 
12 5
19 4 11 3 5 
5 11
13 15 26 19 22 4 16 24 21 3 12 
4 14
9 24 5 11 18 15 29 25 16 21 20 27 17 12 
1 8
26 23 27 16 8 24 6 18 
9 6
23 4 13 28 27 18 
23 6
9 24 1 3 14 0 
25 11
19 15 17 6 18 7 8 20 14 4 21 
26 7
19 13 21 5 1 3 27 
27 12
0 24 16 4 1 3 28 9 17 26 14 20 
20 11
25 11 14 7 22 4 0 29 8 16 27 
22 12
6 21 20 14 3 5 2 19 13 7 0 16 
7 12
6 2 16 11 0 10 3 25 20 14 22 28 
19 10
12 26 2 14 25 5 21 8 22 17 
17 13
14 6 4 8 16 25 28 27 15 29 0 21 19 
13 15
5 28 16 8 29 15 10 22 9 0 6 14 26 2 11 
28 8
6 15 16 27 9 17 13 7 
29 7
6 3 17 20 15 4 13 
15 7
17 28 25 5 29 4 13 
10 5
0 21 6 7 13 
