30
13 6
8 12 19 1 24 0 
0 5
25 20 11 22 13 
24 4
18 10 11 13 
1 6
25 14 17 6 13 26 
19 5
28 16 23 13 14 
12 5
13 21 14 6 2 
8 6
20 4 13 7 26 18 
16 8
19 25 9 17 27 10 14 18 
18 6
24 27 14 8 16 7 
14 10
20 16 25 1 18 12 21 11 2 19 
10 9
20 24 11 7 16 27 29 3 25 
27 5
2 6 10 18 16 
17 3
11 1 16 
9 6
25 23 16 28 21 3 
25 10
16 1 23 9 28 0 10 14 20 11 
28 3
19 9 25 
3 6
11 21 10 9 22 5 
21 9
26 4 29 12 11 9 6 14 3 
23 5
25 9 20 19 2 
11 11
22 3 6 17 25 2 10 0 21 24 14 
22 3
11 0 3 
20 8
14 15 0 10 23 8 6 25 
26 4
21 8 15 1 
6 7
5 1 27 11 21 12 20 
15 3
20 26 7 
2 7
27 11 5 14 4 12 23 
7 5
10 15 29 8 18 
29 3
21 10 7 
4 3
21 8 2 
5 3
6 2 3 
