50
33 3
10 22 23 
23 11
15 9 11 45 2 30 25 39 20 8 33 
4 8
41 18 6 28 48 31 16 40 
40 7
28 38 14 20 39 43 4 
43 7
44 2 0 15 10 17 40 
8 10
42 24 23 20 41 32 5 18 9 27 
27 6
7 11 18 45 46 8 
48 6
4 16 6 39 42 12 
12 7
38 25 11 46 17 28 48 
7 8
39 5 25 45 2 27 31 9 
9 11
23 8 10 17 37 21 39 26 2 41 7 
10 7
33 9 43 20 25 22 45 
45 9
7 22 23 36 17 27 37 24 10 
38 7
12 46 40 19 26 11 24 
24 8
22 36 25 38 8 46 45 35 
47 7
25 11 39 34 36 13 6 
6 10
42 48 0 13 11 37 5 26 4 47 
16 7
37 32 48 4 15 5 44 
44 11
43 49 15 17 19 2 26 20 46 16 30 
32 7
1 35 16 8 28 20 39 
39 15
2 40 7 31 11 48 23 9 0 32 25 41 42 26 47 
26 7
9 44 39 38 36 2 6 
31 8
41 7 4 42 28 39 15 1 
1 8
32 3 2 19 35 46 17 31 
22 10
33 35 45 30 36 15 10 24 20 3 
3 4
15 41 1 22 
20 12
14 40 28 29 10 32 37 8 44 30 23 22 
13 4
19 2 47 6 
15 12
3 43 37 0 16 44 25 31 41 23 22 36 
36 9
47 30 22 24 11 45 2 26 15 
41 12
4 3 25 31 9 17 42 8 39 14 29 15 
29 5
41 20 46 35 19 
19 6
44 13 38 1 0 29 
35 8
22 32 17 5 1 24 29 42 
46 11
38 29 37 24 21 11 1 17 27 12 44 
11 9
39 47 27 6 38 23 36 12 46 
21 3
49 9 46 
2 11
39 43 1 44 13 7 23 36 26 9 28 
17 12
1 35 45 12 9 41 43 46 44 0 14 34 
34 3
49 47 17 
0 9
43 19 15 5 25 39 6 28 17 
30 5
22 36 23 20 44 
5 6
35 7 0 8 16 6 
37 8
45 15 9 16 46 20 6 49 
25 12
47 12 28 41 7 23 0 10 15 24 39 18 
49 4
34 44 21 37 
14 6
17 20 40 18 42 41 
18 6
4 27 28 14 8 25 
28 10
0 4 25 18 20 40 31 12 32 2 
42 8
8 6 48 31 41 14 39 35 
