50
48 1
36 
36 3
0 33 48 
13 1
4 
4 3
16 8 13 
24 1
9 
9 2
31 24 
32 2
8 16 
16 7
31 18 47 4 19 11 32 
26 2
42 14 
14 2
5 26 
33 1
36 
29 2
1 21 
21 5
22 30 43 7 29 
10 1
17 
17 3
46 25 10 
7 1
21 
38 1
5 
5 4
3 41 38 14 
27 2
19 30 
30 3
21 12 27 
35 1
41 
41 6
22 20 15 5 19 35 
37 2
23 8 
8 5
32 1 4 37 23 
43 2
21 34 
34 1
43 
1 3
29 8 31 
31 4
22 16 9 1 
0 5
44 36 45 28 47 
19 3
27 41 16 
47 3
16 2 0 
11 1
16 
18 1
16 
46 2
3 17 
3 6
22 5 42 44 46 49 
12 2
30 2 
2 2
47 12 
44 2
3 0 
22 7
3 42 21 31 6 39 41 
23 2
37 8 
20 1
41 
49 1
3 
42 3
26 22 3 
28 1
0 
15 1
41 
39 2
22 40 
6 1
22 
40 1
39 
25 1
17 
45 1
0 
