50
43 8
41 45 19 31 20 34 1 22 
22 5
19 18 6 8 43 
1 12
21 35 6 32 43 3 5 12 38 30 39 14 
34 7
21 28 13 40 15 43 23 
31 11
45 43 49 25 5 3 10 32 48 28 21 
21 11
1 47 34 14 39 12 42 28 31 36 30 
28 8
5 45 34 40 21 31 8 16 
48 5
25 14 12 31 30 
32 10
4 16 39 40 29 38 31 27 1 12 
10 12
2 42 4 47 11 24 31 17 25 15 0 5 
3 8
4 15 16 12 37 1 9 31 
5 10
13 16 37 35 28 9 31 1 10 20 
25 7
48 31 2 26 10 11 18 
18 7
42 23 22 46 33 25 49 
11 8
20 44 2 47 10 9 25 42 
26 8
6 15 44 20 25 41 7 13 
2 10
23 49 10 41 45 27 25 38 11 14 
14 11
7 41 9 48 21 49 36 39 20 1 2 
38 9
8 13 32 17 27 9 1 35 2 
23 7
2 37 30 17 18 39 34 
20 7
11 7 27 43 26 14 5 
30 9
23 47 46 33 16 17 48 21 1 
17 9
38 12 41 49 23 30 10 40 46 
45 7
43 24 2 31 28 0 29 
29 7
41 6 32 45 39 33 37 
0 10
40 4 16 46 10 6 7 19 45 36 
6 7
37 1 29 0 22 26 19 
19 6
22 0 43 41 12 6 
9 9
14 27 5 3 11 44 33 8 38 
8 6
49 24 38 22 28 9 
33 7
30 42 40 18 27 9 29 
46 5
30 18 0 41 17 
41 11
14 43 7 29 17 44 46 26 2 19 42 
13 8
5 34 7 27 37 49 38 26 
49 7
2 8 14 31 17 13 18 
37 6
6 23 13 3 5 29 
39 10
14 40 4 32 21 24 15 29 1 23 
15 7
44 3 10 26 34 39 27 
27 11
33 38 20 7 13 9 2 42 24 32 15 
42 8
10 18 27 21 11 33 44 41 
44 7
15 41 11 26 9 47 42 
16 8
32 12 3 5 0 30 36 28 
40 7
0 39 34 32 33 28 17 
7 10
27 14 20 41 13 12 0 26 35 4 
4 7
32 3 39 24 0 10 7 
35 4
1 5 7 38 
12 9
21 16 7 17 48 19 3 1 32 
24 6
4 45 8 27 39 10 
47 6
44 30 36 21 11 10 
36 5
21 14 16 47 0 
