30
19 5
26 12 22 5 3 
3 8
7 0 29 17 22 18 19 25 
18 5
12 17 1 3 15 
15 4
23 17 18 21 
17 10
2 6 25 15 29 14 12 9 3 18 
11 5
13 26 29 6 1 
1 8
18 26 20 13 24 11 27 28 
22 6
20 26 19 16 3 29 
29 10
7 25 3 28 17 27 11 24 22 10 
9 3
6 17 8 
8 2
25 9 
28 3
29 1 5 
24 7
2 16 14 29 0 1 7 
10 2
25 29 
21 5
4 23 2 26 15 
13 6
11 25 20 1 5 16 
16 8
25 4 20 14 22 24 12 13 
12 7
18 19 0 17 27 23 16 
23 8
15 25 20 21 27 12 6 2 
27 6
1 29 23 14 20 12 
0 4
3 12 7 24 
14 7
7 4 16 26 24 27 17 
5 3
19 13 28 
7 7
2 14 3 29 0 24 4 
20 8
13 1 16 23 22 27 4 6 
6 6
11 4 17 9 23 20 
2 5
17 7 24 21 23 
26 7
19 22 1 11 21 25 14 
25 9
16 8 13 23 10 29 17 26 3 
4 6
16 21 6 14 20 7 
