30
19 8
7 23 12 1 26 29 10 21 
21 6
17 8 12 11 26 19 
22 5
26 24 14 18 9 
9 7
7 18 1 26 29 28 22 
18 8
13 8 9 17 0 15 22 23 
1 8
25 13 24 19 23 0 9 17 
17 10
26 24 21 12 3 18 1 29 0 16 
29 6
19 2 27 9 17 24 
24 7
13 17 26 22 29 1 5 
15 5
23 11 18 28 27 
27 5
11 6 29 15 14 
13 6
24 18 1 14 28 25 
25 6
28 8 1 3 13 2 
0 5
20 2 18 1 17 
16 2
2 17 
28 6
25 15 13 9 5 26 
26 9
6 24 21 19 22 4 17 9 28 
5 4
20 10 24 28 
20 6
14 0 5 2 6 8 
8 9
7 23 25 3 18 21 6 14 20 
6 6
7 26 2 27 20 8 
3 5
17 8 12 25 10 
10 3
19 5 3 
23 6
8 19 14 15 1 18 
11 4
27 2 15 21 
12 5
2 19 17 3 21 
14 6
20 8 13 23 22 27 
7 5
9 8 6 19 2 
2 10
12 6 16 11 20 0 29 25 7 4 
4 2
26 2 
