50
38 10
43 47 15 30 28 9 39 44 25 45 
45 4
23 18 20 38 
25 11
5 36 16 26 2 28 31 17 9 39 38 
44 12
29 49 35 34 14 39 18 3 7 13 32 38 
39 11
3 20 7 26 19 43 25 38 44 27 17 
9 8
14 18 4 19 38 25 30 8 
30 12
10 0 38 8 13 36 43 32 9 5 18 40 
8 8
21 13 42 2 36 30 9 6 
6 5
14 42 13 23 8 
2 13
31 11 41 14 34 36 3 1 25 46 8 19 26 
42 11
35 40 48 16 8 12 6 32 41 13 4 
48 8
47 42 11 27 17 13 20 33 
33 14
46 4 36 22 0 40 15 20 21 37 41 48 18 16 
20 12
43 23 26 19 45 27 48 33 0 39 40 34 
13 15
14 37 24 30 44 8 6 3 48 18 17 7 42 27 41 
15 8
35 38 33 43 11 24 14 40 
40 12
42 34 20 3 5 33 22 23 30 41 35 15 
24 8
14 31 19 10 15 7 13 47 
43 9
38 15 20 39 22 23 30 11 1 
31 10
3 32 46 25 37 11 24 21 2 0 
0 11
30 5 18 41 7 32 46 33 31 34 20 
21 11
34 8 33 16 3 18 26 31 29 36 23 
37 11
31 49 35 14 33 32 1 5 18 7 13 
7 12
4 39 36 22 13 0 16 44 24 11 37 3 
18 14
33 19 45 21 14 37 13 28 30 32 1 9 0 44 
32 15
35 44 0 42 41 10 30 23 26 14 37 31 17 28 18 
27 11
20 39 13 35 19 16 48 28 22 36 49 
3 12
31 39 40 1 5 21 16 44 2 13 7 22 
41 12
42 13 1 0 32 2 33 16 47 49 11 40 
11 11
15 48 31 26 2 12 43 7 41 36 46 
49 5
22 37 44 27 41 
47 8
38 35 41 1 5 48 17 24 
16 9
33 25 42 3 7 41 27 23 21 
28 8
32 25 38 29 18 17 27 4 
4 7
36 7 9 28 46 33 42 
14 12
15 13 2 9 34 37 24 6 32 18 44 12 
19 12
2 35 26 10 9 27 20 39 36 12 24 18 
1 8
37 41 47 43 3 18 26 2 
22 10
46 33 23 49 43 7 40 34 27 3 
34 10
21 22 44 2 35 0 29 40 14 20 
17 8
13 32 28 48 25 5 47 39 
26 10
1 20 39 25 19 2 10 11 21 32 
46 8
22 33 31 2 0 10 4 11 
36 13
4 12 25 7 10 2 19 30 8 33 21 11 27 
10 7
24 30 36 32 19 26 46 
5 10
25 0 29 37 40 17 30 23 47 3 
35 11
42 27 23 32 15 37 19 47 44 34 40 
23 11
22 20 40 35 45 5 43 16 32 6 21 
12 6
36 29 42 11 19 14 
29 6
5 28 44 12 34 21 
