30
29 6
1 8 17 12 20 26 
26 9
2 17 12 23 3 0 29 13 7 
20 12
25 23 4 5 1 29 0 27 17 24 19 2 
12 6
8 29 1 18 26 19 
15 7
16 11 25 28 3 1 5 
5 4
9 13 20 15 
1 11
9 13 25 19 14 20 6 29 15 3 12 
28 6
6 15 16 17 27 2 
13 7
1 5 3 16 8 2 26 
8 7
29 12 6 27 16 7 13 
16 12
4 15 0 10 8 2 21 28 14 13 22 25 
3 6
23 13 26 1 15 0 
2 8
26 22 11 13 16 20 27 28 
27 8
25 8 7 20 2 19 28 6 
6 11
14 8 25 19 28 27 18 1 24 11 23 
9 4
1 5 17 4 
4 8
0 18 16 23 22 20 21 9 
17 7
26 29 28 9 7 20 14 
22 6
25 2 21 11 16 4 
11 7
15 19 2 22 24 18 6 
19 8
11 20 23 6 25 1 27 12 
25 10
20 27 6 7 22 23 15 19 1 16 
14 6
6 1 21 17 16 10 
7 6
8 25 18 17 27 26 
0 5
4 16 26 20 3 
24 4
6 10 11 20 
10 3
16 24 14 
18 5
4 6 11 7 12 
23 7
20 3 19 26 25 4 6 
21 4
22 14 16 4 
