20
15 13
12 17 9 11 13 7 14 16 18 1 4 0 10 
10 15
18 5 7 17 2 6 12 13 15 9 0 16 8 14 4 
4 14
12 13 15 10 2 7 19 6 14 18 3 9 0 1 
1 15
6 19 0 9 17 7 15 13 3 14 12 18 11 8 4 
18 12
4 16 6 11 3 5 1 10 0 15 17 9 
16 7
11 13 18 0 10 15 17 
14 12
11 4 6 1 3 5 13 0 10 15 17 9 
7 12
19 2 4 13 11 10 15 0 5 3 1 9 
13 10
4 16 6 7 14 5 1 11 15 10 
11 14
5 18 16 3 7 2 8 19 6 1 0 13 15 14 
9 12
12 15 0 10 19 2 4 6 1 18 7 14 
5 10
17 7 13 3 18 14 10 0 11 12 
3 13
4 17 19 2 11 7 5 18 1 14 12 8 0 
12 10
6 9 1 3 5 4 15 10 2 19 
0 17
2 15 16 3 5 10 4 7 17 1 9 18 11 8 14 19 6 
8 9
17 10 0 11 2 19 6 1 3 
6 13
4 12 1 18 2 19 14 13 11 0 10 9 8 
19 10
7 4 6 0 9 11 12 8 3 1 
17 11
14 2 15 0 10 5 3 18 1 8 16 
2 11
6 7 3 8 4 12 17 9 0 10 11 
