20
14 11
11 13 9 17 15 12 6 18 3 16 4 
4 7
12 16 19 5 1 10 14 
16 10
13 19 3 18 6 17 4 10 12 14 
3 12
12 7 0 16 8 18 5 1 11 14 19 2 
6 7
10 16 19 14 7 18 12 
12 12
4 7 19 3 9 17 14 8 16 0 6 11 
15 9
1 5 0 10 14 8 9 13 19 
17 10
12 14 16 8 0 10 5 1 18 2 
13 7
16 8 5 7 14 15 19 
2 9
8 11 5 1 3 18 10 17 9 
9 5
12 14 10 15 2 
10 11
1 11 6 16 8 9 17 2 19 15 4 
18 8
14 16 7 3 1 2 6 17 
1 11
10 15 0 4 11 2 19 3 18 5 17 
5 7
13 17 2 15 4 3 1 
19 12
12 4 6 0 10 15 16 8 3 1 7 13 
11 7
14 10 2 7 1 3 12 
8 10
12 17 15 10 0 3 2 19 13 7 
0 7
15 19 1 3 17 12 8 
7 8
12 13 11 19 18 3 6 8 
