30
29 6
28 13 18 3 14 19 
19 7
5 1 2 24 12 17 29 
14 6
26 29 9 17 1 23 
3 6
21 27 13 10 15 29 
18 9
8 4 13 15 29 1 5 26 22 
13 12
6 25 17 29 10 20 11 3 18 22 4 16 
16 7
8 4 24 21 15 5 13 
4 10
12 18 2 28 17 16 8 13 0 24 
22 12
23 10 12 20 11 27 9 7 13 26 6 18 
11 8
9 22 23 13 1 21 6 15 
20 10
5 1 22 8 21 13 7 27 17 0 
10 11
23 22 9 28 0 21 13 7 3 1 2 
15 8
23 8 16 0 24 11 18 3 
24 6
23 16 27 19 15 4 
0 9
25 7 6 10 15 5 9 4 20 
8 12
21 7 16 18 1 12 15 20 23 4 27 17 
17 8
13 7 4 14 20 25 19 8 
28 5
4 7 29 10 5 
2 6
23 19 4 27 10 25 
5 9
20 23 6 0 19 18 16 28 27 
27 8
8 22 20 9 24 2 3 5 
6 6
13 0 5 26 22 11 
26 5
25 14 18 6 22 
1 7
8 18 11 10 19 20 14 
21 6
3 20 11 10 8 16 
23 11
22 10 15 5 25 2 24 11 8 14 9 
9 8
12 11 14 22 23 10 0 27 
7 8
8 20 22 17 28 0 10 12 
12 7
25 4 8 22 9 19 7 
25 7
13 0 12 23 26 2 17 
