30
18 7
10 9 6 24 4 26 16 
16 9
0 28 9 4 19 11 8 1 18 
26 9
7 13 2 22 14 12 5 18 15 
4 14
17 2 23 10 13 15 8 18 22 0 1 16 3 21 
24 14
12 19 2 29 27 5 18 3 1 17 28 7 21 20 
6 5
20 18 0 10 13 
29 5
8 0 24 9 13 
13 12
26 23 28 9 27 20 4 21 0 29 6 12 
9 13
22 21 25 16 13 15 29 3 5 18 1 28 17 
0 9
1 16 29 15 10 6 2 4 13 
12 10
10 23 20 24 21 27 28 17 26 13 
21 14
27 24 11 12 23 2 13 15 25 7 17 9 4 20 
20 13
6 12 22 17 27 7 13 21 11 24 14 3 1 
27 8
17 12 21 24 20 14 25 13 
15 10
4 11 21 9 25 0 10 2 26 14 
14 7
25 26 28 27 20 5 15 
10 10
12 8 18 3 1 0 15 28 6 4 
25 10
14 19 2 21 11 23 15 9 27 28 
19 5
25 16 24 1 28 
28 12
16 13 9 23 14 12 11 24 10 2 19 25 
1 12
16 7 3 2 19 24 11 4 9 20 0 10 
2 13
8 26 25 23 24 21 15 0 28 17 5 1 4 
23 10
12 13 2 25 28 17 4 21 11 8 
8 10
2 17 29 10 4 3 22 23 7 16 
3 10
20 9 4 10 24 11 1 5 8 22 
7 10
22 26 20 5 1 21 24 11 17 8 
22 8
7 11 9 4 26 20 8 3 
11 12
15 25 20 16 28 17 1 3 21 22 23 7 
5 7
9 26 2 7 14 3 24 
17 12
4 8 20 2 7 21 11 24 12 23 27 9 
