50
22 3
39 14 42 
42 6
40 19 5 24 15 22 
29 4
48 10 32 4 
4 7
14 40 34 17 16 7 29 
18 2
38 8 
8 10
14 37 46 43 25 38 35 5 18 28 
9 5
40 45 46 44 32 
32 6
1 20 29 7 41 9 
2 5
11 49 43 12 16 
16 7
6 17 21 37 11 4 2 
25 3
14 8 37 
37 6
47 8 16 0 40 25 
40 10
9 42 4 49 47 0 15 3 19 37 
13 5
11 49 17 1 38 
38 7
6 35 18 8 36 7 13 
19 2
42 40 
48 6
44 7 28 29 0 14 
14 9
25 4 47 10 22 33 8 44 48 
43 3
2 8 44 
44 9
48 9 35 0 10 46 43 39 14 
1 3
32 13 3 
3 6
33 45 20 40 1 0 
36 3
12 17 38 
17 6
13 49 4 46 16 36 
49 5
13 17 40 2 45 
45 8
9 24 23 39 34 20 3 49 
15 5
21 0 40 46 42 
24 5
0 45 41 42 47 
5 5
0 8 42 12 34 
7 4
48 32 38 4 
10 4
29 14 44 26 
26 3
35 10 6 
0 10
41 40 15 24 37 44 48 28 5 3 
46 8
15 35 8 44 23 9 17 31 
31 2
46 33 
23 4
6 34 46 45 
41 4
0 24 20 32 
20 4
32 3 45 41 
28 3
48 0 8 
21 3
15 16 33 
33 4
14 3 31 21 
34 4
23 4 45 5 
12 3
36 2 5 
6 4
23 16 38 26 
27 3
47 35 30 
30 2
27 39 
35 7
26 38 11 46 44 8 27 
47 5
27 14 40 37 24 
11 4
13 2 35 16 
39 4
45 44 22 30 
