30
11 5
10 21 4 2 26 
26 5
6 13 14 9 11 
4 7
15 10 1 11 19 14 16 
9 7
10 7 16 18 5 26 25 
14 9
5 28 25 6 24 21 26 4 15 
13 10
6 15 21 3 28 27 2 26 22 7 
6 9
15 17 13 26 5 3 1 14 22 
15 6
6 4 13 17 27 14 
21 8
28 11 8 19 14 13 7 23 
25 6
19 12 24 14 5 9 
7 7
18 10 9 28 21 13 2 
22 6
16 0 13 27 6 18 
27 7
12 18 15 19 22 20 13 
28 8
0 17 14 21 19 7 13 16 
3 4
1 24 13 6 
17 6
6 28 19 2 15 1 
29 4
8 16 19 20 
20 5
18 2 27 12 29 
19 12
2 25 16 29 10 4 23 21 17 28 27 5 
18 7
7 20 10 27 9 22 24 
0 5
28 10 12 22 23 
16 9
1 29 10 19 22 4 8 9 28 
5 8
6 14 25 9 23 1 12 19 
1 7
23 16 4 6 3 5 17 
23 8
8 10 0 1 5 2 19 21 
12 5
27 25 0 5 20 
2 9
19 10 23 8 11 17 20 13 7 
10 11
18 0 9 11 24 7 4 16 23 2 19 
8 5
23 29 2 21 16 
24 5
14 10 25 3 18 
