50
48 1
36 
36 3
23 40 48 
43 2
34 47 
47 9
27 9 35 40 22 29 1 18 43 
18 1
47 
38 2
29 11 
11 3
20 31 38 
19 3
35 33 1 
1 3
47 9 19 
24 3
12 41 46 
46 4
27 20 23 24 
44 1
6 
6 2
4 44 
12 2
24 29 
29 4
38 47 12 16 
13 2
31 27 
27 8
47 46 33 45 0 3 32 13 
16 1
29 
37 1
35 
35 4
19 47 37 14 
22 1
47 
7 1
32 
32 2
27 7 
10 1
33 
33 4
19 27 28 10 
39 1
15 
15 6
45 42 5 8 49 39 
31 2
13 11 
20 5
8 46 11 4 30 
49 1
15 
8 3
15 20 34 
5 1
15 
42 3
9 15 25 
45 4
27 15 41 2 
30 1
20 
4 3
20 17 6 
3 1
27 
0 1
27 
14 1
35 
40 2
47 36 
9 3
42 47 1 
28 1
33 
23 2
36 46 
41 2
24 45 
17 1
4 
2 2
45 21 
25 1
42 
21 2
2 26 
34 2
43 8 
26 1
21 
