20
5 9
6 1 8 15 19 2 13 17 9 
9 5
6 10 2 19 5 
2 5
8 9 12 5 0 
0 11
14 17 6 15 10 12 3 1 16 8 2 
16 6
8 6 4 19 0 15 
15 12
13 7 19 0 10 17 18 5 3 6 12 16 
3 8
19 17 6 0 15 12 13 7 
7 6
8 11 4 10 15 3 
12 10
13 2 11 14 6 10 0 15 18 3 
13 8
12 15 10 4 17 3 5 18 
18 7
8 19 12 11 15 10 13 
17 7
5 3 4 0 15 8 13 
6 12
4 9 16 5 1 3 12 0 15 10 14 11 
10 12
12 4 11 18 7 13 0 15 9 6 19 8 
8 9
7 16 18 5 2 19 10 0 17 
19 11
11 16 8 15 10 9 4 3 18 5 1 
14 4
0 12 11 6 
11 7
7 18 12 10 19 14 6 
1 4
5 6 0 19 
4 7
6 10 16 17 7 13 19 
