50
22 4
6 44 33 19 
19 5
11 27 6 49 22 
33 5
40 24 47 22 30 
6 14
16 35 19 23 22 18 32 8 38 14 34 31 27 13 
26 5
38 28 10 24 45 
45 6
46 9 0 40 34 26 
24 3
33 7 26 
10 5
36 28 26 7 15 
28 11
48 20 34 10 11 38 36 2 26 47 13 
38 10
39 47 4 43 5 26 28 6 12 29 
32 9
18 9 12 7 39 29 46 6 49 
49 7
19 2 30 36 42 32 16 
46 7
18 21 45 35 32 48 9 
27 4
19 29 6 44 
44 7
47 42 27 9 30 22 23 
35 5
46 29 0 6 48 
48 4
28 46 12 35 
0 8
15 45 2 35 42 25 20 18 
9 10
39 20 14 32 4 8 44 46 45 2 
14 4
4 9 6 23 
23 6
37 7 6 44 39 14 
34 6
6 39 2 45 28 11 
11 7
19 21 30 20 34 28 7 
5 5
16 40 20 42 38 
42 6
41 5 49 39 44 0 
20 7
9 28 25 11 0 3 5 
40 5
31 33 45 5 25 
16 5
6 31 5 47 49 
47 9
38 15 16 44 33 12 18 17 28 
12 8
7 32 17 48 47 2 38 21 
21 5
46 17 11 37 12 
2 8
0 34 39 9 28 49 7 12 
17 6
47 29 12 39 21 37 
18 6
41 46 47 32 6 0 
36 3
10 49 28 
1 4
39 4 15 3 
3 4
20 37 30 1 
15 5
7 47 1 0 10 
8 2
9 6 
7 9
12 32 25 24 11 2 23 15 10 
29 6
35 32 4 27 17 38 
43 2
38 41 
30 5
49 11 44 33 3 
4 6
14 1 38 9 29 13 
13 4
31 28 6 4 
31 4
16 40 13 6 
25 4
7 20 40 0 
37 5
39 3 21 23 17 
39 11
1 37 38 34 32 23 2 42 41 9 17 
41 4
18 42 39 43 
