50
24 5
3 46 21 37 43 
43 9
6 17 28 4 49 14 34 21 24 
37 6
19 24 48 27 44 38 
41 10
0 35 44 14 39 7 36 30 17 28 
28 7
8 36 43 19 45 34 41 
30 10
3 1 36 33 35 2 9 7 41 21 
7 11
26 30 32 29 0 5 33 16 41 27 31 
39 8
10 18 40 23 2 32 25 41 
44 9
31 36 23 41 14 20 6 3 37 
34 11
14 2 11 5 31 17 28 49 43 8 16 
38 8
16 6 10 13 20 35 11 37 
27 10
16 49 7 14 6 21 11 37 10 15 
5 5
8 14 34 7 25 
25 7
20 39 46 16 1 5 49 
29 5
7 21 14 35 16 
16 15
38 4 29 25 33 10 27 45 6 20 34 17 7 18 47 
35 13
30 47 48 9 20 40 38 19 32 41 13 29 12 
13 5
38 36 45 35 14 
14 12
34 29 11 19 5 44 27 17 49 43 41 13 
45 9
20 47 28 9 48 3 18 16 13 
36 9
28 42 44 46 30 22 41 13 26 
46 8
24 25 20 1 36 48 17 2 
2 7
30 20 34 39 49 4 46 
17 11
41 18 10 34 14 16 8 46 43 4 42 
9 6
48 22 30 35 45 8 
8 8
34 49 47 28 17 9 5 1 
49 9
2 26 27 8 33 43 14 34 25 
22 6
19 9 36 20 10 32 
32 9
7 11 42 10 0 39 35 22 48 
10 10
39 38 32 16 21 31 17 27 48 22 
20 11
47 2 45 35 25 38 46 16 44 12 22 
40 4
31 39 35 6 
6 8
23 43 38 27 44 16 11 40 
42 7
11 36 47 4 32 31 17 
4 10
16 42 1 15 19 2 26 17 43 47 
0 4
41 7 32 23 
23 7
6 19 39 12 44 15 0 
31 7
10 34 40 44 42 12 7 
48 7
46 9 37 10 35 45 32 
21 8
24 11 33 27 43 29 10 30 
33 7
21 30 7 49 16 18 19 
15 4
4 47 23 27 
12 6
23 31 26 19 35 20 
19 10
22 23 28 14 11 37 4 12 35 33 
18 7
39 17 16 33 26 45 11 
11 10
42 19 21 27 14 34 38 32 6 18 
1 5
30 25 4 46 8 
47 8
20 42 16 8 35 45 4 15 
3 5
30 24 45 26 44 
26 7
7 49 4 12 18 3 36 
