50
2 5
21 39 23 36 8 
8 9
25 40 16 17 27 21 12 43 2 
36 5
15 33 37 13 2 
23 11
47 18 31 28 24 37 44 33 29 2 39 
39 6
2 12 18 7 23 25 
25 4
11 8 19 39 
19 6
0 30 25 42 9 11 
11 3
25 47 19 
9 6
31 38 0 24 21 19 
42 4
21 45 19 4 
30 8
24 4 19 40 12 10 48 46 
0 8
19 9 33 41 7 18 5 14 
4 5
32 31 30 7 42 
45 6
42 41 29 38 24 40 
21 9
2 42 5 3 17 27 9 8 29 
49 4
22 24 7 6 
6 3
37 31 49 
7 8
15 29 0 31 4 49 39 38 
24 12
35 45 46 3 18 15 30 23 9 38 49 34 
22 7
16 26 49 41 34 20 29 
44 3
23 31 10 
10 6
15 26 30 33 44 13 
31 10
23 4 5 9 17 48 6 7 44 16 
12 6
39 3 35 8 16 30 
16 7
22 1 8 15 48 31 12 
35 7
24 28 27 43 12 20 5 
3 6
12 24 21 15 26 1 
43 3
13 35 8 
13 4
43 33 36 10 
5 6
46 31 0 32 21 35 
20 4
37 29 22 35 
27 6
1 21 8 35 17 14 
28 4
23 26 35 17 
14 3
46 0 27 
17 5
21 31 27 28 8 
1 5
27 16 37 34 3 
40 3
8 30 45 
47 4
23 48 11 26 
18 5
23 0 29 39 24 
29 11
15 23 22 46 18 41 7 20 45 26 21 
32 5
4 48 15 5 33 
46 6
14 5 24 29 15 30 
41 6
45 22 15 0 29 33 
33 7
13 41 0 10 36 23 32 
34 3
22 1 24 
26 6
28 22 29 10 3 47 
38 6
9 24 37 7 15 45 
15 12
36 29 10 32 37 24 7 41 16 46 3 38 
48 5
32 31 16 47 30 
37 7
6 20 15 23 36 1 38 
