20
4 8
16 10 11 1 18 13 9 2 
2 10
13 14 3 5 1 6 15 8 11 4 
15 7
8 18 19 2 12 9 0 
0 8
9 11 1 16 19 15 13 7 
13 10
0 11 4 12 1 5 2 19 8 16 
16 7
4 8 14 19 0 3 13 
19 10
8 16 17 9 5 7 13 10 15 0 
5 8
1 2 19 9 17 13 8 12 
12 8
8 11 15 7 13 5 3 1 
8 9
13 12 16 3 5 19 2 15 10 
3 7
2 7 8 16 1 12 9 
9 10
6 19 0 10 15 4 18 5 1 3 
10 9
11 19 4 7 8 9 17 1 18 
11 6
12 13 4 10 0 2 
6 6
14 9 17 2 1 18 
18 8
1 9 17 4 15 10 14 6 
17 6
19 6 14 18 5 10 
1 11
4 13 6 2 10 0 18 5 3 9 12 
7 6
19 12 14 3 10 0 
14 6
6 2 16 17 7 18 
