100
14 4
21 59 18 95 
95 7
93 39 14 91 65 36 64 
18 5
23 37 96 46 14 
59 5
29 0 60 14 93 
21 4
14 64 11 69 
83 3
7 24 72 
72 8
88 10 46 75 37 77 83 19 
24 7
33 63 41 83 1 75 94 
7 4
83 9 42 38 
51 6
92 43 99 91 81 88 
88 4
72 61 53 51 
81 5
99 49 51 12 93 
91 8
38 86 64 51 94 95 70 75 
99 9
27 71 67 81 3 32 51 58 42 
43 6
51 39 78 84 63 85 
92 5
52 70 51 98 84 
54 3
27 41 96 
96 10
12 42 48 84 18 33 70 67 22 54 
41 5
30 78 24 54 1 
27 6
54 67 99 6 0 63 
6 5
87 27 85 84 2 
2 7
34 5 58 47 85 17 6 
84 10
49 43 37 25 16 96 6 0 92 20 
85 7
2 39 53 4 43 6 10 
87 4
6 9 17 56 
33 5
24 69 28 58 96 
58 4
2 31 33 99 
28 8
66 33 42 61 10 63 20 57 
69 7
33 94 68 21 89 38 26 
89 4
5 3 90 69 
90 6
75 9 36 64 15 89 
3 4
35 31 99 89 
5 4
89 13 2 93 
93 11
17 62 50 11 59 60 95 81 16 79 5 
79 5
32 0 74 98 93 
16 4
57 84 13 93 
60 4
59 93 53 46 
11 7
94 21 38 93 97 13 86 
50 7
45 93 13 77 37 78 66 
62 3
93 73 77 
17 5
93 2 31 55 87 
46 5
49 25 72 18 60 
53 7
15 55 88 85 39 60 38 
15 4
53 67 90 29 
29 7
0 15 73 59 57 65 49 
67 6
52 99 94 15 27 96 
80 6
61 38 64 10 73 48 
48 7
64 34 10 30 96 68 80 
73 8
39 49 23 52 29 75 62 80 
10 12
63 44 76 28 48 85 12 40 39 72 80 45 
64 9
48 90 80 0 91 21 22 95 66 
38 6
91 11 69 80 7 53 
61 8
88 57 4 80 94 28 44 56 
68 8
8 71 48 4 69 35 57 52 
30 5
65 23 41 48 74 
34 6
49 76 2 48 22 66 
39 8
85 31 95 53 43 73 35 10 
55 4
35 49 53 17 
31 7
39 76 3 58 94 78 17 
47 3
9 2 1 
97 4
86 11 71 19 
19 3
77 97 72 
71 5
68 99 35 97 13 
86 6
91 37 11 97 35 8 
77 6
50 72 62 19 42 49 
37 10
44 76 49 86 4 50 72 36 84 18 
75 8
90 73 8 4 24 72 91 32 
65 3
30 95 29 
42 11
96 28 35 20 40 77 78 56 7 1 99 
9 7
87 47 7 13 22 40 90 
56 6
36 57 1 42 87 61 
40 5
42 10 57 9 78 
22 5
9 64 49 34 96 
13 10
50 5 1 16 9 4 71 11 23 12 
78 9
41 57 98 40 42 43 50 31 74 
57 10
16 78 40 98 56 29 23 68 28 61 
0 7
29 26 79 64 59 84 27 
26 3
0 63 69 
32 3
79 99 75 
25 3
46 84 82 
82 4
49 70 94 25 
94 9
74 31 67 69 61 11 24 91 82 
1 7
74 56 13 41 24 47 42 
63 6
10 28 27 24 26 43 
49 12
34 74 46 22 84 37 81 73 77 82 55 29 
66 5
28 50 64 4 34 
4 7
61 37 13 75 85 68 66 
70 4
92 91 82 96 
12 5
76 96 10 81 13 
44 4
37 10 20 61 
20 4
42 28 44 84 
45 3
50 52 10 
76 5
12 37 34 31 10 
52 5
92 73 67 45 68 
35 7
3 68 55 42 86 39 71 
74 6
94 1 49 30 79 78 
98 4
78 79 92 57 
36 4
56 90 37 95 
23 5
18 73 57 30 13 
8 3
68 75 86 
