50
9 8
19 35 48 40 42 33 22 32 
32 8
44 0 27 17 48 9 49 4 
22 15
38 5 9 31 48 47 49 44 37 14 26 15 40 13 7 
33 15
15 48 9 31 27 41 7 44 16 25 38 21 24 49 35 
42 18
26 17 47 5 15 21 44 49 2 43 4 11 48 27 1 9 25 30 
31 11
33 26 28 12 47 38 25 39 40 22 23 
23 12
12 41 7 0 11 24 38 25 16 28 31 34 
40 14
49 31 9 22 13 7 38 34 19 47 35 16 3 5 
25 16
36 14 4 27 42 31 17 45 2 35 34 20 33 23 48 18 
47 14
40 46 49 4 36 1 22 20 21 31 27 42 8 38 
12 13
4 16 44 8 31 11 39 34 20 6 2 23 30 
4 15
8 30 25 32 49 47 46 12 14 5 19 42 10 29 48 
49 16
32 5 18 38 47 4 7 37 21 34 39 40 22 33 27 42 
46 14
28 34 4 43 13 5 1 10 26 47 35 45 8 38 
14 10
13 2 25 38 20 0 4 22 16 3 
26 16
31 16 38 2 19 6 46 7 42 41 34 20 29 24 1 22 
16 12
12 21 11 41 7 33 40 14 36 23 19 26 
38 18
22 31 33 47 49 10 15 29 40 34 26 37 14 39 8 46 6 23 
19 8
16 4 43 9 28 40 34 26 
2 11
27 14 34 25 44 5 18 11 42 12 26 
6 14
5 12 13 43 41 27 7 17 35 26 37 30 38 44 
7 12
16 33 18 22 23 40 26 35 49 15 6 24 
48 13
4 15 21 22 9 33 44 32 18 1 42 13 25 
5 12
6 13 49 4 22 36 42 46 2 40 20 37 
37 8
8 6 38 49 30 22 21 5 
20 15
45 0 15 5 18 12 24 21 25 34 14 26 47 35 27 
28 11
21 23 30 36 45 35 19 41 46 31 27 
34 21
36 26 20 12 40 23 2 49 19 24 1 11 18 10 41 25 8 38 17 46 44 
13 10
5 30 22 46 14 40 39 17 48 6 
21 11
28 48 49 47 15 10 20 42 37 16 33 
10 5
4 46 34 38 21 
15 15
33 24 42 45 36 22 1 7 17 18 48 21 20 8 38 
44 10
48 6 32 22 2 33 34 12 42 24 
8 13
41 46 12 11 37 38 34 30 4 47 15 29 45 
1 12
26 46 15 29 18 41 11 27 48 34 42 47 
36 8
25 34 28 5 16 15 47 43 
45 9
28 3 18 20 39 25 15 46 8 
35 11
6 33 46 25 20 40 27 9 28 18 7 
18 16
15 20 11 48 43 35 49 2 45 34 1 24 17 7 30 25 
27 16
39 20 28 11 29 42 6 25 30 32 33 1 49 2 47 35 
39 8
38 12 45 49 13 31 17 27 
11 12
23 30 16 8 34 18 1 2 42 12 24 27 
29 8
4 38 26 41 1 17 27 8 
24 11
15 26 23 18 3 33 44 20 34 7 11 
43 8
17 46 19 18 3 6 42 36 
41 10
26 23 29 1 34 8 16 33 28 6 
17 11
42 43 25 6 32 13 39 34 15 29 18 
30 13
4 27 28 13 6 11 37 42 12 18 3 0 8 
0 6
32 14 20 23 30 3 
3 7
45 24 40 14 30 43 0 
