50
31 3
23 6 40 
40 3
16 12 31 
20 5
13 35 30 34 0 
0 4
17 11 3 20 
48 4
16 12 45 35 
35 4
20 21 8 48 
9 4
7 13 44 16 
16 4
36 40 48 9 
13 5
38 20 24 28 9 
24 8
39 42 46 8 44 41 13 30 
29 5
30 18 43 4 45 
45 7
22 48 1 41 42 15 29 
14 4
49 47 23 44 
44 9
41 15 36 32 9 24 4 43 14 
34 5
7 2 10 20 39 
39 7
18 5 28 24 21 38 34 
22 3
45 32 17 
17 3
0 7 22 
32 3
44 2 22 
43 3
29 11 44 
4 4
23 47 29 44 
33 3
6 5 46 
46 4
24 7 5 33 
27 2
15 49 
49 6
14 47 1 10 21 27 
15 5
1 45 44 8 27 
8 7
24 41 1 23 36 15 35 
19 6
23 10 38 21 12 6 
6 3
33 31 19 
12 5
48 36 30 19 40 
21 8
49 23 30 35 19 39 41 7 
3 2
36 0 
18 5
39 10 29 30 37 
37 3
10 11 18 
30 8
29 20 12 11 24 21 18 36 
47 8
14 2 5 49 4 11 10 25 
25 3
41 47 10 
26 1
11 
11 8
30 38 47 43 37 0 10 26 
2 5
47 34 41 32 5 
1 5
15 49 45 8 41 
41 9
44 8 36 21 24 25 1 2 45 
36 7
12 41 30 44 16 8 3 
28 4
13 38 39 5 
5 6
47 39 2 33 46 28 
42 3
24 45 23 
23 7
4 19 31 8 21 14 42 
7 5
34 46 17 9 21 
10 9
18 19 49 47 34 38 25 37 11 
38 6
13 19 11 28 10 39 
