50
8 9
44 27 1 20 34 23 19 2 26 
26 11
10 42 38 1 7 47 49 43 34 33 8 
23 7
30 2 6 1 7 37 8 
34 10
12 21 39 14 9 47 22 26 8 38 
20 14
15 4 49 32 1 5 8 44 24 12 27 39 28 7 
16 10
31 27 24 39 36 33 44 1 5 13 
13 9
42 7 1 10 27 31 33 16 11 
5 10
25 20 11 37 49 47 16 9 31 48 
44 12
18 20 28 25 29 0 8 33 16 47 36 32 
33 15
26 44 36 0 11 48 29 13 39 38 6 19 35 16 3 
36 13
11 40 12 42 25 10 3 6 2 19 16 44 33 
47 14
32 29 17 31 44 38 5 0 1 3 2 26 34 42 
29 13
7 25 30 18 10 15 19 45 44 33 14 49 47 
0 12
15 42 44 33 3 1 7 47 49 31 9 40 
17 9
19 11 37 24 40 32 27 28 47 
38 13
28 30 1 26 2 7 47 4 33 46 11 21 34 
2 10
6 27 14 8 38 36 23 1 47 11 
9 11
22 49 43 28 48 34 7 0 5 18 1 
1 20
16 35 47 38 8 12 28 31 49 2 26 27 10 9 0 13 15 39 20 23 
7 14
48 49 38 0 9 23 26 32 3 29 13 42 41 20 
21 13
42 18 11 37 46 19 45 25 38 34 14 10 15 
46 7
42 21 37 35 32 38 30 
4 6
45 19 35 39 20 38 
15 11
45 30 48 1 0 29 10 32 11 21 20 
32 20
22 14 37 24 6 44 49 43 20 39 27 15 3 47 35 28 46 17 7 12 
37 11
32 6 17 21 46 25 18 5 23 14 39 
39 13
42 4 33 16 30 32 1 48 34 20 40 24 37 
18 9
44 9 28 22 21 37 24 29 10 
25 16
5 10 41 42 37 21 35 45 6 19 31 44 43 36 30 29 
22 13
41 32 6 3 18 9 27 48 49 43 34 14 10 
10 17
45 26 31 19 6 18 11 21 1 22 25 30 36 43 29 15 13 
14 14
37 12 3 21 22 29 35 2 28 11 48 34 30 32 
43 10
10 48 9 22 41 32 45 19 26 25 
48 16
41 7 45 5 39 14 33 24 11 31 22 9 40 15 43 35 
35 12
1 48 4 25 14 33 46 32 45 19 12 41 
49 11
22 20 26 9 27 32 1 5 29 0 7 
11 14
36 2 33 3 5 48 17 15 13 10 42 14 38 21 
24 12
12 32 16 30 39 20 17 48 41 19 45 18 
41 10
3 25 7 22 48 31 42 43 24 35 
12 9
24 36 31 32 1 34 20 14 35 
19 14
24 10 29 35 45 21 36 43 4 33 8 6 25 17 
27 14
45 17 28 32 16 3 2 49 13 8 1 22 20 42 
45 13
42 43 4 25 35 19 15 10 29 24 21 48 27 
6 10
37 2 19 32 10 25 22 23 36 33 
40 6
42 36 48 17 39 0 
3 12
0 27 31 47 33 41 7 22 36 32 11 14 
42 16
40 13 25 31 46 7 27 41 11 21 0 36 47 45 26 39 
28 11
38 30 32 44 20 14 18 1 27 9 17 
30 11
28 25 38 23 24 29 15 10 39 14 46 
31 13
16 47 48 13 41 25 3 5 1 0 10 12 42 
