50
24 14
21 33 32 30 11 18 40 26 6 19 38 9 42 7 
6 15
45 35 24 10 5 0 1 9 33 16 46 2 49 15 13 
33 11
14 6 3 38 9 31 37 24 22 15 49 
30 9
18 9 10 15 2 35 11 24 7 
31 5
12 21 37 33 16 
16 12
38 40 6 19 15 29 7 18 3 9 31 42 
22 9
13 7 33 2 40 34 39 49 4 
4 9
18 13 15 0 48 28 47 49 22 
39 4
13 22 12 21 
2 11
15 6 27 28 17 19 47 30 22 13 41 
7 11
18 34 14 15 45 17 24 11 22 30 16 
21 8
24 19 31 13 47 43 42 39 
12 14
31 28 0 39 20 29 40 32 18 44 36 10 42 38 
11 10
20 26 23 36 30 38 43 24 7 28 
28 14
47 11 4 43 12 2 8 29 23 26 14 20 27 32 
25 11
47 46 32 18 45 26 29 34 17 48 37 
37 10
13 44 33 3 31 42 14 36 23 25 
48 7
41 44 5 14 4 43 25 
34 10
7 45 5 46 22 15 20 27 47 25 
29 7
43 35 12 28 16 25 10 
26 11
11 24 18 13 19 35 25 36 40 9 28 
41 5
48 0 3 2 38 
47 13
25 21 49 4 23 10 42 34 1 2 45 28 27 
19 11
36 23 21 24 5 43 49 16 26 2 14 
17 10
1 25 7 8 20 14 0 10 15 2 
8 6
42 35 18 28 17 23 
23 7
10 19 28 11 37 47 8 
15 13
4 14 34 30 2 45 6 17 1 16 33 7 13 
13 12
6 22 4 37 21 2 26 39 20 40 15 18 
1 7
45 36 17 6 18 47 15 
32 10
43 36 35 28 24 14 25 3 12 0 
0 9
3 17 12 10 4 41 6 32 20 
40 13
49 22 24 16 46 44 10 14 13 35 26 12 27 
36 10
32 1 37 11 12 49 19 26 35 44 
10 14
23 6 0 3 18 47 35 38 46 17 29 40 12 30 
3 8
37 32 42 41 0 10 33 16 
27 7
28 2 44 20 34 40 47 
20 12
11 5 34 43 13 28 27 17 12 0 45 44 
14 11
33 15 7 32 40 18 37 28 48 17 19 
42 11
12 3 24 37 21 45 43 47 8 44 16 
45 12
6 1 25 15 7 44 46 42 34 20 47 9 
49 8
40 6 22 36 47 4 19 33 
43 11
32 29 42 21 11 19 20 46 5 28 48 
5 7
34 20 48 19 43 6 46 
46 10
44 6 40 34 25 10 43 45 18 5 
35 10
6 32 8 18 40 26 29 10 30 36 
18 16
46 7 4 13 24 10 8 16 1 9 12 14 26 35 25 30 
9 8
24 30 18 33 16 6 26 45 
44 10
46 37 12 42 48 27 45 40 20 36 
38 7
12 24 11 10 16 33 41 
