50
22 8
11 39 34 1 3 47 38 25 
25 13
32 6 37 8 46 43 13 45 26 5 15 10 22 
38 9
49 29 0 33 11 22 36 26 35 
33 10
39 11 9 13 3 5 32 38 43 49 
49 9
38 30 47 8 33 13 41 45 14 
32 6
25 21 6 17 33 13 
34 8
9 8 22 4 41 19 26 2 
2 7
7 8 28 29 0 40 34 
41 11
24 12 30 19 9 5 10 15 49 4 34 
4 8
3 10 43 16 9 34 40 41 
14 10
35 29 44 8 3 1 36 24 43 49 
24 10
41 20 14 1 11 37 21 46 48 31 
1 11
5 22 45 26 14 12 24 15 13 48 17 
17 11
45 43 20 32 42 30 23 8 46 1 48 
13 13
7 10 49 43 33 16 30 36 25 1 26 35 32 
15 15
37 25 30 43 36 5 20 40 31 28 48 27 41 1 0 
12 10
29 41 20 21 26 46 16 5 1 36 
36 12
44 8 19 13 38 14 40 15 29 9 42 12 
9 10
11 33 18 34 40 41 45 6 4 36 
29 9
12 38 2 18 14 40 23 30 36 
40 10
2 39 43 47 4 36 29 15 9 31 
35 10
10 14 5 31 21 11 13 8 16 38 
11 13
48 9 20 16 33 24 5 3 35 38 42 22 23 
48 8
42 3 1 11 24 15 31 17 
37 8
25 15 42 18 28 7 24 20 
20 10
43 12 17 6 11 24 37 15 46 44 
7 8
13 42 2 43 21 37 46 8 
8 18
6 31 39 35 47 25 30 36 7 17 44 45 49 2 27 42 14 34 
30 13
49 17 27 41 13 39 19 26 18 15 29 8 6 
27 11
47 26 30 18 3 16 8 46 31 28 15 
44 7
36 45 5 8 14 20 0 
45 11
1 25 23 28 17 9 26 16 44 8 49 
43 13
17 6 25 33 4 5 13 7 20 14 40 39 15 
5 12
1 11 42 12 43 41 33 44 15 35 26 25 
31 10
8 48 27 35 26 15 42 24 39 40 
28 9
16 21 37 27 18 15 45 2 26 
0 7
39 18 38 19 2 15 44 
26 13
42 12 13 45 34 27 31 28 38 25 30 1 5 
18 10
0 29 37 6 19 30 27 9 28 46 
23 8
39 29 6 17 45 42 3 11 
42 12
7 5 26 16 8 36 23 48 17 31 37 11 
39 9
0 33 8 40 43 23 22 30 31 
16 10
6 28 27 11 42 12 13 4 45 35 
10 8
35 21 47 4 13 41 3 25 
47 7
10 27 8 22 49 40 3 
46 8
25 12 7 24 17 27 20 18 
3 11
33 14 11 22 23 10 48 27 6 4 47 
6 12
8 16 25 32 43 20 9 18 3 23 30 19 
19 7
34 41 30 36 0 18 6 
21 7
32 12 10 35 28 7 24 
