20
3 11
1 10 2 19 8 11 4 6 13 12 14 
14 10
16 13 11 2 19 4 1 5 3 15 
12 10
7 17 9 11 15 0 10 16 5 3 
13 12
9 11 14 0 15 7 18 5 3 2 19 4 
6 9
19 8 7 9 1 5 3 0 15 
4 10
19 5 3 1 14 10 15 7 13 8 
16 9
14 7 15 10 2 1 5 12 8 
8 15
15 4 10 16 3 11 18 0 1 9 2 19 6 17 7 
5 15
2 16 1 9 17 10 13 15 14 19 6 12 4 18 11 
19 15
4 5 3 18 11 17 1 9 13 15 10 2 14 8 6 
2 14
14 5 18 9 0 10 19 17 7 15 13 3 16 8 
9 12
12 17 11 8 1 5 19 2 6 10 13 7 
10 15
4 15 12 8 5 11 18 0 9 1 16 3 2 19 7 
15 14
8 17 11 4 14 6 19 2 1 5 13 10 12 16 
1 15
5 4 8 3 16 15 10 0 9 7 17 14 19 6 18 
0 9
13 6 8 2 1 18 12 11 10 
17 10
12 18 5 1 9 11 8 19 2 15 
11 14
8 18 3 5 19 10 0 9 12 14 17 7 15 13 
7 11
11 16 8 12 4 10 6 2 13 1 9 
18 10
13 19 2 17 5 1 8 10 0 11 
