50
37 4
46 16 40 25 
25 8
35 41 5 27 4 6 24 37 
24 6
34 33 25 38 22 9 
9 3
29 26 24 
38 6
12 24 0 10 15 43 
43 6
27 33 29 7 11 38 
23 3
27 20 4 
4 8
11 15 44 7 48 25 36 23 
21 3
11 41 30 
30 6
17 44 16 29 22 21 
31 5
2 16 33 22 36 
36 3
4 22 31 
33 9
43 24 1 18 2 17 31 10 0 
0 5
38 29 10 33 14 
2 7
31 28 7 10 49 35 33 
1 10
33 8 26 45 3 5 6 32 48 17 
17 8
33 8 19 7 13 22 30 1 
32 1
1 
6 5
47 25 5 1 28 
18 3
19 33 8 
8 5
17 35 1 18 42 
48 7
35 27 49 47 4 1 5 
5 7
45 6 29 1 40 25 48 
26 4
46 1 15 9 
42 3
12 3 8 
35 9
48 25 39 20 44 8 2 10 11 
15 7
13 4 34 39 38 29 26 
28 5
2 47 10 29 6 
41 6
21 10 25 39 44 45 
45 3
5 1 41 
44 7
47 4 16 30 35 41 20 
40 7
13 37 12 16 29 5 49 
20 9
29 11 34 27 23 16 44 35 19 
19 7
11 18 17 39 14 20 34 
14 4
49 19 12 0 
49 5
46 48 2 14 40 
29 10
5 43 9 28 30 20 40 0 15 12 
12 6
42 38 47 14 40 29 
13 4
40 17 15 10 
10 11
22 28 33 47 0 38 2 35 41 13 3 
27 7
46 23 20 48 25 43 47 
47 8
44 46 6 10 12 48 28 27 
11 7
21 20 22 19 35 4 43 
46 7
27 26 37 49 47 39 16 
16 8
37 7 31 20 40 30 44 46 
3 3
1 42 10 
7 6
2 17 16 43 4 22 
22 9
10 11 24 31 17 36 30 7 39 
39 6
19 35 15 46 41 22 
34 4
24 15 20 19 
