50
5 1
15 
15 6
4 28 18 5 14 23 
33 4
38 34 11 26 
26 5
6 28 34 29 33 
38 2
33 24 
24 8
12 11 31 28 17 27 35 38 
48 4
27 29 10 25 
25 4
20 22 31 48 
43 4
29 7 9 1 
1 3
13 28 43 
9 4
23 2 19 43 
16 5
14 23 22 30 32 
32 6
36 0 31 8 16 47 
47 2
12 32 
10 3
35 48 31 
31 6
24 11 44 25 32 10 
7 3
43 13 37 
37 5
28 36 22 13 7 
19 2
13 9 
22 4
25 16 11 37 
20 4
25 0 3 35 
35 4
8 10 24 20 
23 5
16 15 39 9 2 
2 3
27 9 23 
29 7
43 48 46 39 40 13 26 
8 2
35 32 
3 3
41 20 36 
36 6
32 37 41 34 40 3 
6 2
26 13 
13 8
1 37 19 7 28 29 34 6 
45 3
30 39 21 
21 3
27 46 45 
30 4
45 16 46 42 
42 2
28 30 
27 5
2 48 44 21 24 
40 2
29 36 
0 4
20 49 32 44 
44 5
28 27 31 41 0 
17 1
24 
41 4
3 44 49 36 
49 4
11 0 46 41 
28 9
44 26 1 39 24 37 42 15 13 
46 5
30 29 49 11 21 
11 6
49 22 24 33 46 31 
34 4
36 26 33 13 
14 3
16 15 12 
12 3
47 24 14 
18 2
15 4 
4 2
15 18 
39 4
29 45 28 23 
