50
8 4
47 4 15 35 
35 7
17 27 2 45 37 23 8 
15 7
3 5 38 48 17 8 19 
4 15
0 39 8 16 37 24 11 28 19 2 47 40 13 41 42 
47 5
8 25 1 4 23 
13 5
31 45 12 4 16 
16 8
4 18 3 1 13 38 21 44 
12 8
34 30 23 21 43 32 26 13 
45 10
24 13 7 1 3 10 42 36 35 34 
31 3
13 22 32 
32 9
44 46 12 30 36 27 31 26 24 
22 5
36 43 20 31 42 
42 10
21 37 34 45 28 27 6 7 4 22 
20 3
39 22 29 
43 8
28 49 38 12 46 22 3 14 
36 6
22 23 0 5 32 45 
23 6
14 35 29 12 47 36 
1 7
47 5 38 45 2 39 16 
25 4
47 29 0 33 
44 4
32 5 49 16 
21 4
12 42 46 16 
38 7
19 33 16 43 29 15 1 
3 4
15 43 16 45 
18 4
39 16 5 37 
37 6
4 35 41 46 42 18 
5 7
15 36 44 46 1 18 6 
39 4
20 18 1 4 
29 8
9 28 38 25 26 23 34 20 
24 7
45 27 33 4 14 34 32 
34 5
12 42 45 24 29 
14 5
23 24 49 43 33 
33 8
38 25 49 11 24 27 40 14 
27 6
26 35 24 32 42 33 
11 6
7 33 26 4 48 10 
10 5
9 17 45 19 11 
48 4
19 15 7 11 
26 7
27 9 12 11 32 29 49 
7 4
11 48 42 45 
49 7
43 19 26 2 14 33 44 
9 6
40 29 10 46 28 26 
30 4
12 32 40 28 
46 8
43 5 28 9 21 37 32 6 
41 4
4 17 37 6 
40 4
9 30 4 33 
28 8
6 46 42 43 4 9 29 30 
19 7
38 48 4 49 10 0 15 
0 4
36 25 4 19 
2 4
35 1 4 49 
6 5
28 42 46 5 41 
17 4
35 41 15 10 
