50
18 6
43 11 45 33 16 9 
9 8
34 20 17 8 45 30 13 18 
16 11
29 25 33 17 45 6 20 34 7 18 4 
33 11
22 19 35 18 16 8 47 49 42 28 6 
45 8
13 16 18 3 48 9 47 34 
11 7
30 18 6 32 15 46 44 
19 6
5 48 33 35 12 32 
32 11
48 22 26 35 19 39 0 42 11 38 4 
12 8
21 20 35 19 26 31 6 38 
35 10
12 29 13 32 19 26 38 40 33 43 
15 7
27 28 23 49 47 4 11 
4 8
47 17 26 2 15 1 32 16 
47 6
15 4 45 33 8 46 
23 5
38 0 15 44 1 
28 6
43 41 34 33 15 17 
27 5
36 15 10 37 40 
6 7
40 11 16 44 33 48 12 
42 6
17 32 33 0 13 25 
49 8
31 15 26 25 34 43 33 8 
8 6
1 9 17 47 49 33 
48 8
40 22 32 6 19 45 10 46 
46 9
11 2 17 48 22 36 3 20 47 
10 6
13 22 48 27 21 0 
31 6
49 2 37 7 12 1 
1 6
8 4 13 23 22 31 
7 6
36 31 41 16 5 0 
21 4
12 30 10 0 
0 8
23 36 32 42 7 29 10 21 
30 6
44 11 21 24 41 9 
44 9
37 11 3 6 20 14 41 30 23 
2 4
46 4 31 17 
26 7
32 36 3 12 49 4 35 
17 12
38 42 4 46 8 16 14 34 9 28 37 2 
20 10
9 39 22 12 44 16 46 38 25 41 
41 6
28 30 7 39 20 44 
25 6
49 5 16 39 20 42 
38 8
17 23 37 35 20 12 32 5 
22 9
33 46 48 32 10 20 34 36 1 
5 4
19 25 38 7 
37 6
38 44 31 27 17 24 
14 6
13 43 17 44 36 24 
3 5
44 46 26 45 39 
39 5
20 41 25 32 3 
36 9
27 26 7 13 22 46 0 14 40 
34 8
16 43 49 9 28 17 22 45 
29 3
16 35 0 
40 5
6 35 36 48 27 
43 7
28 18 24 34 14 49 35 
24 4
43 37 14 30 
13 8
10 14 35 45 36 42 9 1 
