50
14 13
18 39 0 10 41 11 12 6 43 49 27 31 28 
28 11
2 36 11 6 32 3 39 14 17 41 16 
49 15
41 12 39 14 37 24 30 1 22 43 36 17 31 3 16 
6 13
32 9 17 28 33 14 39 45 22 30 23 0 47 
34 8
45 16 24 29 47 48 39 1 
1 12
27 44 46 2 18 43 4 49 23 37 20 34 
39 13
37 10 49 41 2 32 6 28 17 9 14 34 36 
48 21
23 47 10 41 2 3 31 0 9 20 34 15 40 13 30 33 11 37 4 36 43 
31 11
11 44 30 35 25 49 14 20 17 9 48 
20 12
1 18 43 40 30 15 38 7 44 16 48 31 
16 14
32 20 40 34 27 28 17 8 38 23 19 49 18 11 
44 15
31 5 24 17 1 0 45 19 21 20 15 29 40 32 30 
38 11
11 27 20 12 43 35 33 16 46 23 22 
22 9
41 15 32 6 49 47 17 36 38 
46 8
29 1 43 45 42 36 27 38 
35 11
18 13 40 45 37 11 31 9 12 32 38 
43 14
49 33 46 38 19 1 10 41 24 48 18 11 20 14 
12 13
9 27 3 24 14 38 13 42 33 35 45 26 49 
10 14
43 4 17 33 45 13 39 26 14 48 18 11 25 32 
33 10
13 40 6 48 10 12 11 38 25 43 
19 11
11 7 3 18 16 44 25 2 43 30 23 
18 14
20 21 10 16 4 25 30 43 36 19 35 1 9 14 
3 12
19 37 21 12 0 27 28 48 47 4 49 7 
0 10
14 7 3 6 17 9 48 36 23 44 
9 15
12 27 41 39 31 45 0 13 15 29 35 47 6 48 18 
13 12
7 33 12 42 10 9 48 40 11 37 35 2 
30 11
19 23 20 18 44 6 31 48 47 49 21 
11 18
19 43 31 38 33 16 35 21 24 48 28 13 29 42 27 10 14 32 
37 12
21 25 48 49 47 35 32 3 1 13 39 40 
4 10
18 3 1 15 10 26 45 42 48 7 
32 14
29 35 2 26 37 11 21 39 28 10 22 44 16 6 
26 9
21 4 32 5 45 42 12 10 15 
15 10
4 20 22 8 44 7 45 26 48 9 
42 13
5 23 36 40 45 26 13 4 12 46 11 21 24 
24 10
11 34 43 49 41 7 2 44 12 42 
2 13
32 28 48 21 24 40 39 1 5 19 8 13 29 
25 8
37 40 27 31 19 10 18 33 
40 12
20 25 48 42 2 35 36 16 33 44 13 37 
21 11
26 2 32 29 37 11 44 42 3 18 30 
23 12
36 30 42 38 5 1 6 16 0 19 48 27 
41 13
22 24 49 43 29 14 39 45 5 17 48 28 9 
47 11
3 5 45 34 7 48 9 30 22 37 6 
36 12
18 42 28 48 27 0 49 46 23 22 40 39 
17 15
31 16 49 39 44 8 29 0 22 5 28 7 10 41 6 
7 10
19 13 24 17 20 0 15 47 4 3 
45 14
12 15 4 6 44 46 42 10 41 47 35 26 9 34 
8 6
5 27 17 15 2 16 
29 11
32 34 27 17 9 41 21 11 46 44 2 
27 14
23 36 46 11 12 8 38 25 9 1 16 3 29 14 
5 9
42 47 23 17 41 26 2 8 44 
