50
15 8
1 45 19 26 46 41 13 49 
49 12
3 18 26 29 15 28 48 9 8 44 46 4 
13 9
25 35 45 7 47 4 43 10 15 
41 12
16 35 1 5 29 15 34 40 20 22 17 6 
42 9
37 39 14 7 3 22 30 16 32 
32 7
19 3 48 39 44 16 42 
16 10
41 32 21 11 19 4 1 18 31 42 
30 16
36 23 31 21 11 12 9 42 27 37 26 14 38 25 28 7 
22 10
41 39 6 17 31 21 42 35 2 26 
3 11
14 38 25 32 36 49 46 44 42 1 18 
4 9
35 5 23 14 13 44 8 16 49 
46 10
12 7 29 15 17 3 49 8 44 33 
9 10
2 39 40 44 24 48 31 49 23 30 
26 11
25 6 24 28 15 2 14 49 36 30 22 
18 9
17 29 21 24 16 19 25 49 3 
20 8
23 36 34 0 33 7 41 25 
25 14
26 20 34 18 3 17 28 31 10 33 8 19 13 30 
21 13
31 27 18 16 0 29 7 47 43 36 30 22 19 
31 11
7 25 1 9 16 44 30 22 19 21 11 
6 8
45 26 37 43 27 10 22 41 
39 15
43 47 40 32 33 7 17 11 48 42 10 27 22 9 19 
17 13
18 22 23 45 34 39 24 10 29 25 38 46 41 
2 6
9 29 22 26 12 8 
8 13
46 5 38 25 23 37 49 47 4 35 2 14 40 
12 7
38 46 29 19 2 45 30 
44 10
14 32 49 4 46 0 3 28 9 31 
0 10
21 11 47 28 45 36 44 5 20 34 
45 9
6 27 28 17 13 15 0 37 12 
33 7
1 25 39 20 36 46 48 
19 15
12 15 21 37 24 31 27 35 18 16 38 39 36 25 32 
7 10
1 30 46 31 28 42 13 21 20 39 
47 8
21 13 8 35 29 0 39 1 
10 9
13 5 1 24 37 25 6 17 39 
11 10
30 36 0 38 16 31 27 40 14 39 
40 7
43 11 41 9 36 39 8 
27 11
6 35 45 19 23 30 21 11 34 39 14 
37 9
6 42 10 30 8 19 45 5 38 
35 10
34 27 4 47 13 41 19 8 22 23 
29 10
18 2 14 41 12 46 49 47 21 17 
43 7
5 6 40 39 34 21 13 
38 9
12 30 8 19 3 5 11 37 17 
5 10
28 43 4 8 14 38 41 37 10 0 
48 7
9 39 34 32 49 36 33 
36 13
30 26 19 3 20 40 48 28 33 0 21 11 24 
1 10
23 3 7 41 15 10 33 16 31 47 
14 11
44 8 30 29 42 11 4 26 3 5 27 
28 11
44 49 45 26 5 7 25 24 0 30 36 
23 9
30 20 1 4 17 27 9 8 35 
24 8
10 26 19 18 17 28 9 36 
34 9
35 41 20 25 17 27 48 43 0 
