30
12 4
8 5 11 2 
2 6
5 14 0 29 24 12 
11 7
24 8 12 19 27 13 15 
5 9
12 3 21 16 4 29 2 26 14 
1 7
18 6 19 29 0 8 21 
21 9
25 17 4 24 0 5 18 1 26 
8 10
12 6 18 1 3 14 16 0 24 11 
0 11
8 17 28 21 23 22 6 2 3 1 13 
29 5
13 4 1 5 2 
19 7
20 17 22 1 18 11 16 
6 5
8 0 10 1 7 
18 5
1 9 8 21 19 
9 3
18 27 13 
13 8
28 9 16 29 15 10 0 11 
27 5
20 26 17 9 11 
22 6
16 0 7 19 14 17 
17 6
19 21 0 27 28 22 
14 7
2 23 22 8 25 5 7 
7 4
28 22 14 6 
16 7
22 13 8 5 20 19 24 
25 4
21 4 14 20 
23 4
0 14 20 3 
26 4
27 3 5 21 
3 6
5 26 24 0 23 8 
24 8
3 11 21 8 16 2 10 20 
20 6
19 27 16 24 23 25 
10 3
13 6 24 
4 6
21 5 15 29 25 28 
15 3
13 4 11 
28 5
7 13 17 0 4 
