50
33 5
2 12 5 44 38 
38 8
27 6 10 47 49 40 12 33 
44 10
21 18 34 35 2 33 42 25 27 9 
24 4
21 22 41 4 
4 9
29 13 17 47 8 16 24 20 14 
41 7
24 11 15 29 0 6 46 
8 8
30 37 4 32 2 19 17 15 
15 6
12 32 11 41 13 8 
17 11
40 25 4 43 5 18 3 37 28 27 8 
19 6
14 49 3 46 8 26 
2 10
26 33 8 44 32 42 3 34 14 40 
21 11
42 24 11 32 18 1 3 44 16 43 40 
40 10
18 22 17 9 39 38 13 26 2 21 
43 8
21 17 31 12 3 29 10 35 
23 3
34 13 6 
6 7
38 5 41 7 16 23 0 
13 8
4 15 23 22 40 12 32 31 
12 11
15 33 37 14 47 49 43 13 3 30 38 
49 9
37 10 19 39 34 42 12 25 38 
47 10
14 22 12 42 27 48 4 38 35 26 
3 13
32 21 20 19 2 22 17 28 16 43 12 1 29 
42 12
7 49 47 20 44 26 2 11 21 37 28 36 
32 10
31 3 11 21 15 8 13 7 35 2 
25 9
36 49 10 44 18 11 17 31 48 
48 7
16 39 22 47 0 9 25 
31 5
32 16 43 25 13 
11 10
42 32 15 1 34 14 21 37 25 41 
18 8
44 21 37 40 34 1 17 25 
10 10
27 37 20 1 38 25 45 26 49 43 
37 13
49 10 18 5 17 9 11 12 42 8 46 34 39 
39 7
49 48 7 34 40 36 37 
46 8
19 20 30 36 1 41 37 28 
9 7
1 40 7 48 37 16 44 
26 9
40 30 5 10 42 45 2 19 47 
45 7
34 22 26 35 1 10 28 
7 6
16 42 39 9 6 32 
14 7
35 2 19 12 11 47 4 
20 6
46 10 3 22 42 4 
16 11
7 9 48 31 21 1 3 34 22 6 4 
22 10
45 24 47 40 20 48 27 3 13 16 
27 6
38 10 47 44 22 17 
30 4
46 8 26 12 
35 6
14 32 45 44 47 43 
36 5
25 46 42 5 39 
28 6
17 1 3 46 45 42 
0 4
48 34 41 6 
34 11
23 45 2 49 37 11 18 39 0 44 16 
1 10
45 21 11 10 9 28 16 46 18 3 
29 5
4 43 41 5 3 
5 7
17 6 33 37 29 26 36 
