20
10 7
13 15 4 1 5 3 12 
12 8
14 16 6 17 4 13 0 10 
7 6
17 4 11 13 5 8 
8 7
19 16 9 13 7 14 1 
17 10
14 19 7 4 6 12 15 16 5 18 
18 7
5 19 16 13 0 9 17 
13 9
10 7 5 3 18 2 8 16 12 
3 8
11 13 0 10 5 16 19 2 
2 10
19 14 9 6 11 13 4 15 1 3 
16 9
4 8 12 17 5 18 1 3 13 
15 3
10 17 2 
4 9
17 16 7 6 11 10 12 19 2 
11 7
14 9 3 4 6 7 2 
6 8
4 11 17 9 12 2 1 5 
9 8
11 6 14 8 2 19 1 18 
19 10
2 4 8 3 1 18 5 17 9 0 
0 6
14 12 3 5 18 19 
5 11
16 17 0 10 18 1 3 19 13 7 6 
1 9
14 10 5 9 19 2 6 16 8 
14 8
1 11 2 12 17 9 0 8 
