30
16 4
4 21 9 22 
22 9
29 4 21 9 20 19 26 8 16 
18 10
1 24 11 2 27 0 8 14 13 7 
7 6
12 27 25 10 19 18 
11 12
1 18 2 4 29 15 10 28 17 12 13 20 
20 5
28 26 22 21 11 
15 8
25 13 11 21 8 5 27 17 
17 7
11 8 19 15 13 23 3 
13 5
18 15 8 11 17 
29 7
11 4 8 22 0 5 1 
1 7
2 4 11 18 5 12 29 
0 9
14 2 18 23 4 25 9 10 29 
9 8
21 6 16 8 25 2 22 0 
26 5
2 4 20 10 22 
21 13
3 12 20 15 4 9 28 6 22 19 2 16 8 
4 14
16 19 26 2 23 21 11 29 25 22 0 1 10 27 
19 7
23 22 21 4 7 17 6 
6 7
9 3 21 2 19 25 10 
3 8
5 10 24 21 6 25 28 17 
23 7
8 4 14 19 0 17 5 
28 6
27 20 11 21 3 2 
2 13
14 26 4 1 18 6 0 12 11 21 24 9 28 
25 10
14 24 4 7 3 15 0 9 27 6 
24 6
3 18 25 14 27 2 
8 11
29 15 23 22 18 13 9 17 21 12 14 
14 8
2 25 0 23 24 12 18 8 
12 7
7 14 2 21 11 1 8 
5 6
3 1 29 15 23 27 
27 8
4 15 24 7 28 25 18 5 
10 7
4 0 3 7 11 26 6 
