30
12 6
20 8 5 24 11 2 
2 7
26 5 14 0 29 24 12 
11 7
24 8 12 19 27 13 15 
5 10
12 3 24 21 16 4 29 2 26 14 
1 8
13 18 6 19 29 0 8 21 
21 9
25 17 4 24 0 5 18 1 26 
8 11
22 12 6 18 1 3 14 16 0 24 11 
0 11
8 17 28 21 23 22 6 2 3 1 13 
29 5
13 4 1 5 2 
19 8
20 9 17 22 1 18 11 16 
6 6
8 0 10 1 13 7 
18 5
1 9 8 21 19 
9 4
19 18 27 13 
13 13
6 4 1 25 23 28 9 16 29 15 10 0 11 
27 5
20 26 17 9 11 
22 7
8 16 0 7 19 14 17 
17 6
19 21 0 27 28 22 
14 7
2 23 22 8 25 5 7 
7 5
24 28 22 14 6 
16 9
28 23 22 13 8 5 20 19 24 
25 5
13 21 4 14 20 
23 6
16 13 0 14 20 3 
26 5
2 27 3 5 21 
3 6
5 26 24 0 23 8 
24 11
12 7 5 3 11 21 8 16 2 10 20 
20 8
4 12 19 27 16 24 23 25 
10 3
13 6 24 
4 8
13 20 21 5 15 29 25 28 
15 3
13 4 11 
28 6
16 7 13 17 0 4 
