50
38 3
39 41 46 
46 3
33 5 38 
41 8
45 2 1 25 38 24 49 6 
39 5
34 38 21 23 45 
10 3
11 25 29 
29 3
45 9 10 
25 5
10 47 41 44 18 
11 5
26 10 37 31 9 
7 3
21 9 43 
43 3
44 7 17 
9 5
16 13 7 11 29 
21 5
7 39 19 30 48 
5 4
28 46 2 26 
26 6
11 8 33 5 35 22 
2 4
5 32 41 4 
28 3
5 30 16 
16 2
9 28 
30 8
36 18 21 24 20 34 28 32 
6 3
19 41 40 
49 6
27 48 41 20 14 37 
24 5
30 13 41 44 48 
1 2
41 20 
45 4
29 42 41 39 
36 4
3 18 8 30 
8 5
35 26 15 36 23 
18 4
37 30 36 25 
3 3
0 36 33 
20 6
0 49 23 30 1 12 
4 5
44 23 2 0 27 
32 3
22 30 2 
44 6
14 43 4 24 13 25 
47 2
25 13 
37 5
18 49 42 13 11 
13 5
9 24 37 44 47 
42 3
23 45 37 
23 6
42 20 39 8 15 4 
15 3
27 8 23 
48 4
35 49 21 24 
19 4
6 12 21 40 
27 3
49 4 15 
22 3
17 32 26 
17 2
22 43 
12 3
40 20 19 
0 3
20 3 4 
35 3
48 8 26 
31 2
40 11 
40 4
31 12 6 19 
14 2
44 49 
34 2
39 30 
33 3
46 26 3 
