30
29 10
10 7 13 1 8 28 17 12 20 26 
26 11
2 17 12 23 18 5 3 0 29 13 7 
20 14
14 2 19 24 17 27 29 0 1 5 18 4 23 25 
12 9
6 4 8 29 3 1 18 26 19 
15 10
22 16 11 25 9 28 18 3 1 5 
5 7
18 26 9 13 20 0 15 
1 14
7 12 3 20 14 6 19 25 15 29 13 0 9 22 
28 8
21 6 29 15 16 17 27 2 
13 8
29 1 5 3 16 8 2 26 
8 7
29 12 6 27 16 7 13 
16 14
25 14 17 28 21 11 2 8 10 22 0 13 15 4 
3 8
12 23 13 26 1 10 15 0 
2 9
10 26 22 11 13 16 20 27 28 
27 11
18 22 25 8 7 14 20 2 19 28 6 
6 12
12 14 8 25 19 28 27 18 1 24 11 23 
9 7
15 19 14 1 5 17 4 
4 12
19 25 12 0 18 16 23 22 20 21 17 9 
17 12
24 16 18 4 26 10 29 28 9 7 20 14 
22 10
15 1 27 25 2 24 21 11 16 4 
11 8
16 15 19 2 22 24 18 6 
19 12
4 0 11 14 20 23 6 25 1 9 27 12 
25 13
4 14 20 27 6 7 22 23 15 19 18 1 16 
14 11
19 20 25 6 1 21 27 9 17 16 10 
7 9
29 21 8 25 1 18 17 27 26 
0 9
10 4 16 19 26 20 5 1 3 
24 7
17 22 23 6 10 11 20 
10 10
0 29 17 2 23 18 3 16 24 14 
18 13
26 5 27 17 10 15 25 20 4 6 11 7 12 
23 9
10 24 20 3 19 26 25 4 6 
21 6
28 7 22 14 16 4 
