50
7 9
48 14 0 36 30 37 45 12 46 
46 9
37 39 16 33 36 26 19 15 7 
12 16
47 8 19 2 40 15 29 11 25 36 10 27 7 17 16 3 
45 7
8 47 48 7 29 30 24 
10 8
20 31 44 12 18 26 36 24 
24 18
26 28 17 0 23 31 13 29 10 16 3 18 4 45 49 2 30 32 
36 11
18 41 7 42 12 34 44 46 8 10 2 
26 14
1 6 14 40 34 27 10 42 16 46 30 25 24 31 
18 11
36 38 5 27 24 39 10 29 15 8 44 
44 8
48 25 43 4 36 10 0 18 
15 9
30 6 1 18 5 12 19 16 46 
29 7
30 48 45 12 5 18 24 
39 10
20 19 46 22 32 37 4 3 18 0 
5 15
18 42 27 37 47 4 15 29 0 34 8 16 33 2 25 
48 11
44 29 0 32 7 13 17 45 35 34 40 
40 11
20 12 38 32 30 3 37 27 48 26 41 
35 7
25 3 43 19 48 31 11 
17 11
12 11 24 49 4 48 38 22 2 1 3 
13 9
2 19 33 31 48 24 42 34 30 
32 9
48 40 14 39 38 24 11 30 41 
0 15
22 9 39 34 5 23 2 44 3 16 8 33 48 24 7 
19 12
49 35 2 13 23 46 15 39 20 12 27 9 
11 9
16 14 12 31 17 27 25 35 32 
43 8
44 1 35 27 31 21 14 34 
34 11
36 5 26 2 20 48 31 13 0 33 43 
14 9
42 7 38 32 2 26 43 11 21 
21 6
37 2 43 4 14 28 
31 11
9 13 10 4 49 43 34 11 24 26 35 
27 11
33 42 12 26 19 43 40 11 18 5 38 
9 7
0 41 31 3 23 4 19 
4 11
5 44 33 39 24 21 31 17 28 9 38 
23 7
25 9 19 16 33 0 24 
3 10
1 12 35 20 39 40 9 17 0 24 
37 11
42 7 21 46 8 16 39 40 49 5 38 
22 8
0 49 30 42 20 39 17 8 
25 9
23 5 35 26 12 49 11 44 8 
16 12
28 12 46 5 26 23 11 37 24 15 0 47 
49 9
22 6 19 25 41 17 31 37 24 
2 11
13 12 5 21 24 0 14 34 36 19 17 
47 6
12 45 38 33 16 5 
8 14
45 38 36 25 30 33 37 5 18 22 0 42 12 28 
41 7
36 38 9 1 49 32 40 
38 11
18 8 41 40 14 47 4 32 17 27 37 
42 9
27 5 37 14 8 36 22 26 13 
33 12
27 5 0 6 47 4 8 46 13 23 30 34 
30 14
26 45 6 32 33 8 7 28 22 29 13 15 40 24 
6 6
49 33 30 15 28 26 
1 8
3 43 41 20 17 28 15 26 
20 8
22 10 3 1 40 39 34 19 
28 8
16 8 30 1 4 6 24 21 
