30
29 6
4 25 18 2 0 10 
10 12
27 5 12 13 7 2 19 14 6 11 29 23 
2 13
19 18 11 21 24 20 27 9 28 17 10 29 22 
13 7
17 10 23 22 7 5 1 
1 12
15 26 19 9 17 20 13 24 21 6 18 3 
15 6
25 19 1 23 28 6 
6 11
19 8 21 23 22 7 5 1 9 10 15 
16 4
0 19 27 17 
17 9
0 21 4 1 13 7 26 2 16 
3 10
12 26 8 24 21 9 14 7 1 4 
4 6
29 26 3 9 17 27 
9 8
4 24 26 2 25 1 3 6 
19 9
6 21 16 15 10 1 2 26 7 
7 15
23 5 20 3 10 27 17 28 19 6 25 24 13 0 22 
20 10
24 12 1 18 5 2 14 7 27 28 
28 4
7 15 2 20 
14 4
27 10 3 20 
5 7
6 10 7 13 20 8 11 
18 8
1 24 23 25 2 29 20 12 
21 10
22 8 19 2 27 17 6 12 3 1 
22 7
13 7 6 26 2 21 24 
24 11
1 18 3 12 9 20 7 2 0 22 25 
0 6
29 16 17 24 7 26 
26 9
9 17 25 1 3 22 4 19 0 
25 7
26 7 15 29 18 9 24 
11 4
2 8 10 5 
8 5
6 21 11 3 5 
12 6
10 24 21 20 3 18 
23 6
13 7 6 18 15 10 
27 8
2 10 21 16 20 14 7 4 
