30
4 6
20 28 16 3 1 5 
5 8
22 23 26 10 1 3 25 4 
19 8
26 14 3 1 22 10 0 29 
29 12
12 17 28 25 3 14 21 2 26 19 0 22 
1 7
5 16 4 19 20 14 25 
25 11
26 22 23 29 10 7 13 9 1 18 5 
9 8
7 24 2 25 3 15 14 20 
20 10
4 18 1 6 11 24 7 9 22 23 
15 5
12 7 8 21 9 
3 9
4 8 19 18 5 29 0 9 27 
22 10
16 5 20 25 6 23 13 19 0 29 
0 7
21 22 7 13 19 3 29 
21 8
28 17 7 0 10 15 29 14 
13 6
11 26 28 22 0 25 
6 7
22 23 20 12 10 17 27 
27 5
10 2 3 11 6 
16 7
22 11 1 8 10 4 28 
28 10
26 29 18 21 4 23 13 7 12 16 
18 9
23 20 10 28 24 7 3 25 2 
2 7
7 14 9 27 18 29 10 
11 6
20 16 13 7 23 27 
12 6
24 6 29 15 10 28 
7 11
2 18 0 15 8 20 11 21 9 28 25 
17 6
29 14 6 8 24 21 
23 9
18 5 26 22 6 25 11 28 20 
10 11
27 18 5 6 25 21 16 12 19 2 26 
26 10
28 25 13 5 23 19 14 29 10 24 
14 9
17 9 2 26 19 29 1 21 8 
8 6
3 16 17 7 15 14 
24 6
18 12 9 17 20 26 
