50
13 1
12 
12 5
23 43 32 26 13 
47 1
4 
4 2
2 47 
16 3
44 6 3 
3 2
43 16 
31 1
22 
22 3
43 20 31 
24 1
34 
34 2
45 24 
11 1
26 
26 3
49 12 11 
39 1
1 
1 4
37 38 2 39 
20 1
22 
17 1
15 
15 4
38 48 17 8 
40 3
46 49 30 
30 2
32 40 
0 1
25 
25 2
29 0 
8 1
15 
33 1
27 
27 3
32 42 33 
18 1
5 
5 2
46 18 
48 2
15 7 
7 2
32 48 
43 6
49 38 12 46 22 3 
37 3
1 35 41 
41 2
28 37 
35 3
45 37 23 
32 5
7 12 30 36 27 
36 2
32 45 
10 1
19 
19 2
49 10 
29 2
38 25 
38 4
43 29 15 1 
9 3
14 46 28 
28 2
41 9 
46 5
40 43 5 9 21 
21 2
49 46 
49 7
21 43 26 19 40 14 44 
2 2
1 4 
45 3
36 35 34 
42 2
27 6 
6 2
16 42 
44 2
16 49 
14 2
9 49 
23 2
12 35 
