50
25 2
42 23 
23 7
39 20 29 46 3 25 4 
42 5
19 25 15 27 48 
2 4
21 45 41 17 
17 3
16 4 2 
41 7
45 2 7 14 40 12 36 
45 8
46 2 41 7 0 15 27 37 
21 4
22 26 2 34 
34 5
18 33 8 10 21 
26 2
21 24 
4 8
6 17 9 20 23 22 38 47 
3 7
35 27 13 7 23 1 15 
46 6
24 23 20 27 45 19 
36 3
48 40 41 
12 7
29 41 18 27 44 16 43 
40 3
36 47 41 
14 4
35 19 41 24 
7 5
8 32 3 41 45 
28 3
48 33 10 
10 5
33 18 39 34 28 
33 6
34 10 0 28 27 44 
9 4
1 47 4 20 
20 6
23 30 4 11 46 9 
47 9
43 4 18 29 22 40 35 9 27 
1 4
44 19 9 3 
8 4
7 34 15 43 
24 5
6 46 14 0 26 
19 6
48 42 1 39 14 46 
35 6
3 5 14 37 47 31 
0 5
39 45 27 24 33 
27 11
13 32 3 29 0 45 33 46 47 42 12 
38 2
11 4 
22 4
47 4 21 11 
6 7
48 15 44 4 24 37 39 
5 5
35 15 18 13 32 
32 3
7 27 5 
13 3
27 3 5 
18 6
44 34 47 12 5 10 
15 9
6 39 49 8 5 3 42 45 48 
43 4
47 12 30 8 
48 6
6 28 19 36 15 42 
49 3
15 29 39 
39 8
23 19 0 10 15 6 49 31 
29 6
27 23 16 12 47 49 
30 2
20 43 
37 3
35 45 6 
44 5
12 1 18 6 33 
11 4
38 31 20 22 
16 3
17 29 12 
31 3
11 39 35 
