50
20 1
0 
0 7
13 1 31 2 29 15 20 
15 5
21 5 18 47 0 
38 4
14 46 19 45 
45 4
42 14 46 38 
46 4
45 17 28 38 
44 3
48 21 23 
23 3
40 30 44 
12 2
11 19 
19 3
38 22 12 
5 3
15 33 26 
26 5
14 36 42 2 5 
34 1
25 
25 6
37 31 35 33 47 34 
14 4
45 26 38 36 
36 3
26 37 14 
48 3
1 44 32 
32 4
3 35 2 48 
18 4
41 15 6 30 
30 3
2 18 23 
21 4
15 44 42 27 
27 3
35 1 21 
31 4
22 25 0 3 
3 6
42 1 24 32 28 31 
35 8
13 47 10 28 27 25 32 6 
6 8
13 49 18 1 28 37 16 35 
1 8
6 3 48 9 27 0 10 41 
29 3
28 22 0 
22 4
31 49 29 19 
28 8
41 35 3 39 6 29 46 47 
13 4
35 6 0 10 
10 6
42 35 37 11 1 13 
39 3
24 28 16 
16 2
6 39 
11 3
10 12 42 
42 8
10 3 45 26 49 21 11 33 
24 3
39 3 17 
17 3
46 8 24 
9 2
47 1 
40 2
23 8 
8 5
7 17 33 43 40 
41 4
28 18 1 7 
7 2
8 41 
47 5
35 15 9 28 25 
2 5
33 0 32 26 30 
37 4
25 10 6 36 
49 4
22 6 42 4 
33 5
2 5 25 42 8 
4 1
49 
43 1
8 
