20
12 6
9 18 11 10 7 8 
8 8
7 13 16 2 9 14 12 10 
7 5
15 8 14 12 17 
10 12
2 12 1 3 18 15 9 14 11 16 8 4 
14 14
11 5 16 8 17 7 13 15 1 9 0 10 19 6 
5 7
13 9 0 15 16 14 6 
1 7
18 2 4 9 14 10 0 
17 7
4 16 0 15 2 14 7 
16 7
10 19 17 9 5 8 14 
13 7
0 5 3 8 2 14 9 
15 12
7 17 9 19 2 18 5 3 4 0 10 14 
0 10
13 17 9 15 14 2 4 5 1 11 
19 7
16 11 14 15 3 18 2 
6 3
14 9 5 
9 11
12 14 0 15 10 16 8 5 1 6 13 
2 10
13 10 0 15 1 3 18 17 8 19 
18 8
11 12 15 10 2 19 1 3 
11 6
18 14 12 19 10 0 
4 6
17 3 1 15 0 10 
3 7
13 4 10 15 19 2 18 
