30
8 3
25 18 26 
26 9
11 5 3 19 2 7 4 14 8 
18 5
28 9 7 5 8 
25 6
8 12 5 27 4 7 
27 6
23 25 4 13 1 19 
19 3
26 11 27 
1 8
16 22 15 0 9 17 27 11 
13 7
24 21 16 10 7 27 28 
4 9
6 28 27 9 26 24 25 20 29 
23 5
27 22 11 6 3 
22 7
23 14 20 2 1 3 28 
28 6
18 14 4 13 10 22 
3 5
6 22 23 26 5 
2 8
26 17 22 12 0 10 16 7 
20 3
22 16 4 
14 7
22 16 28 0 10 26 6 
9 5
1 18 21 16 4 
16 9
13 7 9 20 14 1 2 29 15 
21 4
9 5 7 13 
11 6
5 1 24 26 19 23 
17 3
2 1 24 
0 4
2 14 12 1 
15 5
29 12 1 24 16 
10 5
13 7 2 14 28 
7 11
6 10 21 16 18 5 13 26 2 25 12 
12 5
25 2 15 0 7 
5 7
26 7 18 3 21 11 25 
6 5
4 3 7 23 14 
24 5
13 11 4 15 17 
29 3
15 16 4 
