50
7 6
36 30 37 45 12 46 
46 8
39 16 33 36 26 19 15 7 
12 11
16 17 27 36 25 11 10 29 15 7 19 
45 5
48 7 29 30 24 
10 8
20 31 44 12 18 26 36 24 
24 15
17 0 23 31 13 29 10 16 3 18 4 45 49 2 32 
36 9
7 42 12 34 44 46 8 10 2 
26 10
25 46 16 30 42 40 14 6 10 1 
18 8
27 24 39 10 29 15 8 44 
44 7
48 25 4 36 10 0 18 
15 8
30 6 1 18 5 12 19 46 
29 6
48 45 12 5 18 24 
39 8
46 22 32 37 4 3 18 0 
5 11
33 16 8 34 0 29 15 4 47 37 27 
48 10
44 29 0 32 13 17 45 35 34 40 
40 8
32 30 3 37 27 48 26 41 
35 6
3 43 19 48 31 11 
17 9
12 11 24 4 48 38 22 2 3 
13 8
19 33 31 48 24 42 34 30 
32 9
48 40 14 39 38 24 11 30 41 
0 12
24 48 33 8 16 44 2 23 5 3 34 39 
19 11
49 35 2 13 23 46 15 20 12 27 9 
11 8
16 14 12 17 27 25 35 32 
43 7
1 35 27 31 21 14 34 
34 10
36 5 2 20 48 31 13 0 33 43 
14 7
38 32 2 26 43 11 21 
21 6
37 2 43 4 14 28 
31 8
9 13 10 49 43 34 24 35 
27 9
33 12 19 43 40 11 18 5 38 
9 6
41 31 3 23 4 19 
4 10
5 44 33 39 24 21 17 28 9 38 
23 6
9 19 16 33 0 24 
3 8
35 20 39 40 9 17 0 24 
37 9
7 21 8 16 39 40 49 5 38 
22 6
30 42 20 39 17 8 
25 6
26 12 49 11 44 8 
16 10
12 46 5 26 23 11 37 24 0 47 
49 6
19 25 41 31 37 24 
2 8
21 24 0 14 34 36 19 17 
47 4
38 33 16 5 
8 10
42 0 18 5 37 33 30 36 22 25 
41 5
9 1 49 32 40 
38 7
14 47 4 32 17 27 37 
42 5
8 36 22 26 13 
33 12
27 5 0 6 47 4 8 46 13 23 30 34 
30 12
40 22 15 28 8 33 32 6 45 26 7 13 
6 5
33 30 15 28 26 
1 6
43 41 20 28 15 26 
20 6
22 10 3 1 34 19 
28 5
30 1 4 6 21 
