50
22 1
42 
42 4
5 24 15 22 
29 1
4 
4 3
16 7 29 
18 1
8 
8 5
38 35 5 18 28 
9 1
32 
32 2
41 9 
2 2
12 16 
16 4
17 11 4 2 
25 1
37 
37 3
0 40 25 
40 4
15 3 19 37 
13 1
38 
38 4
8 36 7 13 
19 1
40 
48 2
0 14 
14 2
44 48 
43 1
44 
44 6
35 0 10 46 43 14 
1 1
3 
3 4
45 40 1 0 
36 2
17 38 
17 3
46 16 36 
49 1
45 
45 4
23 20 3 49 
15 3
40 46 42 
24 2
42 47 
5 5
0 8 42 12 34 
7 2
38 4 
10 2
44 26 
26 2
10 6 
0 6
37 44 48 28 5 3 
46 6
15 35 44 23 17 31 
31 2
46 33 
23 2
46 45 
41 2
20 32 
20 2
45 41 
28 2
0 8 
21 1
33 
33 2
31 21 
34 1
5 
12 2
2 5 
6 1
26 
27 2
35 30 
30 2
27 39 
35 4
46 44 8 27 
47 1
24 
11 1
16 
39 1
30 
