50
35 8
18 6 29 7 41 13 37 45 
45 10
29 15 10 4 6 44 46 41 19 35 
37 10
22 40 7 3 25 32 35 47 49 48 
27 6
17 31 8 46 24 11 
11 7
6 30 21 42 48 27 29 
46 6
25 17 27 36 42 45 
42 9
10 11 33 46 12 47 4 13 26 
36 8
32 38 31 22 8 46 43 49 
8 7
36 32 31 27 2 0 15 
15 10
10 17 48 9 2 19 26 45 7 8 
2 7
15 30 8 19 5 39 24 
4 5
49 42 45 10 1 
1 7
38 5 21 9 47 49 4 
10 11
15 42 20 18 25 4 17 44 33 45 13 
28 5
38 41 17 39 3 
3 8
12 37 7 47 49 9 28 0 
39 8
30 29 34 17 28 32 2 41 
17 13
6 24 38 14 39 46 44 15 10 27 28 22 5 
41 7
23 31 28 5 35 45 39 
5 7
1 44 2 41 17 30 23 
23 7
22 41 25 47 16 6 5 
29 8
25 31 39 45 35 44 11 21 
21 7
1 48 9 24 11 0 29 
44 13
5 24 48 9 17 10 29 45 19 14 20 40 30 
47 12
49 14 42 3 18 1 37 23 22 31 9 7 
7 5
35 37 3 47 15 
9 7
44 3 1 21 24 15 47 
22 10
14 20 37 23 36 48 17 47 49 6 
16 5
49 6 18 23 19 
19 10
34 15 43 26 45 2 38 25 44 16 
18 7
35 31 25 10 16 47 43 
13 7
32 35 40 48 10 42 12 
33 5
43 42 12 10 48 
25 9
23 46 20 38 37 18 29 10 19 
24 7
21 17 27 48 9 44 2 
26 4
34 19 15 42 
12 6
3 49 33 42 13 38 
48 17
44 22 43 14 37 11 24 33 34 21 20 30 32 13 40 15 31 
40 4
37 48 13 44 
43 6
33 36 38 19 48 18 
49 14
47 31 36 30 22 1 37 14 34 4 12 6 3 16 
38 8
36 1 25 19 17 28 43 12 
6 13
11 17 16 49 32 0 23 30 22 35 45 20 14 
20 8
14 22 6 25 10 31 48 44 
31 10
8 36 29 18 41 48 27 20 47 49 
34 5
19 26 49 39 48 
14 8
22 20 44 48 17 47 49 6 
32 7
36 13 48 6 8 37 39 
30 8
39 5 11 2 49 48 6 44 
0 4
8 21 6 3 
