100
78 3
28 32 97 
97 5
13 23 57 37 78 
5 4
68 82 99 93 
93 4
31 26 77 5 
52 2
48 91 
91 5
99 20 67 49 52 
68 6
29 63 46 5 26 72 
72 5
89 8 95 90 68 
15 2
27 16 
16 5
14 79 88 65 15 
41 4
76 74 37 7 
7 4
23 82 71 41 
71 4
88 59 21 7 
82 3
5 88 7 
75 2
86 48 
48 3
52 49 75 
42 3
94 58 0 
0 6
23 99 14 74 59 42 
36 4
70 6 81 22 
22 8
69 55 32 37 54 61 65 36 
57 7
11 25 9 74 1 97 58 
14 3
16 0 85 
85 6
6 73 56 70 14 38 
32 4
20 78 22 45 
45 5
98 30 96 66 32 
65 6
22 88 21 60 92 16 
88 6
65 71 82 1 96 16 
58 3
13 42 57 
30 3
45 11 18 
18 4
76 60 81 30 
84 3
69 8 76 
76 6
18 35 11 84 41 80 
4 3
70 66 92 
92 3
65 26 4 
80 1
76 
87 4
99 77 47 28 
28 4
78 17 12 87 
66 4
4 1 90 45 
70 4
36 4 74 85 
74 7
57 41 33 0 70 39 64 
83 3
54 79 51 
51 2
19 83 
24 2
10 94 
94 4
42 34 23 24 
9 4
57 61 90 35 
35 4
37 76 60 9 
26 5
11 68 93 63 92 
12 3
60 23 28 
98 2
45 17 
17 6
96 28 98 34 10 95 
89 9
72 63 99 33 31 27 37 53 47 
47 3
87 89 6 
37 6
64 35 97 41 89 22 
27 5
15 40 69 89 50 
31 4
89 93 79 8 
33 5
89 74 44 1 19 
99 8
39 87 91 0 5 89 96 25 
1 5
66 33 57 88 23 
81 3
36 3 18 
95 4
50 72 17 73 
73 3
10 85 95 
19 3
50 33 51 
69 4
84 22 27 8 
8 7
72 31 90 84 11 69 46 
39 2
99 74 
49 5
54 10 91 48 21 
67 3
11 91 62 
20 7
25 32 96 53 86 91 3 
46 3
29 68 8 
90 7
66 9 8 54 72 2 55 
53 2
89 20 
50 4
13 95 19 27 
59 3
71 0 56 
56 3
13 85 59 
62 2
64 67 
11 7
55 57 30 67 26 8 76 
55 3
11 22 90 
2 2
60 90 
10 4
73 24 49 17 
34 2
94 17 
96 7
88 99 20 40 29 17 45 
40 2
27 96 
60 8
65 12 54 44 13 18 2 35 
13 5
50 56 97 58 60 
44 2
33 60 
6 3
85 36 47 
23 6
0 97 12 1 94 7 
29 3
68 46 96 
25 3
57 20 99 
79 4
16 64 83 31 
77 2
87 93 
21 3
65 71 49 
63 3
89 68 26 
64 4
62 79 37 74 
3 3
81 20 43 
86 2
75 20 
38 1
85 
61 2
9 22 
54 5
49 83 90 60 22 
43 1
3 
