100
80 3
92 16 3 
3 10
57 15 10 72 61 21 37 48 17 80 
16 9
40 71 89 63 68 18 80 41 36 
92 7
80 2 62 10 76 90 58 
26 5
71 59 91 15 54 
54 10
13 67 97 26 95 65 82 86 4 42 
15 8
3 32 82 2 35 26 46 64 
91 6
10 64 45 26 77 75 
59 4
56 7 26 94 
71 7
16 26 97 48 85 17 70 
21 3
32 3 61 
61 9
27 9 2 96 72 3 89 21 40 
32 7
78 21 15 29 85 74 45 
86 5
57 67 31 54 38 
38 7
7 42 63 87 86 69 60 
31 3
18 86 57 
67 7
37 24 34 66 54 86 33 
57 8
86 3 68 66 85 31 77 73 
20 7
65 5 1 62 84 99 56 
56 9
69 59 34 20 64 9 75 18 52 
99 3
60 20 69 
84 6
48 81 73 10 1 20 
62 6
83 66 92 20 98 28 
1 8
46 73 51 20 41 13 48 84 
5 6
20 81 7 4 22 79 
65 7
96 88 64 47 34 20 54 
58 5
29 66 94 72 92 
90 5
19 40 92 13 49 
76 5
8 50 92 22 93 
10 6
91 92 27 3 84 88 
2 6
61 15 64 92 98 22 
36 3
34 40 16 
40 7
16 52 36 83 90 61 11 
34 7
17 67 36 65 56 87 66 
25 4
52 66 37 35 
35 9
60 72 25 15 13 47 82 45 75 
37 4
43 67 25 3 
66 12
22 57 55 75 48 62 25 46 58 53 67 34 
52 6
25 82 11 24 40 56 
70 3
42 71 60 
17 6
34 55 82 3 24 71 
85 6
45 74 71 32 82 57 
48 12
7 63 50 69 81 66 1 3 6 84 71 89 
97 6
68 71 89 14 13 54 
14 5
93 81 97 69 72 
72 9
77 35 58 47 3 22 82 61 14 
69 8
56 48 99 14 38 96 53 7 
81 6
23 14 48 84 5 45 
93 6
94 14 50 49 42 76 
75 5
66 4 56 91 35 
77 4
72 91 89 57 
45 8
85 55 32 91 33 35 81 43 
64 8
11 65 8 29 91 56 15 2 
78 4
32 79 47 19 
19 5
90 73 50 82 78 
47 5
42 78 35 72 65 
79 6
49 11 78 74 5 50 
23 4
81 63 95 22 
22 8
66 5 72 74 76 23 2 13 
95 4
54 23 74 49 
63 10
87 48 8 16 96 11 38 55 23 49 
98 7
8 44 2 51 83 55 62 
87 5
63 50 38 34 83 
83 8
62 12 74 51 40 98 89 87 
50 8
87 76 4 48 19 93 88 79 
42 6
70 38 54 47 53 93 
53 6
42 13 66 29 44 69 
89 8
49 48 61 77 6 83 16 97 
96 5
65 63 61 69 28 
9 3
56 46 61 
27 5
61 10 24 8 46 
60 5
99 35 24 38 70 
7 5
48 38 5 59 69 
4 6
75 50 54 13 5 12 
33 3
13 45 67 
24 6
82 52 60 17 27 67 
94 3
93 58 59 
88 6
49 44 39 65 50 10 
39 3
88 6 44 
44 4
88 53 98 39 
6 4
0 48 39 89 
46 6
1 66 41 9 27 15 
8 5
98 76 63 64 27 
43 4
37 28 74 45 
41 3
1 46 16 
82 10
24 15 17 85 52 30 72 54 35 19 
55 5
66 63 45 17 98 
0 5
6 49 11 12 18 
18 5
31 74 56 0 16 
12 3
83 0 4 
11 6
64 63 0 79 52 40 
49 9
79 89 0 63 30 88 95 93 90 
30 3
49 82 68 
51 4
83 1 98 73 
74 8
85 18 83 32 43 22 95 79 
73 5
19 1 84 57 51 
68 4
97 16 57 30 
13 9
33 54 97 35 53 4 1 90 22 
29 4
58 64 53 32 
28 3
43 62 96 
