30
27 5
14 2 10 8 21 
21 11
29 6 14 13 5 3 19 2 25 9 27 
8 10
29 15 4 17 27 12 20 19 18 13 
10 9
27 17 7 0 12 3 18 1 5 
9 8
19 4 21 3 7 25 15 0 
0 9
4 16 10 25 1 5 3 11 9 
15 8
25 4 8 9 28 23 19 29 
25 11
1 18 4 22 6 15 0 28 9 11 21 
7 9
12 10 9 17 28 16 20 1 11 
1 8
25 16 0 10 3 26 7 13 
13 8
22 2 19 11 21 12 1 8 
26 7
6 4 2 19 28 17 1 
3 9
9 1 11 21 6 10 29 0 20 
22 6
13 24 18 5 25 16 
16 8
1 5 24 11 0 22 7 28 
5 7
21 16 0 29 10 22 2 
18 7
25 10 22 8 28 14 24 
29 7
8 21 17 3 5 15 23 
23 5
6 2 24 15 29 
17 8
7 28 6 8 11 29 10 26 
19 6
9 13 26 21 8 15 
28 10
25 17 11 2 26 6 7 15 18 16 
12 9
4 8 20 14 7 13 2 24 10 
11 8
3 13 7 17 28 16 25 0 
24 7
22 23 16 6 2 18 12 
2 9
13 23 26 27 28 12 24 21 5 
14 5
27 21 12 18 6 
20 6
6 12 8 4 7 3 
4 9
9 0 15 12 26 8 25 20 6 
6 11
23 26 25 21 24 3 17 28 20 14 4 
