50
18 4
36 23 25 40 
40 2
14 18 
25 6
33 16 42 18 0 19 
23 3
35 18 30 
36 6
18 3 46 32 45 11 
15 3
13 1 45 
45 7
9 31 13 22 30 36 15 
1 5
35 26 15 29 28 
13 6
16 15 29 28 26 45 
19 5
9 25 24 39 8 
0 3
34 47 25 
42 5
21 5 33 25 41 
16 4
39 14 13 25 
33 8
27 25 44 5 6 42 4 34 
2 3
6 44 21 
21 5
42 29 46 49 2 
44 3
2 26 33 
6 5
2 3 33 48 11 
32 3
49 47 36 
47 4
0 11 48 32 
49 2
32 21 
26 6
13 3 1 27 43 44 
43 3
12 7 26 
27 3
33 26 31 
3 5
17 11 6 26 36 
41 3
48 42 5 
5 4
42 33 46 41 
4 3
10 12 33 
12 4
14 4 43 29 
10 3
38 4 34 
46 3
5 36 21 
28 3
13 1 20 
29 6
31 1 37 21 13 12 
48 4
41 9 6 47 
9 4
48 19 45 24 
20 2
11 28 
14 3
40 12 16 
37 2
8 29 
31 3
29 45 27 
8 3
37 30 19 
34 3
0 10 33 
22 3
24 45 38 
38 3
10 11 22 
24 3
22 19 9 
11 8
20 47 3 7 36 6 35 38 
35 5
23 1 7 11 17 
30 3
8 45 23 
39 2
16 19 
7 4
35 43 11 17 
17 3
3 35 7 
