30
20 6
22 16 12 10 9 17 
17 8
29 2 19 4 27 16 18 20 
26 6
9 4 25 19 13 23 
23 4
16 15 9 26 
13 5
28 24 3 4 26 
14 4
6 21 24 29 
29 7
19 12 4 17 9 22 14 
27 6
22 6 4 17 9 3 
3 8
12 13 10 18 21 11 8 27 
9 8
26 20 1 23 27 0 10 29 
10 5
21 20 12 3 9 
1 6
11 4 9 28 15 0 
0 6
25 22 9 7 5 1 
28 2
13 1 
4 9
12 29 26 27 17 7 13 1 16 
22 5
27 20 8 0 29 
8 2
22 3 
16 7
23 6 19 15 20 17 4 
15 7
16 23 21 24 1 5 19 
19 7
16 5 24 17 26 29 15 
5 4
19 0 15 6 
24 7
14 19 2 21 15 13 7 
21 9
14 25 24 11 3 10 15 12 2 
6 7
14 16 7 2 27 11 5 
18 6
25 12 11 2 3 17 
11 5
6 21 18 1 3 
12 8
4 3 18 7 20 29 10 21 
7 5
4 6 12 0 24 
2 6
6 17 18 24 21 25 
25 5
0 18 21 26 2 
