20
12 11
17 4 7 11 10 0 15 1 3 5 19 
19 12
2 11 8 16 0 10 17 9 4 5 1 12 
5 11
18 10 0 19 8 16 9 14 12 7 6 
3 12
4 8 16 1 6 17 15 0 11 12 7 2 
15 11
2 3 4 11 7 13 6 12 8 16 0 
0 16
10 14 5 15 13 2 19 8 16 3 12 17 9 4 18 11 
16 14
8 5 3 4 10 15 13 0 9 7 17 19 2 11 
4 14
12 8 2 19 10 15 14 18 16 3 17 0 1 9 
13 12
6 7 2 8 16 10 15 0 9 17 1 18 
9 12
4 11 14 10 0 13 7 16 19 2 1 5 
2 14
14 8 16 3 4 9 0 10 18 11 15 13 7 19 
7 11
2 15 10 13 12 16 9 1 18 3 5 
11 14
10 15 18 2 6 19 14 3 16 12 17 0 1 9 
17 11
12 19 11 4 10 0 3 1 16 8 13 
8 12
16 4 6 3 5 13 15 10 0 17 19 2 
10 16
5 4 8 16 2 19 6 13 12 1 0 9 7 17 18 11 
6 9
13 3 1 5 8 15 10 14 11 
18 8
5 4 2 10 0 7 13 11 
1 12
10 4 13 7 12 3 11 6 19 14 9 17 
14 8
2 0 4 9 11 6 5 1 
