50
31 1
12 
12 3
19 26 31 
20 2
38 25 
25 1
20 
38 3
26 35 20 
18 1
16 
16 5
45 6 34 7 18 
21 1
10 
10 4
3 48 27 21 
23 1
44 
44 4
6 14 41 23 
33 1
49 
49 3
34 43 33 
15 1
4 
4 4
26 2 15 1 
43 1
49 
35 7
1 29 13 32 19 38 40 
2 1
4 
1 2
35 4 
26 4
11 38 12 4 
8 1
47 
47 2
45 8 
11 2
26 32 
32 5
35 39 0 42 11 
39 2
30 32 
48 2
45 10 
45 6
13 16 3 48 9 47 
19 2
35 12 
42 1
32 
0 1
32 
22 1
36 
36 3
13 22 46 
17 1
34 
34 4
16 49 28 17 
40 2
6 35 
9 2
45 30 
30 2
39 9 
46 1
36 
13 3
35 45 36 
29 1
35 
6 3
40 16 44 
3 2
10 45 
7 2
16 5 
5 1
7 
27 2
10 37 
37 2
27 24 
28 1
34 
41 1
44 
14 1
44 
24 1
37 
