30
14 3
17 2 26 
26 10
20 14 17 2 19 16 29 0 10 3 
2 6
7 26 8 14 6 0 
17 4
14 20 26 25 
20 5
26 27 17 29 21 
21 5
0 27 4 20 22 
29 9
26 8 16 28 27 18 10 20 7 
27 10
10 29 16 20 3 5 21 11 6 28 
24 5
10 1 5 4 8 
8 7
29 25 22 9 2 24 16 
4 6
9 19 16 24 21 10 
5 10
12 6 28 27 9 15 19 24 3 18 
1 5
23 24 15 10 7 
10 9
25 27 24 26 19 23 1 29 4 
16 11
4 28 27 26 19 25 29 0 13 23 8 
23 5
1 10 11 6 16 
13 3
0 16 9 
0 6
13 21 26 2 28 16 
25 6
10 16 8 17 12 19 
19 8
18 5 4 16 10 6 26 25 
28 7
22 5 11 16 0 29 27 
9 5
4 8 5 15 13 
15 3
1 5 9 
7 4
2 12 29 1 
22 3
28 8 21 
6 5
5 27 19 2 23 
11 4
28 27 23 12 
3 3
27 26 5 
18 3
19 29 5 
12 4
5 25 7 11 
