50
48 7
24 26 7 42 40 15 17 
17 6
49 37 29 33 3 48 
15 8
30 40 44 46 3 48 9 27 
24 10
22 16 8 1 6 47 42 12 48 28 
28 15
24 31 18 3 8 46 35 42 13 29 9 22 32 19 6 
12 13
7 6 42 24 9 27 23 30 36 18 39 34 20 
31 10
23 22 1 47 49 8 44 28 41 25 
25 9
47 30 5 7 13 0 14 27 31 
41 9
38 1 40 7 32 10 29 26 31 
44 9
34 7 22 15 2 31 33 4 3 
13 13
49 42 40 9 28 27 6 33 46 45 25 18 5 
5 8
25 36 19 26 35 7 13 1 
45 10
32 19 22 49 47 0 8 13 3 18 
46 7
20 28 13 7 2 15 0 
0 12
36 30 42 11 29 10 19 45 26 25 33 46 
2 12
34 40 6 32 37 44 46 27 18 3 43 49 
7 11
29 12 25 48 11 5 41 44 46 23 22 
8 10
6 39 24 37 21 33 45 31 28 1 
1 9
23 27 31 41 33 8 5 24 11 
37 7
32 8 19 2 27 17 9 
9 11
13 22 10 15 28 38 12 19 21 37 32 
18 15
36 34 28 12 45 19 2 14 20 23 33 38 40 13 3 
19 16
37 29 28 5 3 18 11 27 10 9 0 49 6 45 21 20 
14 4
23 18 25 42 
33 13
13 42 17 27 23 18 1 3 21 8 44 0 10 
10 15
36 23 33 9 0 29 40 20 26 19 11 27 41 42 49 
21 12
3 9 11 38 19 8 33 29 39 22 49 43 
3 15
21 19 42 2 45 26 17 28 44 33 11 18 15 35 47 
23 11
7 31 12 49 4 14 36 1 18 33 10 
27 15
35 37 10 12 33 16 4 49 2 19 25 30 15 13 1 
30 6
27 15 0 25 12 22 
22 11
40 44 45 31 9 28 24 21 47 7 30 
6 11
38 28 43 24 12 13 8 16 19 2 39 
39 10
8 35 12 47 43 4 21 40 6 38 
42 12
24 13 10 0 12 33 4 47 48 28 3 14 
35 10
29 26 16 39 47 27 28 3 5 36 
11 7
19 21 7 0 10 3 1 
38 8
41 6 29 18 43 21 9 39 
40 12
18 32 2 22 36 48 13 41 15 10 20 39 
4 5
23 42 39 27 44 
20 8
46 19 26 18 47 40 10 12 
43 6
16 6 39 2 38 21 
36 9
40 10 0 23 18 5 12 26 35 
16 7
24 35 6 34 27 43 49 
49 11
13 10 23 21 17 31 27 19 45 2 16 
29 10
35 19 38 0 10 17 28 21 7 41 
26 10
35 48 36 20 34 3 5 10 0 41 
32 7
37 40 41 45 2 28 9 
47 11
25 3 31 39 20 34 35 45 24 42 22 
34 7
18 2 26 47 44 16 12 
