50
22 5
40 39 7 30 27 
27 6
43 47 25 26 33 22 
30 9
26 21 22 29 16 44 9 49 47 
7 2
22 21 
39 3
33 22 32 
46 4
31 28 16 38 
38 3
43 42 46 
16 4
2 46 30 47 
32 4
1 33 20 39 
11 3
43 35 14 
14 5
0 6 25 11 28 
35 6
11 10 2 8 44 34 
43 7
49 27 42 38 21 11 19 
47 4
19 27 30 16 
21 8
43 30 48 28 15 41 7 3 
10 7
31 12 6 3 13 35 36 
36 4
31 17 25 10 
13 3
10 9 8 
3 4
33 10 21 23 
8 5
33 42 18 35 13 
9 6
12 24 26 33 30 13 
29 7
41 12 15 34 40 30 18 
18 3
8 42 29 
40 5
49 5 29 22 23 
15 3
26 29 21 
12 4
9 10 29 19 
34 7
29 2 19 35 42 37 49 
49 6
5 43 30 40 34 44 
37 4
25 34 24 31 
42 7
17 8 43 4 34 38 18 
19 7
34 20 6 5 47 43 12 
28 4
46 6 14 21 
25 8
37 6 4 27 5 14 36 2 
6 7
10 28 1 25 4 19 14 
0 3
14 33 4 
5 5
49 48 25 40 19 
20 3
19 44 32 
44 6
20 41 2 35 30 49 
41 4
29 45 44 21 
33 10
39 8 0 31 27 9 2 32 3 1 
1 5
2 17 32 6 33 
2 7
1 34 16 44 33 35 25 
31 5
10 36 46 33 37 
4 6
23 25 26 6 42 0 
26 5
30 9 27 15 4 
23 3
4 3 40 
24 3
45 9 37 
17 4
42 1 36 45 
45 4
24 41 17 48 
48 3
21 5 45 
