50
38 5
14 11 41 17 42 
42 4
30 33 29 38 
9 1
12 
12 4
19 8 22 9 
27 2
17 15 
15 3
14 28 27 
35 1
8 
8 9
3 5 12 23 36 22 11 37 35 
5 6
25 8 29 10 18 45 
45 3
23 28 5 
46 2
43 17 
17 4
27 38 20 46 
43 4
37 19 40 46 
13 1
6 
6 3
2 18 13 
33 3
42 30 48 
48 5
36 30 49 16 33 
37 6
18 43 20 11 8 0 
0 4
25 3 21 37 
4 4
16 24 3 40 
40 4
7 36 43 4 
49 3
44 29 48 
30 4
21 42 33 48 
36 9
34 14 40 2 48 8 11 24 3 
18 5
37 39 3 5 6 
24 5
28 4 36 39 16 
16 5
25 4 48 14 24 
39 5
18 24 19 32 20 
22 2
8 12 
25 4
5 0 16 44 
44 3
49 28 25 
2 4
36 11 21 6 
21 4
30 29 0 2 
11 8
47 38 36 8 37 2 31 41 
29 6
5 49 21 14 42 23 
7 2
40 28 
28 8
24 31 32 14 44 15 45 7 
10 3
19 5 1 
1 1
10 
19 4
12 43 39 10 
3 6
8 18 4 0 36 34 
14 7
38 16 31 28 15 29 36 
23 5
31 45 8 34 29 
34 3
36 23 3 
41 2
38 11 
31 5
23 28 14 11 26 
20 4
37 17 39 47 
32 2
28 39 
26 1
31 
47 2
11 20 
