50
46 4
40 9 15 49 
49 4
7 30 25 46 
29 4
45 33 20 14 
14 6
18 34 38 33 11 29 
13 2
7 47 
47 7
0 32 31 28 48 26 13 
24 7
6 20 37 0 30 5 42 
42 5
32 44 43 28 24 
5 3
12 19 24 
25 3
3 44 49 
30 8
17 26 15 7 12 24 37 49 
2 4
28 48 33 16 
16 4
34 20 6 2 
31 6
0 3 47 26 33 7 
7 10
13 49 0 22 30 32 6 34 17 31 
15 6
30 3 26 8 46 44 
44 4
42 25 3 15 
26 7
21 31 30 47 33 0 15 
36 4
6 8 48 10 
10 4
45 39 21 36 
1 2
27 33 
33 7
11 31 29 2 26 14 1 
19 4
12 28 38 5 
11 6
0 33 9 3 20 14 
39 4
10 38 48 22 
22 6
7 48 9 34 40 39 
41 1
3 
3 7
31 25 44 15 11 34 41 
28 5
42 47 4 2 19 
4 2
40 28 
38 7
21 40 39 14 45 19 35 
37 4
9 30 24 21 
21 4
26 38 37 10 
0 8
31 23 7 26 11 24 47 43 
43 5
35 42 6 17 0 
17 4
30 7 20 43 
40 7
32 18 38 4 22 46 8 
8 5
15 27 36 12 40 
32 6
40 42 47 7 45 18 
18 3
14 40 32 
45 4
38 10 29 32 
9 5
37 11 46 22 23 
48 7
2 27 39 47 12 36 22 
23 3
0 6 9 
12 7
5 19 8 48 27 30 20 
20 7
16 11 24 29 27 17 12 
27 5
20 1 8 48 12 
6 6
24 36 23 7 43 16 
34 5
22 16 14 7 3 
35 2
43 38 
