100
23 2
21 84 
84 8
61 69 63 0 32 92 43 23 
36 6
18 58 10 87 60 34 
34 6
37 59 40 75 28 36 
45 4
6 8 22 63 
63 9
91 86 39 14 84 78 99 31 45 
57 6
17 68 66 79 19 98 
98 7
77 24 83 66 75 94 57 
31 3
73 83 63 
52 6
7 89 73 8 16 68 
68 7
53 4 28 89 2 57 52 
14 7
8 65 63 85 27 9 90 
90 6
2 85 87 24 58 14 
97 7
65 67 7 86 12 85 21 
21 13
16 79 23 78 66 5 74 85 27 82 72 0 97 
0 2
84 21 
53 10
11 10 43 26 68 79 96 39 28 9 
9 7
35 59 66 14 25 65 53 
93 5
78 37 17 48 73 
73 7
78 52 99 31 85 44 93 
2 5
90 32 18 83 68 
88 5
48 4 54 62 95 
95 3
16 54 88 
48 5
88 41 61 93 83 
83 9
98 70 2 77 31 27 48 50 16 
78 8
33 80 73 93 21 63 56 99 
99 12
82 54 25 5 92 69 73 4 63 10 22 78 
51 6
17 46 94 91 15 24 
24 8
85 28 98 90 77 37 43 51 
35 3
9 5 25 
25 10
60 99 1 13 28 9 86 4 67 35 
8 7
52 14 13 62 45 19 29 
29 5
30 15 66 17 8 
19 6
79 57 50 38 40 8 
17 8
57 93 13 51 4 56 29 85 
85 11
14 90 24 21 70 62 72 81 97 73 17 
15 7
29 69 76 51 43 72 61 
61 3
84 48 15 
43 4
53 15 24 84 
76 4
77 41 62 15 
56 7
10 94 18 96 78 17 75 
75 6
69 59 30 34 98 56 
79 5
19 57 21 53 86 
86 8
59 63 25 54 97 67 42 79 
32 6
70 59 84 2 41 39 
39 8
50 12 58 53 40 63 91 32 
16 5
21 38 95 52 83 
91 6
63 51 80 39 6 55 
55 3
54 1 91 
42 4
44 64 86 26 
26 6
66 49 53 50 77 42 
28 7
53 25 33 59 24 34 68 
40 7
70 65 64 4 34 39 19 
65 8
97 38 14 40 9 1 12 13 
33 5
78 28 58 38 62 
62 9
38 30 88 3 85 8 76 33 81 
6 4
91 45 50 47 
47 2
64 6 
50 7
39 19 26 83 6 49 71 
80 5
78 91 70 41 5 
5 6
99 54 21 35 58 80 
41 5
48 32 80 76 69 
70 11
32 10 77 85 40 60 38 83 3 80 59 
49 3
26 50 58 
58 7
36 33 5 64 49 39 90 
18 4
36 56 2 54 
54 9
7 99 55 82 5 18 86 88 95 
44 2
42 73 
60 6
3 25 72 20 36 70 
92 7
7 77 99 38 59 84 11 
11 2
53 92 
38 8
62 65 33 16 19 12 70 92 
71 1
50 
82 5
99 3 21 77 54 
66 8
57 9 37 21 98 29 26 69 
69 7
75 99 84 15 10 41 66 
59 10
30 32 86 28 9 75 92 34 70 46 
3 5
82 1 62 60 70 
77 10
76 92 98 26 67 64 70 83 82 24 
37 5
64 66 34 93 24 
27 5
14 21 83 96 64 
4 8
10 17 68 40 88 30 99 25 
30 7
59 29 62 72 64 4 75 
7 5
92 97 54 52 22 
22 5
45 81 20 99 7 
13 5
8 17 25 67 65 
12 4
97 39 38 65 
1 6
3 25 81 55 65 74 
72 7
46 15 60 30 85 89 21 
46 5
81 51 72 59 20 
67 5
25 97 13 77 86 
94 5
51 96 98 56 87 
89 3
52 72 68 
10 7
4 53 36 56 70 69 99 
64 9
37 40 81 30 47 58 42 77 27 
96 4
56 94 53 27 
87 3
90 36 94 
20 3
60 22 46 
81 6
46 64 1 85 22 62 
74 2
21 1 
