50
44 8
31 38 34 47 10 45 19 26 
26 9
47 5 42 21 37 0 44 36 39 
10 8
21 4 32 16 44 20 40 27 
12 8
7 23 18 3 34 40 14 28 
28 9
6 13 34 12 11 33 22 30 45 
14 13
32 34 47 29 16 37 11 38 18 12 45 31 27 
40 7
16 38 6 9 10 12 22 
9 6
11 48 0 40 8 33 
33 7
4 41 25 28 48 9 21 
21 6
10 26 17 48 46 33 
48 12
25 17 9 36 22 23 21 11 45 8 46 33 
45 11
44 42 37 49 47 2 14 48 28 29 15 
11 8
23 19 14 9 31 48 28 25 
23 14
7 5 2 35 13 22 34 27 30 25 43 48 11 12 
22 10
18 46 16 23 36 28 48 34 40 37 
49 5
45 37 41 31 34 
34 15
18 12 29 0 22 23 25 38 28 49 35 47 44 14 39 
31 13
44 6 14 30 38 11 24 37 43 49 7 3 2 
42 4
45 26 35 24 
24 5
6 29 25 31 42 
35 4
23 27 34 42 
32 6
8 14 2 10 1 4 
4 6
33 47 27 0 10 32 
1 6
18 36 20 25 43 32 
39 6
27 34 43 30 26 46 
36 6
48 5 1 22 26 6 
0 8
9 18 3 20 34 26 4 47 
37 8
14 49 45 26 30 22 17 31 
17 7
29 48 38 47 21 37 41 
30 10
47 43 37 19 2 39 31 28 23 3 
6 7
7 24 38 28 31 40 36 
3 4
12 0 31 30 
2 9
5 7 32 43 47 31 45 30 23 
15 2
5 45 
5 11
41 7 2 26 19 15 16 8 25 36 23 
13 7
47 18 38 46 28 23 20 
25 11
48 1 18 5 23 34 33 8 7 24 11 
38 8
44 6 13 17 31 40 34 14 
8 8
32 9 48 41 5 25 16 19 
19 7
30 11 29 18 5 44 8 
16 6
5 10 40 14 22 8 
41 7
5 43 49 33 46 8 17 
46 7
21 29 22 48 13 41 39 
7 8
6 23 12 2 5 27 31 25 
27 8
4 23 7 35 39 20 14 10 
20 6
1 43 27 0 10 13 
29 8
47 17 46 24 45 19 14 34 
47 13
13 30 26 45 2 44 17 14 34 29 0 4 43 
18 9
1 13 12 19 0 22 25 34 14 
43 9
2 41 31 23 30 20 39 47 1 
