100
88 3
93 29 90 
90 6
76 97 10 15 36 88 
79 4
45 17 16 44 
44 3
16 61 79 
56 1
39 
39 10
52 78 71 21 82 99 1 3 34 56 
54 3
49 1 63 
63 4
15 13 68 54 
92 3
18 80 46 
46 5
68 95 8 27 92 
24 7
78 11 89 48 5 1 10 
10 3
90 42 24 
98 3
22 12 21 
21 5
59 72 42 39 98 
13 4
78 27 63 68 
68 9
1 66 46 16 27 64 29 63 13 
74 4
35 78 95 40 
40 4
52 23 96 74 
53 2
37 22 
22 3
98 52 53 
12 3
32 98 34 
34 5
75 39 4 18 12 
71 3
39 49 77 
77 5
15 2 19 67 71 
2 3
70 77 45 
45 5
79 8 81 2 85 
67 3
23 58 77 
19 4
16 99 77 1 
15 5
77 3 58 63 90 
49 3
54 71 42 
42 6
82 28 5 21 49 10 
96 3
85 9 40 
91 3
60 38 8 
8 7
82 46 0 91 45 37 23 
78 5
39 24 13 74 27 
27 7
47 29 13 68 84 78 46 
17 4
79 18 41 69 
69 2
64 17 
41 7
25 97 60 59 89 70 17 
89 3
24 47 41 
5 4
24 3 42 58 
58 6
94 67 15 86 5 57 
25 3
41 76 33 
33 3
52 0 25 
76 6
16 82 36 90 20 25 
28 2
82 42 
70 3
2 4 41 
60 4
50 91 41 6 
97 3
47 90 41 
3 4
15 5 20 39 
99 4
64 39 35 19 
83 4
48 16 73 29 
29 7
27 7 1 68 83 88 52 
87 3
51 64 95 
95 3
46 74 87 
64 7
68 75 87 99 69 26 80 
52 6
33 40 39 14 29 22 
57 2
20 58 
31 2
37 86 
86 2
58 31 
37 5
53 61 8 94 31 
85 3
96 38 45 
81 2
6 45 
62 3
47 51 11 
11 2
24 62 
51 4
87 9 62 30 
55 2
26 36 
36 6
90 76 0 55 72 59 
30 2
73 51 
9 3
82 51 96 
1 7
68 39 24 54 48 29 19 
20 5
57 7 3 76 43 
82 7
39 94 8 76 28 9 42 
16 7
79 19 80 44 76 83 68 
32 2
12 4 
4 4
70 47 34 32 
80 3
92 16 64 
61 7
48 37 84 50 66 44 65 
84 5
94 93 27 61 7 
23 4
67 40 48 8 
0 6
36 33 8 93 14 38 
35 4
74 99 43 26 
26 4
50 55 64 35 
75 4
34 64 47 48 
48 6
61 24 83 1 23 75 
47 6
89 97 4 62 27 75 
59 3
21 41 36 
72 2
21 36 
43 2
35 20 
94 4
58 82 84 37 
93 3
88 84 0 
38 3
85 91 0 
14 3
52 0 73 
65 1
61 
66 2
68 61 
50 3
60 26 61 
73 3
30 83 14 
18 3
17 92 34 
7 3
20 29 84 
6 2
81 60 
