50
29 4
6 30 43 45 
45 13
31 8 16 21 36 26 19 47 43 4 12 18 29 
43 12
32 45 36 22 24 17 27 48 13 25 29 12 
30 7
29 46 20 22 47 49 12 
6 3
29 7 9 
20 9
30 36 8 16 35 49 39 28 10 
10 6
18 24 28 36 14 20 
28 4
42 10 44 20 
39 4
12 46 18 20 
49 8
17 5 33 22 30 0 20 37 
35 6
17 44 34 20 41 11 
16 4
17 20 22 45 
8 10
13 2 45 15 17 20 37 21 32 47 
36 8
25 10 7 43 47 45 20 40 
19 5
32 5 47 17 45 
17 16
35 38 8 12 42 4 43 49 24 16 3 11 18 1 9 19 
47 8
45 19 7 8 44 30 36 5 
48 5
41 23 0 43 31 
31 8
1 18 45 26 4 40 32 48 
0 10
15 1 48 27 22 33 38 25 13 49 
9 7
25 38 2 7 17 1 6 
1 7
34 0 31 17 9 41 7 
7 9
12 36 47 4 32 6 9 38 1 
2 7
5 9 8 37 38 15 4 
22 8
26 0 30 49 43 44 16 13 
5 7
19 2 24 21 49 47 44 
44 7
25 35 11 22 5 28 47 
23 5
21 48 3 14 25 
25 7
9 44 36 23 43 0 24 
14 7
3 46 24 37 10 23 38 
3 5
23 17 14 34 42 
21 7
23 37 15 45 5 42 8 
42 5
28 27 17 21 3 
15 7
41 34 0 27 21 8 2 
37 8
12 21 24 8 14 34 2 49 
27 6
42 15 0 11 43 13 
32 5
19 43 7 8 31 
40 3
11 31 36 
4 6
33 45 2 7 17 31 
26 5
22 45 12 18 31 
38 8
46 24 7 9 17 14 0 2 
46 8
38 14 39 30 18 13 41 33 
34 5
15 35 1 3 37 
13 7
46 8 43 0 41 22 27 
24 9
14 10 41 5 38 25 37 43 17 
12 9
37 39 7 45 26 17 43 30 33 
18 8
10 11 31 17 46 39 26 45 
33 5
4 49 0 12 46 
41 7
15 48 1 24 46 13 35 
11 6
40 18 44 17 27 35 
