50
8 8
13 49 45 33 44 37 1 5 
5 5
45 1 29 10 8 
37 7
13 49 14 48 8 45 2 
44 7
3 34 6 0 8 4 21 
33 12
43 47 49 45 11 27 17 1 8 34 10 0 
45 13
33 8 39 29 15 5 1 2 49 47 37 32 13 
0 11
15 29 12 24 46 44 33 14 3 25 38 
34 9
12 17 31 2 18 32 44 33 14 
1 14
8 31 17 33 39 42 12 45 21 11 5 22 32 15 
17 12
43 34 1 15 7 12 35 9 11 24 33 25 
27 9
10 3 33 46 40 42 6 28 38 
43 8
6 24 19 33 46 16 17 9 
9 13
21 7 38 10 39 40 6 17 48 3 16 43 30 
16 9
3 14 20 39 40 7 47 43 9 
19 12
46 41 13 47 43 42 12 23 30 36 28 31 
20 6
24 18 16 35 26 4 
4 5
2 15 32 20 44 
26 5
30 24 39 20 15 
35 8
38 2 17 40 20 39 23 12 
10 6
27 9 5 42 33 46 
29 10
7 45 24 11 0 15 31 49 5 36 
48 9
21 37 15 9 31 39 41 7 49 
49 9
47 8 33 45 37 14 29 25 48 
7 8
29 24 9 17 28 48 30 16 
41 7
19 15 11 3 14 40 48 
39 12
9 28 48 21 2 26 45 35 16 1 38 42 
31 8
24 34 29 28 48 22 19 1 
15 15
41 12 36 48 18 4 26 45 29 22 1 0 28 17 46 
21 8
9 48 18 1 39 32 6 44 
18 8
21 15 20 34 40 22 30 23 
23 4
14 19 35 18 
30 10
40 25 18 26 19 24 6 13 7 9 
40 11
11 30 25 35 2 9 27 16 41 32 18 
22 6
25 18 1 15 46 31 
46 9
19 43 13 0 15 10 38 27 22 
6 9
43 25 44 30 28 9 27 21 11 
32 9
1 12 42 25 21 34 40 45 4 
36 6
42 24 11 19 29 15 
12 10
1 32 34 15 0 19 35 47 24 17 
42 8
32 36 19 3 1 27 39 10 
11 10
40 2 1 33 41 28 17 29 36 6 
24 13
43 26 0 29 36 30 20 14 12 7 13 31 17 
25 9
38 0 40 22 30 6 32 49 17 
14 9
23 3 16 49 0 24 37 41 34 
28 10
19 6 15 11 13 7 39 31 27 47 
38 7
35 25 46 39 0 9 27 
47 8
49 13 12 33 16 19 45 28 
3 10
14 42 13 41 0 44 16 2 27 9 
2 9
4 39 34 40 35 45 3 11 37 
13 10
47 8 46 28 30 3 37 24 19 45 
