30
12 10
25 8 6 7 20 14 21 2 19 3 
3 5
7 28 11 12 16 
19 8
15 24 21 12 6 22 23 14 
21 14
10 20 12 4 15 0 1 5 8 26 19 2 23 7 
14 12
25 8 7 19 2 23 12 17 11 29 15 0 
20 10
2 12 6 27 21 29 7 23 22 16 
27 6
0 20 9 5 1 2 
2 9
12 22 21 4 15 1 27 20 14 
1 9
6 29 21 18 5 26 2 23 27 
5 7
8 27 21 7 1 26 10 
9 3
27 6 22 
16 9
23 10 8 24 13 25 20 3 18 
22 8
7 13 2 26 19 20 25 9 
23 11
10 0 21 28 20 14 16 8 26 19 1 
7 10
26 22 12 21 3 5 10 15 14 20 
29 5
4 1 14 20 0 
6 6
1 12 20 19 26 9 
4 7
13 2 26 21 15 29 10 
10 12
23 16 8 15 25 28 7 21 24 4 18 5 
26 10
7 22 23 11 21 1 5 4 6 28 
25 6
28 12 14 10 16 22 
13 4
4 22 16 28 
18 4
1 0 10 16 
17 5
11 24 28 14 15 
15 11
4 14 19 2 10 21 11 24 28 17 7 
28 9
25 3 15 10 8 23 17 26 13 
24 5
19 17 10 15 16 
0 8
23 8 27 18 11 21 14 29 
11 7
17 3 26 8 0 15 14 
8 10
5 12 14 16 28 11 21 23 0 10 
