50
13 9
14 8 45 27 17 36 22 10 0 
0 9
27 21 38 45 13 33 46 8 36 
22 10
32 41 13 45 4 46 16 25 15 23 
17 7
46 33 5 13 36 21 32 
45 7
0 24 19 35 13 22 49 
15 11
42 41 29 21 11 31 48 18 34 32 22 
32 10
18 35 41 38 22 15 37 14 48 17 
34 7
31 42 21 4 7 15 5 
23 12
18 7 41 4 14 21 31 28 2 8 33 22 
25 7
26 24 46 44 16 39 22 
16 5
19 43 12 25 22 
46 10
42 25 48 31 17 0 3 18 33 22 
4 11
2 28 7 10 37 23 22 34 14 47 6 
36 10
19 6 13 7 39 1 18 9 17 0 
8 8
23 44 26 5 0 13 7 41 
21 12
0 15 12 33 24 34 40 17 48 23 43 47 
40 5
6 21 39 44 31 
31 7
15 46 23 38 42 34 40 
44 11
7 6 25 27 42 24 40 49 43 8 33 
39 11
24 43 48 25 36 30 2 35 40 3 1 
33 9
47 17 0 21 46 44 12 20 23 
18 6
11 32 15 23 36 46 
3 6
41 1 39 46 12 42 
2 8
4 6 9 38 39 37 24 23 
28 7
27 5 43 4 49 23 19 
14 9
13 11 30 23 4 19 27 32 5 
47 7
1 33 20 12 4 24 21 
48 8
46 32 39 15 10 21 11 27 
20 4
47 1 33 10 
10 6
4 7 13 48 29 20 
1 6
47 35 3 36 20 39 
24 9
39 47 25 21 44 6 45 2 30 
37 7
4 41 7 32 27 2 30 
35 8
1 11 32 29 7 45 19 39 
19 11
16 5 14 45 35 38 36 30 27 28 29 
27 10
0 13 19 44 11 37 14 28 48 12 
12 10
21 3 7 29 43 47 42 16 33 27 
11 6
18 35 14 15 27 48 
29 5
12 35 19 15 10 
30 6
14 39 19 24 37 9 
38 7
0 31 7 32 2 19 42 
5 7
43 8 19 17 28 14 34 
7 12
44 8 23 36 10 4 49 12 38 35 34 37 
41 8
3 9 15 32 22 23 37 8 
26 3
25 8 43 
42 10
15 34 46 44 9 31 43 12 38 3 
43 10
28 9 39 5 21 12 42 16 44 26 
9 6
2 43 41 42 36 30 
6 6
36 2 44 40 24 4 
49 4
44 7 28 45 
