50
15 6
1 26 46 41 13 49 
49 10
3 18 26 15 28 48 9 44 46 4 
13 7
35 45 7 47 4 43 15 
41 11
16 35 1 5 29 15 40 20 22 17 6 
42 8
37 14 7 3 22 30 16 32 
32 7
19 3 48 39 44 16 42 
16 10
41 32 21 11 19 4 1 18 31 42 
30 10
38 14 26 27 9 28 12 42 37 21 
22 9
41 39 6 17 31 21 42 2 26 
3 9
25 32 36 49 46 44 42 1 18 
4 8
5 23 14 13 44 8 16 49 
46 10
12 7 29 15 17 3 49 8 44 33 
9 8
40 44 24 48 31 49 23 30 
26 7
28 15 2 14 49 30 22 
18 7
21 24 16 19 25 49 3 
20 5
34 0 33 41 25 
25 10
19 8 33 10 28 17 3 18 34 20 
21 11
27 18 16 0 29 7 47 43 30 22 19 
31 7
1 9 16 44 22 19 11 
6 5
43 27 10 22 41 
39 12
19 27 48 17 33 32 40 22 11 10 47 7 
17 11
22 23 45 39 24 10 29 25 38 46 41 
2 5
29 22 26 12 8 
8 12
46 5 38 25 23 37 47 4 35 2 14 40 
12 5
46 29 2 45 30 
44 9
14 32 49 4 46 0 3 9 31 
0 10
21 11 47 28 45 36 44 5 20 34 
45 6
28 17 13 0 37 12 
33 6
25 39 20 36 46 48 
19 13
32 36 39 25 38 16 18 35 27 31 24 37 21 
7 6
46 28 42 13 21 39 
47 8
21 13 8 35 29 0 39 1 
10 7
1 24 37 25 6 17 39 
11 8
36 0 38 16 31 27 14 39 
40 5
41 9 36 39 8 
27 9
6 19 23 30 21 11 34 39 14 
37 8
42 10 30 8 19 45 5 38 
35 6
47 13 41 19 8 23 
29 8
2 14 41 12 46 47 21 17 
43 4
6 34 21 13 
38 7
30 8 19 5 11 37 17 
5 8
28 4 8 14 38 41 37 0 
48 7
9 39 34 32 49 36 33 
36 9
19 3 40 48 28 33 0 11 24 
1 7
3 41 15 10 16 31 47 
14 10
44 8 30 29 42 11 4 26 5 27 
28 10
49 45 26 5 7 25 24 0 30 36 
23 6
4 17 27 9 8 35 
24 7
10 19 18 17 28 9 36 
34 6
20 25 27 48 43 0 
