20
3 10
12 2 11 4 5 8 16 9 17 0 
0 10
15 1 5 3 12 7 13 9 16 8 
17 10
11 10 14 8 12 13 7 4 18 3 
16 7
0 7 1 5 3 18 8 
5 9
13 6 8 16 0 15 18 3 9 
4 9
8 14 1 3 10 15 13 17 11 
8 16
14 18 4 15 10 17 2 6 19 12 0 9 1 5 16 3 
18 12
6 7 17 14 1 5 12 11 19 2 8 16 
9 7
2 7 10 0 8 3 5 
15 10
11 0 8 4 13 7 1 5 2 19 
2 10
9 3 18 1 15 10 7 8 12 14 
11 10
19 17 13 15 14 12 3 1 18 4 
12 12
14 8 11 3 18 1 7 0 10 19 2 17 
1 12
18 16 8 4 13 12 0 15 10 11 6 2 
14 9
8 12 4 18 11 17 13 19 2 
7 12
18 6 16 9 17 12 0 10 15 2 19 13 
10 9
8 9 17 12 4 1 13 7 2 
13 11
11 17 19 5 1 4 10 15 0 14 7 
19 9
11 14 18 6 8 15 12 13 7 
6 6
7 19 18 5 1 8 
