100
52 1
2 
2 4
38 75 33 52 
34 5
78 83 7 6 97 
97 5
86 83 33 74 34 
89 3
9 69 65 
65 12
47 28 68 66 29 63 61 69 73 94 39 89 
9 4
87 89 75 74 
74 3
4 97 9 
16 3
4 83 29 
29 4
65 13 59 16 
32 3
51 37 82 
82 4
57 5 49 32 
40 1
38 
38 7
2 81 35 26 56 14 40 
5 5
95 48 18 82 11 
11 3
36 59 5 
0 4
75 90 33 10 
10 3
72 26 0 
33 7
50 54 0 39 97 2 58 
77 1
75 
75 10
0 59 44 9 58 47 2 93 77 90 
18 5
36 31 70 5 3 
3 4
61 51 1 18 
25 1
84 
84 6
39 95 21 71 99 25 
64 5
26 61 50 57 36 
36 8
11 18 83 92 60 13 80 64 
78 5
48 34 42 79 80 
80 5
26 23 36 78 79 
4 4
16 74 45 81 
81 3
38 68 4 
15 3
8 55 1 
1 4
3 42 46 15 
48 6
78 93 42 68 5 95 
95 7
5 24 21 84 31 48 44 
88 3
99 83 39 
39 5
84 55 33 65 88 
60 2
36 17 
17 4
6 7 92 60 
7 5
41 20 34 12 17 
94 2
65 57 
57 4
91 64 82 94 
24 3
63 95 93 
93 5
43 48 75 71 24 
70 2
18 8 
8 4
98 15 63 70 
66 2
65 51 
51 4
32 66 3 53 
54 2
33 28 
28 7
87 65 22 83 31 54 6 
98 5
50 68 8 44 46 
46 3
47 98 1 
68 6
48 65 35 19 81 98 
49 4
71 90 87 82 
23 3
90 58 80 
41 3
7 73 21 
21 5
95 87 41 84 71 
6 6
44 43 34 17 28 45 
31 3
18 28 95 
83 9
16 56 88 36 28 97 67 34 92 
22 2
14 28 
87 7
9 28 13 49 43 21 12 
42 5
48 78 1 63 91 
91 4
63 42 57 30 
63 7
24 91 65 42 86 8 96 
79 3
78 55 80 
26 5
64 30 38 80 10 
71 8
93 90 21 84 49 58 47 72 
72 2
10 71 
47 5
46 62 65 71 75 
92 4
17 12 36 83 
53 1
51 
45 2
4 6 
96 1
63 
86 3
97 63 20 
56 3
13 83 38 
67 3
59 83 55 
19 2
58 68 
35 4
73 68 38 50 
12 3
92 87 7 
73 3
35 41 65 
61 4
64 3 65 27 
30 2
26 91 
43 4
6 93 37 87 
13 5
36 56 87 29 76 
50 5
98 33 64 35 69 
27 1
61 
14 2
22 38 
69 3
89 65 50 
44 5
6 98 75 95 62 
37 3
43 32 59 
59 6
67 29 11 37 75 85 
58 5
23 71 19 75 33 
76 1
13 
90 5
23 49 0 71 75 
62 2
47 44 
55 5
99 39 15 79 67 
99 3
88 55 84 
20 2
7 86 
85 1
59 
