100
89 4
14 84 18 64 
64 12
90 36 95 87 80 54 37 21 89 48 85 17 
28 6
51 21 62 39 66 17 
17 7
21 68 54 49 64 48 28 
36 10
74 64 51 67 73 99 0 98 39 25 
25 4
75 67 22 36 
5 5
76 16 23 0 85 
85 9
52 6 64 53 45 97 61 11 5 
98 7
96 53 21 59 78 36 2 
2 5
33 61 47 49 98 
12 4
53 19 91 50 
50 9
44 46 23 65 41 80 0 29 12 
0 6
50 27 5 36 78 84 
84 7
4 40 97 89 71 74 0 
88 4
99 15 7 75 
75 5
93 25 91 8 88 
23 5
96 50 5 40 91 
91 7
56 40 61 12 42 75 23 
18 6
73 33 89 94 51 7 
7 9
38 95 88 67 47 27 78 16 18 
21 7
98 17 28 96 42 64 59 
54 4
73 64 17 38 
38 7
6 7 45 71 47 43 54 
92 3
70 80 41 
41 7
50 93 56 51 76 60 92 
87 5
64 31 70 69 45 
45 15
20 30 70 83 72 38 57 65 14 85 67 87 94 47 58 
68 5
10 17 74 58 51 
51 8
28 36 4 6 94 41 18 68 
60 4
71 96 63 41 
9 4
61 56 99 93 
93 7
4 22 32 41 67 75 9 
1 7
61 97 57 13 16 44 24 
24 6
53 15 31 39 57 1 
76 4
5 86 41 81 
81 4
78 55 76 20 
57 6
22 49 1 45 13 24 
8 2
30 75 
42 6
86 82 21 69 63 91 
4 6
84 93 51 82 15 63 
63 6
39 60 42 30 13 4 
48 6
10 58 64 13 17 31 
31 8
6 20 87 3 26 24 71 48 
34 3
55 97 15 
15 9
27 4 65 88 72 24 78 34 66 
67 8
36 66 90 6 7 45 93 25 
77 1
32 
32 4
93 22 71 77 
66 5
28 67 26 15 10 
10 3
48 68 66 
70 4
96 92 87 45 
72 4
15 35 45 6 
6 8
85 31 51 86 13 67 38 72 
74 3
36 68 84 
13 8
48 83 1 6 99 22 57 63 
97 11
1 33 56 34 84 85 22 30 82 55 62 
62 5
40 83 28 22 97 
55 4
37 34 81 97 
82 6
16 59 42 4 49 97 
30 10
59 8 27 99 65 95 63 45 26 97 
22 12
62 25 58 32 93 97 13 80 90 40 57 52 
35 3
72 59 73 
73 5
18 54 36 71 35 
16 4
82 1 5 7 
71 7
60 49 38 32 31 73 84 
59 6
98 82 30 19 35 21 
96 10
23 70 98 60 14 44 33 21 19 58 
26 5
31 66 14 30 95 
95 6
20 64 7 30 19 26 
14 8
11 89 45 26 46 44 96 79 
83 4
13 62 94 45 
37 5
61 64 99 55 94 
94 8
18 83 51 45 46 56 99 37 
46 5
43 56 14 50 94 
65 6
30 45 47 15 50 61 
61 10
37 91 44 9 85 2 53 1 3 65 
78 8
81 86 20 98 40 7 0 15 
27 6
39 99 30 0 15 7 
47 6
65 38 86 45 2 7 
11 2
14 85 
90 3
64 67 22 
33 8
29 79 18 20 2 97 96 86 
86 6
6 42 78 47 76 33 
52 2
85 22 
79 3
33 56 14 
44 5
96 1 50 61 14 
39 9
58 19 27 28 24 40 36 63 56 
56 9
91 46 49 9 97 79 94 41 39 
99 9
37 43 27 9 88 30 36 13 94 
40 8
62 91 29 84 78 39 23 22 
80 5
64 3 92 22 50 
3 3
80 31 61 
53 5
12 24 85 98 61 
43 3
46 99 38 
69 3
29 87 42 
49 7
58 57 56 17 82 71 2 
58 7
39 48 49 68 45 22 96 
19 5
95 59 39 12 96 
29 4
33 69 40 50 
20 6
95 78 31 33 45 81 
