100
51 1
87 
87 2
47 51 
98 3
15 76 46 
46 1
98 
15 3
97 70 98 
4 1
28 
28 3
18 72 4 
5 1
17 
17 5
47 3 5 80 38 
75 1
96 
96 4
66 12 20 75 
78 1
35 
35 2
45 78 
91 1
24 
24 3
37 85 91 
47 4
37 57 17 87 
72 5
11 1 30 27 28 
48 1
23 
23 2
85 48 
41 1
20 
20 3
49 96 41 
54 1
52 
52 2
84 54 
82 1
13 
13 3
45 68 82 
79 2
58 49 
49 3
20 50 79 
56 1
8 
8 4
65 37 40 56 
85 2
24 23 
80 1
17 
18 3
29 28 83 
83 2
97 18 
30 1
72 
1 1
72 
11 3
31 93 72 
65 2
8 53 
53 2
60 65 
7 1
6 
6 2
39 7 
92 1
71 
71 3
44 42 92 
97 5
10 15 27 19 83 
0 1
68 
68 3
13 55 0 
12 1
96 
39 2
94 6 
94 5
42 76 58 10 39 
22 5
59 16 44 9 61 
61 1
22 
9 2
22 25 
44 4
71 22 43 64 
16 6
32 37 89 93 67 22 
36 1
50 
50 5
63 36 49 84 34 
70 2
15 81 
81 1
70 
66 2
37 96 
37 9
16 8 45 26 47 66 21 24 90 
95 1
76 
76 3
98 94 95 
69 1
31 
31 3
11 45 69 
19 2
97 74 
74 1
19 
45 6
37 13 14 73 35 31 
40 1
8 
99 1
27 
27 3
72 97 99 
29 2
18 77 
77 2
10 29 
21 1
37 
26 2
37 63 
63 3
26 50 88 
32 2
42 16 
42 3
32 94 71 
67 2
60 16 
93 3
16 60 11 
89 1
16 
57 2
47 86 
86 1
57 
73 1
45 
14 3
45 2 33 
60 3
67 93 53 
25 1
9 
33 1
14 
2 1
14 
34 1
50 
90 2
37 62 
10 3
94 97 77 
62 1
90 
3 1
17 
55 1
68 
58 2
79 94 
64 2
44 59 
43 1
44 
88 1
63 
38 1
17 
59 2
22 64 
84 2
50 52 
