100
92 3
53 88 76 
76 7
62 87 66 71 11 40 92 
48 6
34 47 49 25 1 13 
13 6
14 50 70 47 53 48 
23 6
57 14 84 89 21 59 
59 3
68 45 23 
82 6
72 60 29 24 79 47 
47 7
48 16 30 13 94 82 43 
91 9
21 70 87 96 14 50 27 26 95 
95 7
38 24 37 18 79 87 91 
2 5
10 65 79 60 54 
54 7
57 10 6 12 72 96 2 
61 4
66 6 58 63 
63 6
70 43 8 33 42 61 
38 4
90 99 95 88 
88 5
43 81 92 96 38 
96 6
26 91 21 89 54 88 
53 4
92 34 64 13 
78 6
79 30 89 24 20 34 
34 7
48 53 30 62 18 84 78 
83 3
25 26 44 
44 8
58 60 71 27 74 10 5 83 
1 5
25 48 57 30 81 
81 6
79 32 88 22 25 1 
40 6
18 84 15 31 67 76 
4 4
62 80 27 31 
31 8
80 25 40 20 60 18 68 4 
39 2
56 36 
36 7
75 18 41 98 39 97 35 
12 5
3 9 86 54 20 
20 9
57 78 21 24 74 31 3 14 12 
98 2
84 36 
71 5
76 44 6 32 5 
5 6
86 44 16 29 71 22 
28 5
26 21 0 65 90 
90 6
18 38 14 19 85 28 
66 6
61 76 18 22 30 57 
57 6
23 54 20 1 66 37 
18 14
68 66 51 89 0 87 34 40 90 36 95 93 79 31 
70 5
91 63 7 13 94 
94 5
49 47 69 67 70 
67 7
11 26 74 27 9 40 94 
73 2
9 17 
17 4
29 3 69 73 
65 6
55 62 28 52 2 19 
19 6
24 46 49 93 90 65 
7 6
42 74 89 45 70 80 
80 6
31 4 68 97 84 7 
9 7
50 33 77 12 69 73 67 
93 8
16 50 6 55 3 18 69 19 
69 6
9 17 86 15 94 93 
3 9
24 12 20 93 6 99 8 87 17 
24 11
3 95 11 78 82 27 20 19 26 15 72 
72 6
42 54 84 24 82 32 
15 4
49 69 40 24 
26 10
28 91 83 84 24 77 96 16 33 67 
27 7
4 62 44 22 67 91 24 
64 5
45 84 99 53 52 
52 8
68 65 85 49 64 87 56 29 
35 3
87 86 36 
8 6
63 85 3 16 51 49 
49 8
48 86 94 15 52 97 19 8 
16 6
47 75 5 93 26 8 
29 6
82 89 21 17 52 5 
85 7
89 8 55 90 14 52 30 
51 3
99 8 18 
89 11
29 85 7 32 22 23 78 37 18 96 50 
0 4
46 28 45 18 
22 6
89 27 81 6 66 5 
30 7
34 78 99 1 66 85 47 
14 8
13 23 43 90 20 91 56 85 
41 3
74 75 36 
75 3
36 16 41 
74 7
67 20 79 77 7 41 44 
10 5
62 54 2 42 44 
50 5
9 91 93 13 89 
45 5
64 32 7 0 59 
68 9
18 52 25 31 59 46 80 43 58 
37 4
43 89 95 57 
60 4
82 44 2 31 
97 3
36 49 80 
62 9
10 76 27 4 86 34 65 99 6 
6 9
79 71 93 22 3 55 61 54 62 
87 9
35 91 21 11 95 52 76 18 3 
99 7
11 51 64 30 62 38 3 
55 4
65 85 93 6 
86 7
5 49 62 69 35 12 33 
33 4
9 26 63 86 
58 3
44 61 68 
46 4
0 19 68 11 
79 9
78 18 74 81 2 6 32 82 95 
56 4
52 39 14 25 
25 7
48 31 1 83 68 56 81 
11 6
67 24 99 87 76 46 
21 8
96 28 91 87 29 23 20 77 
77 5
42 26 9 74 21 
84 8
64 23 72 98 40 34 26 80 
42 5
77 72 7 10 63 
32 7
79 45 81 43 89 71 72 
43 7
88 37 32 63 68 14 47 
