30
8 9
0 6 22 12 11 21 24 17 18 
18 9
0 15 22 11 28 27 2 26 8 
17 8
28 1 3 7 8 19 21 24 
24 9
23 5 4 8 29 10 28 17 11 
19 5
23 20 11 17 16 
16 4
28 19 14 23 
11 14
18 3 5 4 24 10 13 15 29 19 7 28 22 8 
6 9
8 12 13 10 1 28 9 26 2 
2 7
13 21 18 3 26 6 0 
9 7
1 15 0 10 4 12 6 
1 9
22 28 9 17 15 10 29 5 6 
10 10
20 15 7 1 6 24 11 4 9 27 
13 8
2 3 5 29 28 6 11 25 
3 8
29 13 25 23 17 26 2 11 
23 7
27 19 25 24 15 3 16 
14 5
7 5 26 16 28 
28 9
6 1 18 17 24 11 16 13 14 
4 11
5 7 22 25 0 10 9 21 24 11 20 
15 7
23 9 7 18 1 10 11 
29 7
12 25 13 24 11 3 1 
26 8
6 21 2 14 20 12 3 18 
27 6
12 18 7 10 23 22 
22 8
25 8 11 18 1 5 4 27 
7 11
4 14 25 15 0 10 17 27 5 11 21 
25 8
22 23 29 5 3 4 7 13 
21 7
4 17 0 8 2 26 7 
5 10
4 25 14 24 11 22 13 7 1 12 
12 8
29 0 6 8 26 27 9 5 
20 4
10 19 26 4 
0 8
18 12 8 9 21 7 4 2 
