50
31 7
21 25 39 14 28 12 33 
33 10
43 17 9 31 21 23 18 1 26 35 
12 10
46 24 2 31 48 36 22 30 23 7 
48 6
8 49 14 1 12 22 
22 9
37 44 3 45 12 38 27 48 20 
1 10
5 41 37 49 36 28 48 42 46 33 
4 7
26 34 7 13 36 23 15 
15 8
44 9 18 3 32 4 42 36 
23 15
8 45 26 33 4 40 36 12 10 42 25 30 32 0 9 
13 8
18 2 45 28 27 43 4 36 
34 10
30 27 9 32 6 26 41 43 4 40 
3 11
28 38 42 11 49 22 36 30 15 44 32 
32 10
47 43 15 46 44 34 20 23 30 3 
44 8
37 22 15 17 3 6 32 40 
45 4
13 22 23 28 
28 10
38 3 1 47 49 31 10 13 45 24 
6 9
35 18 44 39 34 14 29 49 43 
43 9
34 13 32 6 46 33 16 18 5 
29 7
42 8 5 0 10 6 11 
14 11
0 19 26 6 31 48 27 39 38 21 30 
30 11
41 19 10 3 11 12 34 20 14 23 32 
20 5
10 42 32 30 22 
11 4
5 3 30 29 
49 8
6 16 48 28 27 3 1 19 
19 6
30 17 40 14 47 49 
42 8
41 23 29 0 15 3 1 20 
0 8
23 14 17 25 47 42 29 10 
24 5
12 35 2 21 28 
21 10
31 33 46 5 18 24 37 25 14 39 
2 7
38 10 27 12 24 13 7 
25 6
31 5 16 0 21 23 
7 5
4 9 12 8 2 
40 9
19 41 5 23 37 9 44 34 38 
17 8
41 0 9 18 19 33 44 47 
36 9
12 38 23 4 16 13 3 1 15 
8 8
23 37 38 48 35 29 7 41 
41 7
17 30 42 1 40 34 8 
38 8
28 8 3 2 36 22 14 40 
35 5
24 6 18 8 33 
9 8
17 23 15 7 16 33 34 40 
39 6
6 31 27 10 14 21 
10 9
2 20 39 30 23 29 0 28 27 
5 8
25 1 26 40 29 11 21 43 
27 8
2 22 49 34 39 14 10 13 
47 7
32 0 37 26 19 28 17 
37 8
44 8 22 18 1 40 47 21 
46 6
1 16 43 12 32 21 
16 6
9 46 25 36 49 43 
18 10
33 43 6 17 13 15 35 26 37 21 
26 8
47 4 33 23 34 14 5 18 
