50
38 2
17 42 
42 2
29 38 
9 1
12 
12 3
8 22 9 
27 1
15 
15 3
14 28 27 
35 1
8 
8 5
12 36 22 37 35 
5 1
45 
45 2
28 5 
46 2
43 17 
17 3
38 20 46 
43 2
40 46 
13 1
6 
6 3
2 18 13 
33 1
48 
48 4
36 30 49 33 
37 3
11 8 0 
0 1
37 
4 1
40 
40 3
36 43 4 
49 1
48 
30 1
48 
36 7
14 40 2 48 8 24 3 
18 1
6 
24 3
36 39 16 
16 1
24 
39 4
24 19 32 20 
22 2
8 12 
25 1
44 
44 2
28 25 
2 4
36 11 21 6 
21 1
2 
11 4
37 2 31 41 
29 3
14 42 23 
7 1
28 
28 5
14 44 15 45 7 
10 2
19 1 
1 1
10 
19 2
39 10 
3 2
36 34 
14 4
28 15 29 36 
23 2
34 29 
34 2
23 3 
41 1
11 
31 2
11 26 
20 3
17 39 47 
32 1
39 
26 1
31 
47 1
20 
