30
24 8
27 9 11 25 2 6 16 23 
23 9
14 8 19 5 1 12 0 15 24 
16 9
12 7 22 0 11 24 18 3 5 
6 7
13 9 28 17 3 24 25 
2 5
11 21 24 12 28 
13 6
27 6 7 12 21 11 
11 7
2 24 1 16 28 17 13 
21 8
29 10 4 2 19 3 13 14 
12 8
23 2 13 7 14 20 16 8 
15 6
18 4 25 23 9 8 
8 9
23 18 19 20 12 27 17 4 15 
9 10
20 22 24 1 6 19 26 15 25 7 
29 7
21 25 22 7 5 3 17 
17 6
29 11 8 6 28 7 
3 7
19 16 0 29 6 21 1 
5 6
7 19 23 29 0 16 
20 6
22 9 27 4 8 12 
14 4
23 27 12 21 
7 10
5 13 26 16 28 17 9 29 10 12 
26 6
0 7 1 9 28 19 
19 8
23 9 0 3 5 8 21 26 
28 6
7 6 26 2 11 17 
1 6
27 9 23 11 26 3 
25 8
24 9 15 29 0 6 22 4 
22 7
20 9 27 29 16 25 18 
18 4
15 16 8 22 
0 9
4 19 26 23 3 5 25 10 16 
10 4
21 0 7 27 
4 6
15 0 21 20 25 8 
27 8
24 13 1 22 14 20 8 10 
