50
24 8
37 10 39 9 27 41 19 35 
35 8
47 38 7 1 5 24 11 27 
41 10
47 12 42 19 46 24 40 18 3 25 
27 12
12 10 15 32 21 24 26 35 48 36 8 33 
39 11
12 43 4 16 23 1 29 15 11 24 14 
10 15
14 33 49 4 47 24 31 17 27 11 48 25 9 0 5 
4 9
17 25 20 39 16 7 10 1 42 
42 7
18 29 41 44 11 21 4 
1 16
20 35 18 45 0 6 4 43 3 5 12 38 32 30 39 14 
7 6
18 4 35 0 29 12 
47 9
32 35 41 9 10 11 36 44 14 
14 12
21 8 2 18 1 20 39 10 29 0 38 47 
44 6
21 13 29 42 47 22 
36 8
0 47 16 46 9 27 23 20 
11 10
22 39 42 25 9 17 10 47 2 35 
16 8
33 46 39 4 5 28 36 2 
2 7
20 14 11 21 38 25 16 
28 9
23 30 16 31 21 40 34 26 45 
12 12
37 0 32 1 26 19 27 48 41 7 39 34 
34 9
46 32 23 49 43 3 18 12 28 
48 6
3 10 30 31 27 12 
19 10
49 0 29 21 24 31 6 12 41 20 
32 10
37 47 34 12 1 27 31 38 29 8 
22 10
11 43 46 8 44 6 3 18 29 0 
5 10
16 20 10 29 1 31 35 37 21 13 
38 10
0 2 35 1 9 32 13 8 20 14 
33 7
6 16 10 29 9 27 18 
15 5
8 30 27 39 25 
25 8
4 18 11 10 15 26 2 41 
37 8
32 12 24 26 29 5 49 31 
31 9
19 21 37 28 48 32 10 3 5 
49 8
19 34 18 13 29 10 8 37 
29 16
13 19 46 7 22 49 5 3 32 45 39 33 44 14 37 42 
21 11
14 44 8 30 27 31 28 42 5 19 2 
8 9
14 15 21 27 9 22 38 49 32 
13 7
29 46 44 26 38 49 5 
18 11
42 1 41 7 49 25 33 22 23 14 34 
26 8
12 27 28 37 13 25 20 45 
46 11
34 16 17 13 41 29 0 22 30 36 6 
6 8
19 22 30 0 1 33 46 43 
0 14
14 40 10 17 46 7 45 6 19 1 22 36 38 12 
17 8
4 46 20 40 0 10 30 11 
9 8
47 36 38 8 33 24 11 10 
20 10
4 38 17 1 5 14 2 26 19 36 
30 9
45 15 46 1 21 28 48 17 6 
23 5
28 34 39 18 36 
3 7
22 48 31 1 41 34 29 
40 4
0 17 28 41 
45 6
30 29 0 28 1 26 
43 5
22 1 39 34 6 
