30
16 12
13 8 19 26 1 4 20 14 24 0 15 10 
10 14
23 16 14 20 17 27 18 5 24 13 19 9 1 22 
15 10
6 27 7 13 2 19 23 8 16 20 
24 17
11 8 5 20 4 26 6 19 28 17 9 27 10 29 12 16 25 
2 13
19 7 13 15 21 3 5 28 17 27 23 14 20 
20 13
12 16 25 7 6 27 9 1 24 0 10 15 2 
23 10
11 25 27 9 2 1 5 10 15 4 
27 16
11 18 20 2 6 19 3 25 24 15 10 14 23 7 17 8 
5 11
25 9 14 2 11 24 7 23 0 10 29 
25 13
5 12 19 14 20 21 24 29 23 27 9 8 4 
4 14
13 25 11 24 6 23 22 17 7 28 3 16 26 14 
8 11
1 16 12 21 24 27 15 0 25 19 26 
9 9
13 5 10 22 23 20 24 25 17 
17 13
4 13 7 27 9 3 21 24 29 10 2 26 6 
22 10
3 13 4 6 9 0 10 29 26 12 
12 14
22 29 24 18 3 6 19 26 28 7 25 8 21 20 
26 10
12 4 0 29 24 1 17 22 16 8 
29 12
25 6 26 0 21 24 17 7 13 12 22 5 
1 9
11 3 8 16 23 26 10 20 7 
7 13
2 20 12 13 18 3 5 1 29 15 17 27 4 
14 12
25 11 21 6 4 5 19 2 16 27 28 10 
28 8
24 21 4 6 2 19 14 12 
21 11
8 14 25 12 29 28 17 13 2 19 18 
18 7
27 6 10 12 7 13 21 
19 17
2 14 16 3 28 21 11 24 0 27 10 12 6 8 15 13 25 
13 14
16 21 11 18 15 29 10 19 2 7 17 4 9 22 
6 14
4 15 29 27 17 28 19 0 22 20 14 24 18 12 
3 11
1 22 12 19 2 7 27 17 11 0 4 
0 11
11 22 6 20 16 8 29 5 3 26 19 
11 11
14 0 24 27 13 23 1 5 3 19 4 
