100
78 2
90 54 
54 6
70 10 4 89 78 20 
23 4
59 48 63 93 
93 7
80 30 95 23 3 28 31 
75 2
76 82 
82 3
2 84 75 
53 8
97 12 56 52 71 1 50 25 
25 5
13 83 5 17 53 
12 5
83 59 46 53 64 
64 8
32 27 22 30 88 14 15 12 
4 3
79 54 89 
89 6
27 70 94 54 35 4 
72 3
8 18 84 
84 5
40 76 0 82 72 
28 2
93 8 
8 6
11 19 72 66 49 28 
0 2
84 15 
15 3
64 9 0 
34 4
41 88 26 35 
35 5
47 33 22 89 34 
21 3
95 38 3 
3 2
93 21 
26 5
34 91 49 67 95 
95 9
21 65 92 58 97 93 26 9 48 
68 1
80 
80 6
57 93 98 17 44 68 
2 2
5 82 
39 4
29 18 96 44 
44 3
80 6 39 
9 2
95 15 
87 2
66 41 
41 5
57 34 92 37 87 
16 2
24 30 
30 7
93 92 42 64 61 76 16 
32 4
52 77 64 51 
51 2
50 32 
13 5
25 83 19 52 36 
36 3
88 60 13 
74 2
1 10 
10 5
79 54 85 74 45 
45 3
59 81 10 
31 1
93 
57 4
62 80 41 19 
19 5
17 8 13 7 57 
17 4
19 80 24 25 
18 5
39 72 71 33 76 
76 5
30 58 75 84 18 
71 7
53 42 85 52 56 38 18 
60 5
99 77 29 36 65 
20 1
54 
86 5
79 81 1 37 43 
43 1
86 
37 4
1 86 62 41 
1 5
37 74 98 53 86 
5 3
25 85 2 
85 5
59 71 83 5 10 
14 5
62 64 83 33 46 
46 2
12 14 
83 9
12 13 55 25 65 85 58 49 14 
91 2
26 52 
52 5
53 32 13 71 91 
70 3
54 89 24 
24 3
16 17 70 
66 3
87 92 8 
92 5
41 95 30 66 98 
88 5
36 34 55 64 50 
6 3
94 44 59 
59 5
45 23 12 85 6 
33 5
61 35 18 14 98 
98 5
92 1 33 7 80 
49 5
22 83 26 8 99 
69 2
22 11 
11 3
8 58 69 
81 4
45 55 86 62 
62 6
57 42 14 37 67 81 
7 3
98 90 19 
48 2
23 95 
97 5
53 95 79 94 27 
58 6
76 83 95 77 11 40 
94 4
6 55 97 89 
40 5
77 67 84 58 63 
63 2
23 40 
38 2
21 71 
56 3
53 96 71 
42 3
62 30 71 
61 3
33 30 67 
77 9
40 60 58 47 32 55 29 22 96 
65 4
95 27 83 60 
90 2
78 7 
96 4
39 67 56 77 
22 5
64 49 35 69 77 
29 3
77 39 60 
55 6
83 27 81 88 94 77 
47 2
35 77 
99 2
60 49 
27 5
89 55 65 64 97 
79 4
10 86 4 97 
67 5
40 96 26 62 61 
50 4
88 73 53 51 
73 1
50 
