30
18 9
28 20 3 6 4 25 21 19 0 
0 15
23 8 10 18 5 22 1 4 2 26 17 21 20 3 16 
19 13
25 13 10 17 9 23 24 8 3 18 6 14 26 
21 12
13 11 24 26 2 10 29 15 0 18 5 16 
25 14
15 20 27 28 17 9 22 3 18 14 26 19 12 24 
16 9
9 7 23 6 0 12 1 20 21 
20 14
27 25 6 12 26 14 0 22 9 28 16 3 11 18 
1 13
4 5 28 2 6 22 24 11 29 0 10 13 16 
12 10
3 9 29 16 8 20 25 2 11 24 
13 10
21 19 4 10 15 8 5 3 1 22 
10 12
14 21 23 13 27 19 2 26 15 0 3 1 
11 13
21 12 8 20 3 1 2 26 29 27 9 17 7 
22 15
24 27 25 4 8 17 13 29 15 0 1 5 3 20 26 
6 10
24 23 9 16 7 18 1 20 19 15 
9 14
23 17 7 14 20 4 11 19 6 29 25 12 16 5 
17 12
7 19 25 29 0 22 23 27 28 9 11 3 
7 11
4 3 16 26 29 6 23 17 28 9 11 
14 9
8 20 25 26 19 10 15 9 27 
4 14
26 8 3 18 22 0 1 9 27 29 15 13 28 7 
8 11
14 11 15 0 13 4 19 2 22 12 5 
29 11
7 17 9 12 1 3 4 24 21 11 22 
3 18
12 20 25 24 18 11 4 22 0 29 15 13 7 17 28 10 27 19 
24 11
29 6 25 21 1 3 2 19 22 23 12 
28 11
7 20 25 18 1 5 3 15 4 27 17 
15 12
25 8 21 23 22 3 13 4 14 10 28 6 
26 12
4 7 27 22 21 11 25 10 0 14 20 19 
23 13
6 16 0 10 15 7 5 24 19 2 9 27 17 
2 10
5 1 11 21 24 10 0 23 12 8 
5 10
1 2 9 28 22 23 13 0 8 21 
27 12
17 28 4 26 22 23 3 11 10 20 14 25 
