30
28 7
22 10 15 4 9 17 25 
25 8
2 8 5 29 12 20 28 11 
17 8
14 12 26 10 28 22 4 8 
9 10
28 5 3 2 26 20 14 10 0 15 
4 6
16 24 7 22 28 17 
15 10
10 22 14 20 28 9 11 24 6 7 
22 10
6 15 10 4 5 3 28 17 20 14 
7 9
23 21 24 29 15 4 1 5 2 
24 9
4 7 11 8 6 10 15 3 1 
1 8
3 7 26 8 23 12 24 29 
29 7
0 23 3 1 26 7 25 
12 8
14 17 3 5 1 6 25 21 
23 7
19 29 7 16 1 21 27 
8 9
25 26 21 24 16 18 5 1 17 
26 9
11 19 1 29 17 9 27 8 20 
0 6
29 13 9 19 18 6 
10 12
15 20 22 2 19 28 27 17 9 24 11 13 
14 10
20 15 12 5 17 9 27 22 2 13 
20 7
14 22 10 15 9 25 26 
3 10
12 29 1 18 5 19 2 9 22 24 
5 13
22 21 12 8 25 14 6 18 3 9 27 13 7 
6 7
22 5 24 15 0 16 12 
18 5
3 5 0 8 16 
19 5
23 3 26 0 10 
13 8
0 10 16 21 11 5 2 14 
11 7
26 21 24 13 15 10 25 
27 5
10 26 14 23 5 
2 7
25 9 10 7 13 3 14 
16 6
4 23 13 8 6 18 
21 7
8 5 13 7 11 23 12 
