30
13 7
16 10 5 18 14 21 11 
11 12
18 19 6 12 0 29 10 9 21 4 7 13 
14 16
12 23 28 17 9 0 13 15 29 27 10 26 25 21 4 6 
18 9
11 12 4 19 2 10 15 29 13 
5 10
25 10 2 6 27 17 13 23 22 3 
19 11
25 16 23 18 3 1 11 21 24 17 10 
10 13
5 3 18 23 22 14 7 13 11 21 2 26 19 
17 6
21 14 7 9 5 19 
24 9
7 22 15 27 9 12 26 19 4 
1 8
16 20 28 23 3 2 19 15 
3 17
20 26 8 5 15 29 27 10 7 19 2 1 0 22 23 12 4 
6 7
11 8 5 23 26 14 20 
20 11
16 3 1 7 25 23 29 15 26 2 6 
26 13
7 3 8 12 6 27 28 24 29 10 20 14 22 
8 9
16 26 12 9 23 6 0 3 25 
29 11
4 12 11 7 26 22 20 14 18 3 16 
0 7
11 7 25 8 3 23 14 
7 14
10 11 24 16 3 29 21 20 17 12 0 9 22 26 
2 8
23 10 15 1 5 3 18 20 
16 10
8 19 1 20 12 29 13 7 9 27 
27 6
3 5 14 24 26 16 
9 9
14 17 7 24 11 22 23 8 16 
12 13
14 29 28 26 7 18 3 11 24 8 16 23 22 
4 9
29 14 25 3 18 21 11 24 23 
21 8
17 4 14 19 10 11 13 7 
22 10
24 7 28 9 10 29 3 5 12 26 
23 15
2 10 15 12 4 5 9 0 1 3 20 14 8 6 19 
28 5
12 22 1 26 14 
15 9
24 25 2 23 20 14 3 18 1 
25 8
5 19 4 0 15 20 14 8 
