50
29 3
34 20 43 
43 2
36 29 
22 2
15 40 
40 2
17 22 
36 2
38 43 
18 2
44 24 
24 5
10 8 13 4 18 
16 1
38 
38 6
21 25 7 9 36 16 
47 1
0 
0 3
42 14 47 
4 3
12 10 24 
31 2
23 19 
19 8
14 23 30 48 31 37 21 3 
8 4
27 21 24 5 
5 3
17 41 8 
20 4
12 29 2 1 
1 5
23 10 49 33 20 
9 1
38 
10 5
24 2 1 41 4 
33 2
45 1 
28 2
25 34 
34 3
29 35 28 
41 5
30 5 2 10 6 
6 1
41 
2 4
20 10 41 26 
7 1
38 
13 2
24 39 
39 3
25 13 15 
15 5
22 49 39 44 12 
12 3
20 4 15 
44 2
18 15 
42 4
0 27 17 14 
14 3
19 42 0 
17 5
30 25 5 42 40 
49 3
15 25 1 
25 6
28 17 35 39 49 38 
11 1
26 
26 2
2 11 
35 3
48 25 34 
30 6
41 19 45 17 27 32 
46 1
27 
27 4
42 30 8 46 
3 1
19 
21 3
8 38 19 
37 1
19 
48 3
35 19 23 
23 4
19 1 31 48 
32 1
30 
45 2
33 30 
