50
46 5
32 2 9 42 18 
18 12
47 45 5 30 21 10 15 40 14 31 28 46 
41 7
48 20 24 11 7 13 49 
49 7
16 32 24 9 15 3 41 
28 7
36 47 42 39 25 10 18 
19 5
2 43 15 8 11 
11 10
37 27 6 3 23 22 36 41 47 19 
37 10
11 29 47 13 38 25 6 2 26 45 
45 7
25 27 18 3 24 37 36 
0 5
6 1 42 47 38 
38 7
30 37 24 0 14 39 34 
40 5
3 18 47 39 42 
42 16
16 35 40 23 43 27 48 26 32 44 28 7 46 5 12 0 
17 5
23 47 4 21 9 
9 11
10 36 13 49 35 2 46 16 27 17 6 
34 3
3 22 38 
24 7
41 49 5 32 2 45 38 
22 7
25 11 1 5 34 48 33 
33 11
15 1 2 12 6 43 4 16 14 48 22 
36 9
7 28 9 11 23 25 1 26 45 
1 10
12 4 0 33 35 26 6 22 36 5 
5 10
47 6 29 22 24 18 3 1 42 16 
48 8
31 41 39 21 22 42 32 33 
43 7
31 44 33 19 4 21 42 
4 10
1 15 29 25 33 43 32 6 17 27 
27 7
11 35 45 23 9 42 4 
31 6
48 43 18 15 7 2 
2 9
19 37 24 33 46 44 32 9 31 
7 8
41 21 16 36 30 10 42 31 
23 7
11 21 27 17 36 12 42 
21 6
7 23 17 48 43 18 
20 5
30 8 41 3 35 
35 8
1 29 25 42 27 9 14 20 
3 10
11 25 45 5 47 49 39 40 34 20 
32 9
46 8 4 49 2 48 42 24 29 
25 10
45 35 4 28 37 22 36 3 13 16 
16 11
29 49 42 13 7 44 33 5 9 25 39 
12 6
1 33 23 42 10 14 
14 7
38 6 35 18 13 33 12 
44 7
15 2 42 43 47 16 8 
8 6
20 32 13 29 19 44 
47 12
28 17 13 40 18 5 3 44 0 10 37 11 
26 5
10 36 1 37 42 
10 7
18 26 9 28 7 12 47 
15 8
33 44 30 19 31 4 49 18 
30 7
20 29 15 7 38 6 18 
29 9
30 37 35 4 5 16 8 6 32 
13 9
37 16 8 9 47 25 41 39 14 
39 8
3 13 28 48 6 40 38 16 
6 12
0 29 33 1 5 4 14 39 11 37 30 9 
