50
13 5
32 17 41 23 39 
39 10
43 48 3 18 44 36 0 29 13 21 
23 8
4 33 21 13 10 0 35 38 
15 7
8 36 30 17 2 3 43 
43 4
37 39 38 15 
3 7
39 31 24 16 0 15 6 
2 7
6 15 38 25 34 17 11 
17 4
12 13 15 2 
24 4
32 3 36 26 
26 4
0 28 18 24 
36 10
15 6 25 24 11 48 28 40 39 35 
25 4
33 6 36 2 
11 7
7 46 35 19 2 30 36 
34 8
37 4 45 2 20 7 5 1 
38 10
8 29 43 1 23 19 35 2 45 28 
6 5
25 36 0 2 3 
35 9
46 11 19 38 32 31 18 23 36 
0 10
3 6 26 9 27 22 23 10 39 41 
10 8
4 40 44 8 0 21 23 12 
21 4
23 10 39 9 
9 6
19 0 7 49 48 21 
29 6
38 1 46 33 39 4 
4 5
23 27 34 10 29 
33 6
25 23 42 12 37 29 
46 9
35 30 42 12 29 40 20 11 49 
49 2
9 46 
42 4
40 33 46 47 
47 6
16 19 18 42 22 14 
18 6
44 35 26 20 39 47 
28 6
20 26 45 36 38 8 
32 7
24 13 7 35 19 44 40 
40 6
41 36 10 42 46 32 
44 6
18 10 39 30 32 27 
19 9
9 38 41 32 47 11 30 35 45 
27 3
4 0 44 
20 4
28 18 46 34 
37 5
34 43 33 16 48 
12 6
16 33 46 17 48 10 
48 7
39 14 9 36 37 45 12 
30 7
15 14 11 46 44 16 19 
8 6
5 38 14 15 10 28 
45 5
28 48 38 34 19 
1 3
29 38 34 
7 6
11 32 9 14 34 5 
5 5
8 34 14 41 7 
41 6
5 13 19 40 14 0 
22 2
0 47 
14 7
30 8 5 7 41 48 47 
31 3
35 3 16 
16 6
12 47 30 31 3 37 
