20
8 10
12 16 5 6 0 19 13 7 9 17 
17 8
14 12 10 9 3 1 16 8 
7 9
4 2 5 18 11 0 10 15 8 
19 12
4 5 18 1 6 14 8 11 10 0 12 9 
4 10
7 5 12 19 2 6 11 10 15 0 
0 14
9 4 19 2 8 10 15 13 7 11 12 14 16 3 
11 10
6 1 5 18 14 0 7 4 19 16 
6 11
12 13 11 19 8 16 14 4 15 18 3 
10 11
4 9 17 7 16 0 15 3 5 1 19 
1 9
11 2 19 16 18 15 10 17 12 
5 10
11 4 19 2 10 8 16 14 7 13 
15 9
4 3 1 2 0 10 7 12 6 
2 8
7 4 1 18 5 0 15 16 
16 12
17 13 14 8 6 1 18 5 2 10 0 11 
13 10
14 16 8 6 9 0 12 18 3 5 
14 10
17 13 16 0 11 19 12 6 18 5 
18 10
6 19 2 11 1 14 16 13 7 9 
9 8
10 0 12 13 8 17 19 18 
12 12
6 17 9 4 8 14 13 3 1 19 0 15 
3 7
12 0 10 15 13 17 6 
