100
82 1
96 
96 2
31 82 
40 3
38 16 42 
42 3
50 45 40 
91 1
74 
74 7
84 95 70 91 50 44 34 
80 1
28 
28 4
25 32 92 80 
48 1
23 
23 5
94 33 36 62 48 
97 1
87 
87 2
33 97 
85 2
73 33 
33 9
5 93 45 67 14 23 87 53 85 
22 2
59 11 
11 5
43 78 63 90 22 
34 3
13 74 16 
16 3
2 40 34 
52 1
14 
14 2
33 52 
88 1
56 
56 2
29 88 
18 3
54 35 57 
57 2
64 18 
35 3
43 59 18 
83 2
38 0 
0 3
54 30 83 
92 1
28 
32 1
28 
29 2
17 56 
79 1
24 
24 2
75 79 
41 1
53 
53 2
33 41 
76 1
63 
63 3
11 72 76 
1 2
49 60 
60 2
9 1 
15 2
75 81 
81 1
15 
75 4
54 89 24 15 
4 3
54 39 6 
6 1
4 
39 1
4 
54 10
18 95 94 99 93 75 0 10 7 4 
13 2
34 51 
51 2
95 13 
44 1
74 
50 2
42 74 
70 2
74 65 
95 9
54 38 74 19 69 89 12 77 51 
5 3
33 93 71 
71 2
5 17 
93 5
30 54 33 26 5 
65 3
9 70 21 
21 2
86 65 
7 1
54 
2 4
16 19 86 49 
49 3
2 1 66 
19 2
95 2 
25 3
43 9 28 
9 3
65 25 60 
43 5
94 25 11 64 35 
10 1
54 
27 3
89 84 47 
47 2
62 27 
84 2
74 27 
89 4
95 75 27 3 
26 1
93 
30 2
93 0 
17 2
71 29 
99 3
54 46 20 
94 5
23 54 43 86 73 
20 1
99 
86 3
21 2 94 
73 2
85 94 
31 2
64 96 
64 3
57 43 31 
45 2
33 42 
55 1
90 
90 2
11 55 
62 3
47 72 23 
3 1
89 
36 1
23 
67 1
33 
78 1
11 
72 2
62 63 
98 2
12 8 
8 1
98 
12 3
95 68 98 
61 1
69 
69 3
95 58 61 
38 3
83 40 95 
58 1
69 
77 2
95 37 
66 1
49 
37 1
77 
59 2
22 35 
68 1
12 
46 1
99 
