20
4 13
7 14 8 9 17 15 10 18 5 3 1 11 2 
2 9
9 19 12 8 16 4 14 10 5 
11 12
19 16 6 12 15 10 0 18 1 5 4 9 
1 11
3 12 11 13 9 17 10 0 15 4 8 
3 10
12 9 8 10 0 19 1 5 6 4 
10 12
15 12 3 1 13 7 4 11 19 2 8 16 
17 9
7 15 8 1 5 18 4 9 12 
16 11
9 6 11 13 7 8 19 2 5 15 10 
5 11
4 6 9 17 3 7 13 11 8 16 2 
14 4
8 4 12 2 
12 13
7 6 2 8 0 10 15 14 11 17 3 1 18 
9 12
2 16 1 3 5 4 0 15 7 13 11 17 
18 6
11 4 8 6 17 12 
7 10
12 5 17 9 4 10 19 8 16 13 
13 8
10 16 9 19 1 5 6 7 
0 8
9 12 19 1 3 6 11 15 
15 10
6 4 16 17 9 12 1 11 10 0 
6 10
16 11 12 15 0 5 18 3 19 13 
8 12
14 2 17 7 10 12 4 16 5 18 3 1 
19 9
11 16 2 10 0 3 7 13 6 
