20
15 9
11 13 7 14 16 18 1 4 10 
10 13
4 14 8 16 0 15 12 6 2 9 17 7 13 
4 8
7 19 2 10 0 15 12 9 
1 11
11 12 14 3 18 13 7 15 9 17 19 
18 10
16 6 11 3 5 1 0 15 17 9 
16 4
18 10 15 17 
14 9
6 1 3 5 13 10 15 17 9 
7 10
2 4 13 11 10 15 0 3 1 9 
13 8
6 7 14 5 1 11 15 10 
11 12
15 0 6 8 19 2 7 13 3 1 18 5 
9 11
12 0 10 19 2 4 6 1 18 7 14 
5 7
13 3 18 14 0 11 12 
3 10
2 11 7 5 18 1 14 12 8 0 
12 8
9 1 3 5 4 10 2 19 
0 11
8 19 11 9 17 4 10 7 18 5 3 
8 7
10 0 11 2 19 6 3 
6 8
18 19 14 13 11 10 9 8 
19 8
4 6 0 9 11 12 8 1 
17 7
14 2 0 10 18 1 16 
2 9
7 3 8 4 12 17 9 10 11 
