50
44 5
34 47 10 19 26 
26 8
47 5 42 37 0 44 36 39 
10 6
4 32 44 20 40 27 
12 6
23 18 3 40 14 28 
28 8
13 34 12 11 33 22 30 45 
14 12
32 34 47 29 16 37 11 38 18 12 45 27 
40 7
16 38 6 9 10 12 22 
9 4
48 0 40 33 
33 6
41 25 28 48 9 21 
21 3
17 48 33 
48 7
9 22 23 21 11 45 33 
45 8
37 47 2 14 48 28 29 15 
11 6
23 19 14 48 28 25 
23 13
12 11 43 25 27 48 34 22 30 13 35 2 5 
22 9
18 16 23 36 28 48 34 40 37 
49 4
37 41 31 34 
34 12
14 44 47 49 28 38 25 23 22 0 29 35 
31 9
30 38 24 37 43 49 7 3 2 
42 3
26 35 24 
24 3
25 31 42 
35 4
23 27 34 42 
32 5
14 2 10 1 4 
4 3
0 10 32 
1 5
36 20 25 43 32 
39 4
43 30 26 46 
36 4
1 22 26 6 
0 8
9 18 3 20 34 26 4 47 
37 8
14 49 45 26 30 22 17 31 
17 5
38 47 21 37 41 
30 8
43 37 2 39 31 28 23 3 
6 2
40 36 
3 4
12 0 31 30 
2 6
32 47 31 45 30 23 
15 2
5 45 
5 6
26 19 15 8 25 23 
13 5
38 46 28 23 20 
25 10
1 18 5 23 34 33 8 7 24 11 
38 6
13 17 31 40 34 14 
8 5
41 5 25 16 19 
19 6
11 29 18 5 44 8 
16 4
40 14 22 8 
41 6
43 49 33 46 8 17 
46 3
13 41 39 
7 3
27 31 25 
27 6
23 7 35 20 14 10 
20 6
1 43 27 0 10 13 
29 4
45 19 14 34 
47 9
26 45 2 44 17 14 34 0 43 
18 6
12 19 0 22 25 14 
43 8
41 31 23 30 20 39 47 1 
