20
5 9
12 2 0 15 16 14 7 13 17 
17 10
4 14 11 2 19 10 6 1 18 5 
13 8
19 15 4 7 3 5 16 8 
7 10
14 12 16 0 10 15 13 2 5 18 
14 9
7 0 15 17 8 16 5 2 11 
16 13
11 6 13 7 14 0 10 1 3 5 18 8 4 
15 8
19 14 5 1 11 10 13 7 
11 7
16 12 15 17 18 1 14 
2 10
6 4 17 9 5 18 19 7 12 14 
12 9
11 7 10 5 3 18 2 4 6 
19 8
13 4 15 10 3 2 9 17 
18 10
1 0 10 12 2 11 7 17 9 16 
9 8
8 3 18 0 10 19 2 6 
4 9
17 13 6 19 2 8 16 12 1 
1 7
17 16 18 0 15 11 4 
8 6
14 9 0 4 16 13 
6 9
2 16 4 17 9 3 12 10 0 
10 11
6 19 12 18 3 17 9 16 7 0 15 
0 11
14 5 1 18 3 8 16 7 9 10 6 
3 8
13 16 19 12 9 6 0 10 
