30
27 6
21 17 4 25 29 16 
16 6
12 2 14 4 17 27 
29 8
13 25 23 21 10 2 17 27 
25 5
29 24 11 6 27 
4 5
16 27 18 3 10 
10 8
7 13 23 29 8 4 24 1 
3 7
24 26 2 4 1 18 0 
9 4
21 8 6 18 
18 8
4 12 20 7 9 3 22 23 
6 8
21 11 22 15 9 1 8 25 
1 6
3 6 21 13 20 10 
20 11
22 23 28 7 14 2 5 18 1 15 0 
13 8
7 29 10 5 1 8 17 19 
21 8
9 27 6 7 29 1 12 14 
22 7
20 6 11 24 2 18 5 
5 6
13 11 8 20 22 28 
2 8
3 16 8 22 29 17 20 11 
24 4
3 25 22 10 
0 5
12 26 7 3 20 
7 8
13 21 10 0 19 20 17 18 
26 3
3 0 8 
17 6
29 27 16 2 13 7 
28 2
20 5 
8 8
9 5 13 10 12 6 2 26 
15 3
20 6 19 
19 4
14 7 13 15 
23 4
20 29 10 18 
14 4
16 19 20 21 
11 5
22 6 5 25 2 
12 5
0 18 16 8 21 
