100
18 1
92 
92 5
76 25 12 1 18 
14 1
3 
3 5
39 14 45 28 9 
12 2
75 92 
64 2
7 41 
41 2
86 64 
73 1
28 
28 3
61 3 73 
0 1
34 
34 2
61 0 
82 2
52 87 
87 2
52 82 
48 1
93 
93 3
77 89 48 
24 3
85 43 37 
37 2
89 24 
43 2
53 24 
98 1
59 
59 4
77 74 98 13 
61 8
28 40 34 36 68 62 16 10 
52 4
82 2 87 50 
15 1
38 
38 5
85 5 97 42 15 
54 1
76 
76 6
53 23 92 79 21 54 
63 1
88 
88 2
91 63 
70 1
5 
5 4
38 86 84 70 
66 1
26 
26 3
30 77 66 
25 2
84 92 
44 1
86 
86 3
5 41 44 
27 2
58 20 
20 2
83 27 
10 2
61 33 
33 1
10 
42 1
38 
80 1
2 
2 5
67 81 52 29 80 
9 1
3 
97 2
38 22 
22 1
97 
32 2
56 31 
31 2
85 32 
16 2
61 89 
89 3
37 16 93 
96 1
4 
4 2
75 96 
53 6
36 75 85 67 76 43 
47 3
58 81 19 
19 3
79 47 8 
1 2
92 17 
17 4
72 6 65 1 
21 1
76 
79 3
49 76 19 
23 2
68 76 
39 2
49 3 
49 3
79 36 39 
90 1
40 
40 6
61 46 83 90 51 56 
11 3
36 30 35 
35 1
11 
30 4
11 6 94 26 
36 6
6 61 53 49 11 91 
29 1
2 
81 2
47 2 
67 2
53 2 
85 4
24 53 31 38 
75 4
12 53 4 74 
65 1
17 
6 3
36 30 17 
56 2
32 40 
51 2
40 99 
83 2
40 20 
46 2
40 71 
71 2
46 72 
57 1
91 
91 3
36 88 57 
45 3
8 3 7 
7 3
64 99 45 
60 1
62 
62 2
61 60 
68 2
23 61 
78 1
55 
55 2
77 78 
84 2
25 5 
77 5
74 59 93 26 55 
72 2
17 71 
74 5
77 75 58 69 59 
13 1
59 
69 1
74 
58 3
47 27 74 
50 1
52 
99 2
7 51 
8 2
45 19 
94 2
30 95 
95 1
94 
