50
29 4
6 30 43 45 
45 14
34 29 18 12 4 47 19 26 43 36 21 16 8 31 
43 13
44 32 45 36 22 24 17 27 48 13 25 29 12 
30 8
24 29 46 20 22 47 49 12 
6 3
29 7 9 
20 11
42 30 36 8 16 35 49 39 28 0 10 
10 6
18 24 28 36 14 20 
28 5
24 42 10 44 20 
39 4
12 46 18 20 
49 8
17 5 33 22 30 0 20 37 
35 8
2 17 8 44 34 20 41 11 
16 6
47 27 17 20 22 45 
8 15
48 35 47 32 37 21 20 17 45 2 15 13 5 1 12 
36 11
31 1 44 25 10 7 43 47 45 20 40 
19 5
32 5 47 17 45 
17 16
35 38 8 12 42 4 43 49 24 16 3 11 18 1 9 19 
47 9
45 19 7 16 8 44 30 36 5 
48 7
8 41 23 0 4 43 31 
31 10
36 7 1 18 45 26 4 40 32 48 
0 13
20 15 1 48 27 22 33 38 25 7 41 13 49 
9 7
25 38 2 7 17 1 6 
1 9
8 36 34 0 31 17 9 41 7 
7 12
0 37 12 36 47 4 32 6 31 9 38 1 
2 8
35 5 9 8 37 38 15 4 
22 10
5 34 26 0 30 49 43 44 16 13 
5 10
22 19 2 24 21 49 47 46 8 44 
44 9
25 35 11 36 22 5 28 43 47 
23 5
21 48 3 14 25 
25 7
9 44 36 23 43 0 24 
14 7
3 46 24 37 10 23 38 
3 5
23 17 14 34 42 
21 7
23 37 15 45 5 42 8 
42 6
20 28 27 17 21 3 
15 7
41 34 0 27 21 8 2 
37 9
7 12 21 24 8 14 34 2 49 
27 7
16 42 15 0 11 43 13 
32 5
19 43 7 8 31 
40 3
11 31 36 
4 7
33 45 2 7 48 17 31 
26 5
22 45 12 18 31 
38 8
46 24 7 9 17 14 0 2 
46 9
38 14 39 30 5 18 13 41 33 
34 7
22 15 45 35 1 3 37 
13 7
46 8 43 0 41 22 27 
24 11
30 14 10 41 5 38 25 37 43 28 17 
12 10
37 39 7 45 26 17 43 30 8 33 
18 8
10 11 31 17 46 39 26 45 
33 5
4 49 0 12 46 
41 8
0 15 48 1 24 46 13 35 
11 6
40 18 44 17 27 35 
