100
51 1
46 
46 4
96 75 94 51 
54 2
80 21 
21 4
96 90 13 54 
64 1
71 
71 2
13 64 
94 1
46 
73 1
26 
26 3
42 84 73 
72 2
70 13 
13 3
21 71 72 
48 2
20 23 
23 4
70 53 88 48 
36 1
55 
55 2
24 36 
2 3
91 85 37 
37 1
2 
85 1
2 
91 2
6 2 
45 2
27 83 
83 4
80 84 69 45 
57 2
99 59 
59 4
97 0 52 57 
31 2
14 32 
32 2
43 31 
0 1
59 
25 1
29 
29 2
4 25 
6 3
3 35 91 
52 2
59 35 
35 3
99 6 52 
84 2
83 26 
90 6
92 68 77 70 62 21 
80 4
54 24 19 83 
20 2
48 65 
65 2
4 20 
86 1
44 
44 4
24 34 39 86 
16 1
41 
41 2
81 16 
43 2
33 32 
98 2
93 99 
99 7
79 49 98 1 57 95 35 
82 2
60 40 
40 2
1 82 
89 1
39 
39 2
44 89 
88 1
23 
97 4
70 17 59 93 
93 2
98 97 
17 3
97 67 58 
70 7
72 90 78 79 23 97 15 
42 3
26 4 22 
22 1
42 
4 7
79 77 42 29 10 28 65 
49 4
77 75 99 87 
87 2
92 49 
75 3
49 46 7 
77 5
90 49 4 5 8 
19 1
80 
24 5
79 44 81 80 55 
3 3
6 56 76 
76 2
15 3 
62 3
90 60 69 
69 3
83 62 11 
60 2
82 62 
92 5
87 90 81 18 50 
50 1
92 
18 1
92 
81 4
24 30 92 41 
67 1
17 
58 1
17 
30 1
81 
28 1
4 
10 1
4 
74 1
1 
1 3
99 74 40 
53 1
23 
68 3
96 90 9 
9 1
68 
11 1
69 
8 1
77 
5 1
77 
38 1
33 
33 4
34 14 43 38 
61 3
79 14 27 
27 2
45 61 
14 3
31 61 33 
79 6
4 99 70 24 61 12 
78 2
70 96 
96 5
46 21 78 68 66 
15 2
70 76 
7 1
75 
56 2
3 47 
47 2
34 56 
12 1
79 
95 1
99 
34 4
33 44 63 47 
63 1
34 
66 1
96 
