50
18 7
29 17 14 8 37 2 35 
35 7
24 13 27 4 45 26 18 
37 9
24 8 10 38 49 31 20 1 18 
43 6
2 28 27 30 12 13 
13 14
5 45 35 28 4 49 43 36 30 1 44 19 6 20 
7 6
1 38 26 48 27 9 
9 6
4 39 36 33 41 7 
10 6
42 22 37 6 34 39 
39 11
38 9 2 3 21 16 4 40 14 29 10 
33 4
32 3 21 9 
8 8
42 16 11 37 18 1 49 29 
29 12
15 47 21 25 20 39 18 1 3 5 16 8 
1 12
29 25 7 13 8 2 42 48 36 49 24 37 
47 5
25 27 5 29 0 
0 6
19 26 34 46 42 47 
16 9
4 8 29 40 20 39 32 6 36 
36 8
20 12 45 9 1 41 13 16 
19 6
21 0 32 13 20 14 
14 11
18 30 11 21 38 39 28 27 6 2 19 
28 9
49 43 31 3 34 14 11 15 13 
41 8
45 30 36 25 31 9 11 34 
34 7
28 10 0 49 4 41 26 
46 4
42 0 6 32 
32 9
17 19 4 20 33 16 44 46 15 
21 11
42 29 19 2 39 20 14 25 24 5 33 
22 5
27 10 12 26 38 
38 10
17 2 37 7 6 3 39 14 23 22 
5 5
13 47 21 29 40 
40 4
16 39 31 5 
27 8
12 7 30 22 47 43 35 14 
26 8
49 0 22 7 45 35 20 34 
15 4
29 28 45 32 
44 5
49 13 32 3 17 
20 13
16 13 29 26 19 2 11 21 37 36 30 32 42 
2 12
23 43 38 25 48 39 20 14 18 1 21 24 
24 7
1 23 30 37 21 35 2 
25 7
47 49 29 41 1 2 21 
42 11
46 8 21 48 6 20 1 10 0 30 23 
30 13
27 48 3 41 13 45 43 14 20 42 12 24 11 
11 7
8 3 20 14 41 28 30 
4 7
9 16 32 35 13 39 34 
6 9
17 13 38 46 16 12 42 10 14 
17 6
38 6 32 18 45 44 
45 11
49 35 26 23 36 30 15 31 17 41 13 
48 6
7 30 2 42 3 1 
23 5
24 45 2 38 42 
12 8
6 49 43 36 22 30 27 31 
3 9
11 39 29 30 48 28 38 33 44 
49 12
25 13 45 26 28 31 12 37 34 44 8 1 
31 7
41 49 28 45 37 40 12 
