30
5 3
18 0 8 
8 12
21 24 12 19 15 7 13 23 27 28 5 20 
0 8
25 26 7 5 29 10 24 14 
1 2
12 10 
10 7
16 0 15 29 2 19 1 
12 7
11 1 4 16 8 7 17 
22 3
17 9 4 
4 5
22 23 24 12 3 
9 5
20 3 6 23 22 
17 4
14 20 22 12 
23 9
20 25 27 9 13 16 8 11 4 
6 5
16 9 2 26 21 
3 3
9 7 4 
24 4
21 4 8 0 
14 4
17 27 13 0 
29 3
0 10 19 
7 6
3 0 8 25 21 12 
28 3
18 16 8 
18 4
5 28 19 11 
11 4
15 12 23 18 
15 4
11 8 16 10 
19 4
18 10 29 8 
16 8
28 6 23 25 12 10 15 26 
13 3
14 23 8 
26 4
0 21 16 6 
21 7
24 20 26 2 6 8 7 
20 6
21 23 9 17 25 8 
25 6
0 23 20 16 7 27 
27 4
8 14 23 25 
2 3
10 6 21 
