20
8 9
19 11 18 1 3 5 15 16 6 
6 12
2 19 13 7 0 15 18 1 9 4 14 8 
14 7
11 13 18 15 0 17 6 
4 7
17 9 16 11 10 1 6 
15 6
14 16 8 12 6 19 
19 8
6 11 12 2 8 16 1 15 
13 9
6 16 14 10 2 1 18 3 12 
12 6
19 2 10 15 9 13 
2 7
6 18 13 12 19 0 10 
10 8
12 4 13 16 2 17 9 5 
3 6
8 11 7 13 1 5 
5 5
11 8 10 18 3 
16 12
11 7 13 4 8 0 15 10 19 18 9 17 
17 7
4 10 11 1 9 14 16 
18 9
2 6 13 5 1 14 8 16 0 
11 11
7 16 8 4 19 1 5 3 14 17 9 
9 9
16 7 4 17 0 10 6 12 11 
0 7
16 6 9 2 14 18 7 
1 9
11 13 8 3 18 17 4 6 19 
7 6
11 16 3 9 6 0 
