20
14 9
17 9 13 11 5 1 18 3 16 
16 7
0 5 1 9 17 13 14 
3 9
11 9 12 19 2 1 8 14 13 
18 6
12 6 14 10 5 7 
7 4
6 10 0 18 
0 8
16 8 12 7 10 15 19 2 
17 8
14 5 13 16 15 10 19 2 
2 9
4 11 8 3 5 17 10 15 0 
10 9
0 2 19 7 18 5 9 17 8 
5 13
14 17 9 12 16 8 13 2 19 11 10 18 4 
6 6
8 4 7 13 18 1 
11 8
8 15 14 19 2 3 5 9 
9 9
19 16 15 10 14 1 5 3 11 
4 5
15 6 8 2 5 
15 8
1 4 17 9 11 8 0 2 
8 11
11 6 4 0 15 10 19 2 5 3 12 
1 8
15 9 19 16 14 12 3 6 
19 10
11 9 17 8 10 0 13 1 3 5 
13 7
17 14 6 16 19 5 3 
12 6
0 18 1 3 5 8 
