50
31 2
37 34 
34 3
2 20 31 
24 4
28 9 16 3 
3 3
26 0 24 
44 3
32 16 18 
18 5
39 0 10 29 44 
12 3
45 15 7 
7 1
12 
15 4
13 6 1 12 
22 3
1 35 17 
17 6
43 29 16 48 38 22 
20 1
34 
43 3
17 27 14 
14 2
2 43 
38 1
17 
28 2
24 6 
6 3
30 15 28 
41 1
32 
32 4
44 27 30 41 
5 2
10 37 
37 8
31 33 8 16 39 40 49 5 
48 3
13 17 35 
35 3
39 22 48 
13 4
15 1 33 48 
29 4
17 9 10 18 
10 5
39 0 29 5 18 
39 5
10 35 37 4 18 
9 3
24 29 4 
4 3
39 21 9 
21 1
4 
11 2
27 25 
25 1
11 
27 4
43 32 40 11 
1 4
26 22 13 15 
36 1
46 
46 3
33 36 19 
33 5
37 8 46 13 30 
0 6
10 16 2 23 18 3 
23 1
0 
2 3
0 14 34 
16 6
17 44 24 37 0 47 
40 2
37 27 
19 1
46 
47 1
16 
30 5
33 32 6 45 26 
8 2
37 33 
49 1
37 
26 4
3 1 30 42 
42 1
26 
45 2
12 30 
