30
12 4
17 8 26 20 
20 11
25 23 22 24 10 8 9 28 5 1 12 
26 6
15 10 12 14 21 4 
8 7
7 16 9 25 20 12 21 
17 6
12 6 27 24 4 2 
16 5
8 10 15 11 25 
25 9
13 20 1 19 2 21 8 16 23 
11 8
7 10 0 27 21 24 16 14 
15 7
9 26 19 24 13 6 16 
10 7
28 20 16 0 11 21 26 
21 7
9 2 26 25 11 10 8 
9 7
21 15 29 8 14 20 2 
27 6
17 28 11 0 29 1 
1 8
18 24 25 27 14 20 13 2 
29 5
23 7 9 27 2 
0 5
27 10 3 6 11 
28 6
10 23 20 27 3 5 
14 7
23 9 5 1 11 26 19 
24 5
1 20 17 15 11 
7 5
8 11 29 2 22 
18 4
1 19 2 4 
4 4
23 17 26 18 
2 9
22 21 18 1 17 9 25 7 29 
19 6
15 25 23 5 18 14 
13 4
25 3 1 15 
22 4
3 2 20 7 
3 4
22 0 13 28 
5 4
19 20 14 28 
23 7
4 14 20 29 19 28 25 
6 3
17 0 15 
