50
48 12
16 21 37 9 27 36 30 23 5 32 42 49 
49 7
11 12 16 3 27 31 48 
42 11
22 33 6 35 19 5 3 43 20 48 24 
32 13
45 38 9 17 48 12 11 40 39 14 47 8 16 
5 9
45 0 17 48 33 20 42 41 1 
23 7
21 28 48 6 8 45 19 
9 12
0 3 12 21 35 48 27 46 16 8 32 6 
6 14
19 26 38 47 39 20 30 23 43 36 9 22 33 42 
8 7
32 46 14 34 47 23 9 
16 13
0 3 22 36 26 35 49 43 17 48 9 32 25 
27 7
22 10 15 48 9 49 43 
35 8
1 38 9 42 16 33 34 40 
21 12
23 24 34 19 41 7 48 31 9 43 47 38 
12 13
29 14 45 25 38 7 41 32 28 9 31 49 47 
3 10
9 16 33 4 49 10 7 41 13 42 
19 13
7 6 2 33 46 21 39 40 22 23 18 15 42 
38 15
45 20 21 24 18 33 44 12 35 6 32 25 29 40 43 
47 9
8 33 25 11 21 37 6 32 12 
43 12
38 15 16 41 21 42 6 34 4 2 31 27 
7 8
18 3 19 2 12 21 29 15 
41 11
46 43 20 12 22 11 21 24 25 3 5 
24 10
25 38 21 11 14 20 22 1 42 41 
20 11
4 38 26 39 29 0 24 5 41 6 42 
2 4
7 19 45 43 
4 6
20 3 26 37 43 36 
34 6
35 21 8 22 43 0 
15 7
43 19 29 27 11 44 7 
44 5
38 39 17 29 15 
11 10
49 47 33 37 24 22 36 41 32 15 
29 8
12 13 7 20 10 15 44 38 
33 12
11 42 13 6 10 5 3 22 38 47 19 35 
22 14
16 0 24 11 34 26 19 6 17 46 33 27 41 42 
10 7
29 27 28 40 33 3 26 
13 6
29 33 3 40 14 26 
36 10
16 11 6 48 28 31 26 45 30 4 
37 5
48 11 14 4 47 
26 10
16 31 39 20 36 22 4 6 10 13 
14 7
1 8 12 37 24 13 32 
0 9
46 16 9 18 5 20 34 25 22 
1 4
14 35 24 5 
17 8
40 25 16 44 5 22 30 32 
18 5
7 0 46 19 38 
40 7
13 17 38 19 35 10 32 
39 9
26 19 31 28 20 6 32 44 46 
46 10
0 8 18 41 22 39 9 28 19 45 
30 5
48 28 17 36 6 
45 8
38 32 5 12 23 36 2 46 
31 8
28 39 43 49 21 26 12 36 
28 8
31 39 12 10 23 30 36 46 
25 8
24 12 17 47 38 41 0 16 
