50
48 5
40 42 46 49 26 
26 6
18 10 16 49 13 48 
49 6
33 48 23 47 38 26 
46 9
41 32 6 48 28 29 10 4 19 
42 4
25 48 32 30 
13 5
30 9 47 26 37 
37 5
0 34 5 3 13 
47 14
25 43 49 19 22 1 16 3 41 7 34 13 40 11 
15 3
16 28 12 
12 3
1 27 15 
28 4
29 15 46 45 
16 8
36 15 5 47 20 33 26 9 
9 7
27 34 13 30 10 29 16 
29 8
5 28 9 38 34 11 46 6 
30 7
36 38 13 9 42 40 14 
31 2
27 10 
10 8
26 8 46 5 21 24 9 31 
27 5
9 31 12 38 34 
34 6
37 47 29 0 9 27 
38 8
30 14 29 24 4 49 27 19 
35 3
20 25 4 
4 7
38 45 2 35 5 46 36 
25 6
47 42 21 35 5 44 
24 4
44 10 38 6 
6 3
46 29 24 
44 4
39 24 43 25 
23 4
11 18 49 2 
2 5
39 40 4 23 18 
18 4
7 23 26 2 
21 4
40 25 10 11 
11 4
23 47 29 21 
8 4
0 10 43 3 
3 4
36 37 47 8 
43 5
1 47 32 44 8 
7 4
22 17 18 47 
19 3
47 46 38 
14 4
17 20 38 30 
20 3
35 14 16 
32 3
46 43 42 
22 5
0 7 1 47 39 
39 3
2 44 22 
1 6
12 22 0 43 47 41 
36 4
16 30 3 4 
41 3
46 47 1 
0 6
37 22 8 1 34 17 
33 3
17 49 16 
5 7
37 4 25 16 29 10 40 
40 6
21 48 2 47 30 5 
45 2
4 28 
17 4
14 33 7 0 
