30
12 5
17 2 25 20 16 
16 5
0 29 20 1 12 
20 4
26 6 16 12 
25 5
27 3 18 26 12 
2 6
26 12 23 0 24 21 
19 4
13 24 23 9 
9 6
0 27 7 14 19 4 
23 6
0 2 19 24 5 7 
24 5
28 23 19 2 3 
6 3
14 20 1 
1 6
16 13 0 11 22 6 
3 9
25 24 4 0 29 7 13 17 28 
28 3
24 15 3 
13 7
22 19 1 3 5 8 15 
29 5
16 15 11 4 3 
0 12
16 21 23 22 5 1 3 4 2 26 9 17 
4 6
8 29 15 0 3 9 
22 4
13 17 0 1 
11 3
29 26 1 
14 6
8 6 27 9 15 26 
7 3
3 9 23 
17 4
3 12 22 0 
26 7
2 20 14 0 10 25 11 
15 6
28 29 10 14 4 13 
27 4
25 9 14 10 
10 4
8 15 26 27 
8 4
14 10 4 13 
5 3
0 13 23 
21 3
18 0 2 
18 2
21 25 
