100
48 5
71 56 54 5 90 
90 5
34 40 72 48 7 
5 7
30 48 9 8 46 73 2 
75 7
54 61 19 36 92 63 29 
29 4
66 40 2 75 
63 4
68 80 4 75 
92 6
73 91 17 28 75 30 
36 8
98 2 50 84 75 96 12 77 
19 7
52 1 62 75 69 58 12 
61 7
24 33 60 54 75 28 67 
2 15
36 29 80 84 24 28 14 12 62 5 0 1 3 66 64 
73 7
17 87 45 92 20 5 52 
46 6
22 5 60 62 41 44 
9 6
80 6 77 56 68 5 
15 6
97 30 27 85 31 55 
55 6
40 86 15 82 26 76 
31 7
8 20 39 83 17 25 15 
85 3
20 15 96 
67 6
30 52 6 61 53 64 
28 7
6 16 61 92 74 2 41 
38 6
56 32 65 83 43 27 
27 4
65 15 0 38 
43 5
45 18 21 37 38 
83 8
22 37 39 17 74 31 41 38 
65 8
27 72 38 77 89 84 41 32 
96 6
24 89 68 36 57 85 
22 8
46 25 83 3 82 78 84 71 
71 8
48 53 80 22 25 50 99 56 
82 6
94 55 22 98 70 78 
3 5
2 22 1 34 40 
25 6
23 22 26 31 71 89 
89 5
79 96 65 25 39 
26 7
7 55 72 25 34 20 35 
99 5
76 44 56 47 71 
47 6
70 52 99 78 81 69 
56 9
38 76 33 48 9 58 99 59 71 
44 6
4 74 11 42 99 46 
40 11
54 76 98 39 90 87 29 3 51 55 94 
1 9
98 37 11 2 19 81 3 68 72 
72 8
86 26 65 66 1 41 90 0 
68 8
63 96 32 52 1 84 9 13 
81 3
47 45 1 
11 6
44 60 20 7 51 1 
37 4
35 83 1 43 
76 7
33 56 40 60 86 99 55 
86 5
72 23 97 55 76 
60 10
11 10 61 41 49 18 46 76 98 97 
34 7
93 26 21 80 3 90 14 
14 5
79 21 95 2 34 
80 10
9 63 4 30 71 78 34 20 69 2 
95 3
14 35 69 
21 5
57 43 58 34 14 
79 4
89 14 69 49 
12 6
64 36 30 0 2 19 
58 3
56 19 21 
69 8
6 80 19 79 57 23 95 47 
62 4
39 46 2 19 
52 6
47 68 19 67 45 73 
23 5
86 20 69 25 54 
45 8
43 52 81 73 74 17 33 16 
35 7
95 13 37 24 10 87 26 
20 9
85 31 11 23 8 26 73 80 77 
7 4
11 10 26 90 
57 3
69 21 96 
16 2
28 45 
17 11
92 13 53 83 84 91 31 73 93 45 88 
39 8
64 40 83 33 31 62 59 89 
41 11
98 60 72 88 65 83 91 87 8 46 28 
49 2
60 79 
84 7
17 22 65 36 2 68 66 
66 5
72 29 91 2 84 
30 9
5 67 88 15 70 80 92 12 42 
42 3
44 93 30 
70 4
47 30 82 93 
88 3
41 30 17 
0 7
2 93 27 6 12 72 59 
10 5
60 35 7 6 74 
32 5
13 38 68 65 91 
77 5
24 9 65 36 20 
53 4
17 54 71 67 
54 6
40 75 48 61 53 23 
93 9
13 64 17 34 98 42 78 0 70 
78 7
22 93 47 74 82 33 80 
98 8
36 1 41 93 82 6 40 60 
6 7
9 28 0 10 98 69 67 
94 2
82 40 
91 5
92 41 17 66 32 
33 6
61 76 45 56 39 78 
4 4
44 63 87 80 
8 6
31 20 41 24 5 18 
87 5
40 73 35 41 4 
74 7
44 45 83 51 78 28 10 
97 3
15 86 60 
18 4
43 59 60 8 
59 4
39 18 56 0 
51 3
11 74 40 
13 5
32 17 93 35 68 
64 5
12 39 93 2 67 
24 6
61 77 35 2 96 8 
50 2
36 71 
