50
46 1
18 
18 7
5 30 21 15 14 28 46 
41 1
49 
49 2
3 41 
28 1
18 
19 1
11 
11 2
47 19 
37 1
45 
45 3
24 37 36 
0 1
38 
38 3
24 0 34 
40 1
42 
42 9
5 44 32 7 26 27 43 23 40 
17 1
9 
9 3
16 17 6 
34 1
38 
24 3
32 45 38 
22 1
33 
33 3
14 48 22 
36 1
45 
1 1
5 
5 5
18 3 1 42 16 
48 1
33 
43 1
42 
4 1
27 
27 2
42 4 
31 2
7 2 
2 1
31 
7 2
42 31 
23 1
42 
21 1
18 
20 2
3 35 
35 1
20 
3 3
5 49 20 
32 3
42 24 29 
25 1
16 
16 4
5 9 25 39 
12 2
10 14 
14 4
18 13 33 12 
44 3
42 47 8 
8 1
44 
47 3
44 10 11 
26 1
42 
10 2
12 47 
15 1
18 
30 1
18 
29 1
32 
13 1
14 
39 1
16 
6 1
9 
