30
20 9
6 27 10 16 8 18 3 25 21 
21 6
17 7 29 0 14 20 
25 7
4 12 7 23 11 27 20 
3 6
1 17 15 10 20 13 
18 17
2 16 7 8 27 20 15 13 11 24 1 5 12 14 26 6 19 
8 7
29 17 7 22 20 14 18 
14 10
21 5 1 18 6 16 8 19 26 28 
28 8
13 1 6 11 22 0 15 14 
26 6
10 7 1 18 5 14 
19 4
18 14 22 17 
16 9
2 20 14 12 17 7 18 5 24 
6 8
0 20 14 28 27 18 1 22 
5 10
14 4 22 18 1 29 0 16 9 26 
1 12
0 4 14 28 17 11 3 5 18 2 26 6 
7 10
17 22 18 21 8 16 26 29 25 4 
10 10
23 20 26 2 3 29 0 27 13 12 
24 6
17 27 18 22 0 16 
17 10
21 24 23 3 1 8 16 19 7 13 
12 7
25 13 27 18 16 2 10 
2 6
27 16 18 1 12 10 
22 12
13 7 29 15 8 5 24 4 28 9 6 19 
9 5
27 5 22 4 29 
4 7
1 5 25 22 27 9 7 
15 5
0 18 3 28 22 
29 8
5 8 10 0 22 7 21 9 
11 4
28 1 18 25 
27 10
4 20 2 9 12 6 10 18 25 24 
0 9
28 6 15 29 10 1 5 24 21 
13 8
12 18 3 28 17 10 22 23 
23 4
10 17 25 13 
