30
18 5
4 25 21 19 0 
0 13
16 20 17 26 2 4 3 1 5 18 22 21 10 
19 9
9 23 24 8 3 18 6 14 26 
21 6
24 2 0 18 5 16 
25 9
12 26 18 3 22 28 27 14 20 
16 5
0 12 1 20 21 
20 7
14 0 12 16 6 26 25 
1 10
2 6 22 24 11 29 0 10 13 16 
12 7
29 16 8 20 25 2 24 
13 6
15 8 5 3 1 22 
10 5
27 26 15 0 1 
11 8
3 1 26 29 27 9 17 7 
22 8
1 0 29 17 8 4 25 13 
6 5
7 1 20 19 15 
9 6
11 4 19 14 7 17 
17 7
0 22 23 28 9 11 3 
7 4
6 23 9 11 
14 7
20 25 26 19 15 9 27 
4 9
9 28 18 3 0 15 29 8 22 
8 7
13 4 19 2 22 12 5 
29 6
12 1 3 4 11 22 
3 11
19 28 17 13 15 29 0 4 11 24 25 
24 7
21 1 3 2 19 23 12 
28 6
25 5 3 15 4 17 
15 7
3 13 4 14 10 28 6 
26 7
11 25 10 0 14 20 19 
23 6
7 5 24 19 2 17 
2 7
1 21 24 0 23 12 8 
5 6
28 23 13 0 8 21 
27 4
11 10 14 25 
