20
4 6
2 17 0 10 5 16 
16 8
19 11 10 0 17 7 3 4 
5 9
12 17 9 7 13 0 15 11 4 
10 10
14 9 16 1 15 0 4 13 7 6 
0 9
10 4 2 16 17 14 5 12 7 
17 13
11 13 6 9 19 0 8 16 14 4 12 5 18 
11 7
6 17 16 13 7 18 5 
15 6
10 13 19 5 18 3 
13 9
11 17 15 10 12 19 1 5 8 
7 8
5 3 18 19 16 11 0 10 
2 6
4 1 14 0 12 8 
8 4
17 14 13 2 
12 10
17 9 3 5 1 19 2 13 0 14 
14 8
18 17 2 19 10 0 8 12 
19 10
16 15 7 13 12 17 9 14 6 1 
9 7
10 6 5 18 17 12 19 
18 9
1 3 11 14 9 17 6 7 15 
1 7
10 13 18 3 12 2 19 
3 7
6 12 18 1 7 16 15 
6 7
11 9 17 10 3 18 19 
