30
5 7
26 11 9 22 0 3 16 
16 12
19 21 6 10 23 20 9 27 3 5 7 13 
3 10
6 7 19 18 5 16 9 28 24 12 
13 8
4 20 12 21 27 1 18 16 
18 8
3 23 4 15 26 2 7 13 
27 14
6 4 16 12 1 24 11 21 20 14 13 15 7 17 
29 10
21 6 12 0 26 19 14 20 25 8 
8 6
25 22 1 20 7 29 
25 8
8 23 1 26 2 29 4 28 
20 12
7 13 27 10 29 11 24 19 2 16 8 4 
15 11
12 28 9 27 14 22 23 1 18 0 10 
10 9
28 20 16 12 21 24 0 15 6 
0 8
5 29 15 10 4 19 22 23 
4 12
26 2 18 23 13 7 0 25 20 28 9 27 
12 13
22 19 13 6 15 29 10 24 11 14 27 1 3 
1 12
14 21 12 15 25 13 8 26 19 2 27 17 
24 8
12 6 27 20 3 10 2 26 
2 12
26 23 4 21 24 9 28 20 14 18 1 25 
14 9
1 27 9 11 29 15 12 2 22 
22 9
15 0 12 8 5 11 21 28 14 
26 11
2 4 29 5 18 1 25 24 9 17 28 
28 11
4 10 15 6 23 22 2 26 25 3 9 
11 9
5 20 14 17 27 21 22 12 6 
6 11
3 27 9 28 16 12 29 10 21 24 11 
19 9
21 17 16 20 12 3 1 29 0 
9 13
15 14 5 3 2 26 6 4 7 23 17 28 16 
17 7
11 19 26 23 27 9 1 
21 12
19 2 27 1 6 29 10 16 11 22 13 7 
23 10
2 18 25 4 16 28 9 17 15 0 
7 9
18 3 20 27 9 4 16 8 21 
