50
31 7
34 21 15 33 16 3 32 
32 7
30 24 40 44 19 42 31 
3 9
43 40 6 15 16 24 31 1 30 
16 6
37 24 3 31 30 47 
22 4
4 47 0 18 
18 12
47 39 20 40 26 35 15 33 13 23 22 25 
0 11
41 7 39 14 10 23 22 27 5 21 2 
47 10
29 28 14 39 22 42 18 19 16 38 
5 11
36 9 7 41 14 33 8 44 37 0 35 
35 7
38 8 41 36 23 18 5 
37 9
11 29 10 34 48 16 33 5 36 
44 7
27 9 32 30 39 10 5 
8 9
35 19 28 10 5 38 43 24 11 
14 9
19 30 47 48 17 41 5 10 0 
41 11
4 38 29 0 15 14 12 5 35 45 23 
7 4
5 34 9 0 
11 9
38 37 24 36 30 2 19 46 8 
43 4
3 15 38 8 
38 12
41 11 48 28 35 45 2 23 1 43 47 8 
10 12
39 14 12 23 36 37 21 15 0 33 8 44 
28 11
46 8 38 36 45 26 40 20 13 47 49 
48 10
38 12 45 37 36 17 9 14 39 20 
20 8
13 45 34 46 18 28 48 12 
39 11
45 21 13 10 29 0 36 44 18 48 47 
9 7
5 15 21 48 49 7 44 
36 13
5 35 40 39 28 48 21 11 24 37 25 6 10 
45 10
19 39 20 34 38 48 28 27 41 1 
12 8
6 10 48 46 33 41 42 20 
33 9
31 10 29 37 24 12 5 18 26 
46 11
25 28 49 11 34 20 40 29 12 42 19 
34 11
31 30 37 46 1 7 20 40 2 45 4 
19 10
14 45 23 30 11 47 32 13 8 46 
13 7
20 39 23 18 19 4 28 
30 9
32 14 34 42 19 16 44 11 3 
42 6
30 49 47 46 12 32 
27 4
44 0 2 45 
23 8
18 38 19 35 0 10 13 41 
15 9
10 43 3 18 2 9 31 17 41 
49 4
42 46 9 28 
26 4
24 18 28 33 
25 4
46 2 36 18 
40 7
28 36 32 46 3 18 34 
24 8
32 11 26 36 3 8 33 16 
29 8
37 41 47 4 39 33 46 1 
2 9
11 27 17 34 25 38 15 0 6 
6 4
12 3 2 36 
17 4
48 2 15 14 
1 5
34 38 45 29 3 
4 5
22 29 34 41 13 
21 6
36 31 9 39 10 0 
