30
4 6
23 1 18 24 27 17 
17 9
11 13 1 18 3 28 9 4 2 
24 7
15 22 23 16 21 20 4 
18 9
23 11 26 27 17 12 4 15 13 
23 9
27 4 24 18 1 14 8 22 29 
29 9
20 14 11 8 2 19 15 10 23 
22 8
1 24 7 16 0 2 19 23 
8 12
6 25 16 29 10 28 27 3 5 1 23 20 
14 4
6 1 23 29 
1 10
11 4 27 17 13 14 20 22 23 8 
21 8
13 6 20 19 26 24 27 10 
10 8
27 28 26 3 15 29 8 21 
27 10
23 4 18 1 16 8 21 15 10 0 
26 8
20 16 10 21 11 18 3 28 
19 8
3 13 21 11 6 0 29 22 
20 10
26 29 1 3 9 21 24 16 8 12 
6 9
7 14 8 21 2 19 15 0 12 
12 9
25 28 11 13 7 18 2 20 6 
16 12
26 15 27 28 24 11 8 7 13 25 20 22 
9 4
25 20 17 7 
3 8
10 5 17 8 19 26 20 25 
2 5
6 22 29 12 17 
11 9
18 1 17 12 29 15 19 26 16 
13 9
21 0 25 17 19 1 18 16 12 
25 6
12 9 13 8 16 3 
15 10
27 29 0 10 16 7 6 24 11 18 
7 7
6 15 16 12 22 5 9 
28 7
10 12 8 16 5 17 26 
5 4
3 7 28 8 
0 6
15 13 19 6 22 27 
