50
31 8
32 16 33 35 26 20 39 11 
11 11
45 42 43 46 36 22 20 48 31 38 10 
39 9
34 46 16 17 31 49 6 15 23 
26 11
16 22 4 24 21 38 25 0 10 28 31 
35 8
30 45 31 47 37 14 6 16 
37 6
8 6 45 35 10 42 
42 7
48 17 15 25 11 37 34 
10 10
17 28 34 5 18 33 26 37 11 23 
45 15
35 33 4 49 2 7 15 0 41 27 37 24 11 20 30 
6 12
22 23 12 20 39 37 4 44 13 7 0 35 
29 10
9 49 47 43 12 16 2 25 18 1 
1 12
38 16 4 49 3 48 9 19 29 40 34 20 
25 10
22 23 42 15 0 29 19 26 7 48 
2 7
33 17 41 19 45 21 29 
16 12
36 1 46 43 47 31 39 12 29 26 35 13 
12 9
6 43 49 16 27 5 18 41 29 
43 11
41 48 11 16 46 8 33 30 12 47 29 
47 13
16 38 27 9 35 40 14 22 15 29 18 4 43 
49 14
12 45 19 15 29 39 41 22 9 1 33 20 21 4 
38 8
1 19 26 30 47 4 11 7 
20 14
6 30 4 49 18 11 44 1 9 31 46 7 13 45 
22 12
0 18 32 6 26 25 21 11 4 47 49 7 
23 12
6 27 7 4 25 3 46 10 15 30 39 14 
15 11
25 48 45 42 3 5 8 47 49 39 23 
48 8
43 1 11 24 42 15 36 25 
36 8
16 4 11 32 41 40 48 28 
30 7
35 45 38 43 20 23 5 
33 12
3 7 45 2 44 31 27 28 0 10 49 43 
8 5
37 43 15 34 9 
5 11
21 4 12 32 7 13 3 18 10 15 30 
3 11
33 15 0 5 1 23 7 9 27 28 19 
18 8
32 22 29 10 5 12 47 20 
13 8
6 20 5 28 9 27 44 16 
27 11
23 12 47 46 33 45 19 0 3 32 13 
32 9
36 22 19 18 5 31 27 28 7 
7 15
5 22 23 38 25 32 3 41 45 6 19 21 20 4 33 
4 18
36 49 5 45 6 21 20 34 23 38 47 9 22 1 28 17 7 26 
46 10
43 19 27 39 20 23 11 24 16 44 
44 7
13 20 33 46 6 0 9 
24 8
41 45 26 0 14 46 48 28 
19 12
49 21 38 25 2 7 32 46 14 1 3 27 
28 10
13 26 17 10 33 3 24 4 32 36 
17 7
39 41 28 10 2 4 42 
9 13
29 20 40 49 4 47 3 1 44 8 13 41 21 
41 12
24 43 49 36 12 40 14 7 2 45 17 9 
14 6
24 41 19 35 23 47 
40 5
1 41 47 36 9 
34 7
39 4 1 21 10 8 42 
21 10
22 7 5 4 49 34 19 2 26 9 
0 10
22 25 45 26 33 44 24 27 6 3 
