30
12 9
14 18 1 8 19 17 28 21 25 
25 5
18 8 13 7 12 
21 4
2 6 12 20 
28 3
8 23 12 
17 9
2 26 1 13 7 12 24 29 10 
19 5
27 2 22 12 14 
8 6
7 28 25 29 0 12 
1 6
29 24 17 3 6 12 
18 4
25 20 12 26 
14 5
12 2 19 24 5 
4 3
29 23 22 
22 7
27 24 2 19 16 23 4 
23 8
6 27 28 2 4 11 22 15 
29 8
4 1 0 2 11 24 8 17 
2 12
21 19 17 9 27 5 14 10 15 29 22 23 
27 6
20 19 2 22 23 0 
9 5
6 7 13 11 2 
11 5
29 7 6 23 9 
13 5
25 6 17 9 15 
7 8
8 17 9 6 20 25 11 3 
6 8
9 23 13 7 26 21 11 1 
3 4
16 1 24 7 
24 7
16 22 1 3 14 29 17 
16 5
24 3 5 22 26 
15 5
2 0 23 13 5 
5 5
16 26 2 14 15 
0 5
27 29 10 15 8 
10 3
2 0 17 
26 5
5 18 6 17 16 
20 4
27 7 18 21 
