100
53 3
77 65 29 
29 2
55 53 
25 2
57 96 
96 4
2 67 99 25 
98 2
93 50 
50 3
36 19 98 
23 1
45 
45 2
76 23 
41 1
99 
99 3
96 88 41 
9 1
17 
17 2
39 9 
7 2
37 78 
78 5
94 28 64 7 21 
65 2
53 3 
3 3
16 71 65 
46 1
42 
42 2
39 46 
37 2
7 59 
59 2
55 37 
56 1
74 
74 3
34 73 56 
79 2
20 11 
11 2
63 79 
88 1
99 
77 2
53 36 
36 4
52 50 26 77 
39 7
14 40 10 5 12 42 17 
87 1
5 
5 2
39 87 
73 1
74 
60 1
20 
20 4
79 81 60 22 
49 1
51 
51 2
34 49 
82 1
14 
14 3
34 39 82 
61 1
47 
47 4
34 95 61 32 
38 1
76 
76 4
27 48 45 38 
55 3
83 29 59 
2 2
85 96 
85 3
28 2 68 
26 2
58 36 
52 2
72 36 
21 2
4 78 
64 1
78 
28 3
78 85 90 
94 6
27 31 34 8 78 24 
22 1
20 
68 2
85 30 
72 7
58 27 71 52 33 66 35 
24 3
94 54 16 
16 3
3 71 24 
54 1
24 
12 1
39 
10 2
39 75 
40 1
39 
57 2
25 30 
30 2
68 57 
31 2
94 97 
97 2
31 43 
43 1
97 
35 1
72 
66 1
72 
33 2
72 69 
71 7
16 72 15 0 92 93 3 
27 4
58 72 76 94 
58 3
26 27 72 
44 1
48 
48 2
76 44 
75 1
10 
1 1
81 
81 5
34 20 83 1 70 
63 2
19 11 
90 1
28 
8 1
94 
83 3
81 62 55 
62 1
83 
92 1
71 
93 3
98 71 84 
0 1
71 
15 1
71 
34 7
94 14 81 18 51 47 74 
18 2
34 89 
89 2
18 4 
4 2
21 89 
67 1
96 
19 4
50 91 63 86 
95 1
47 
69 2
33 13 
13 1
69 
70 1
81 
86 1
19 
91 2
19 80 
84 2
93 6 
6 1
84 
80 1
91 
32 1
47 
