30
8 11
6 29 15 22 27 17 28 24 11 14 19 
19 9
27 26 18 22 15 0 29 20 8 
14 9
7 5 10 0 29 11 21 8 26 
11 14
5 7 28 22 9 24 3 16 8 14 4 13 27 10 
22 9
23 8 16 19 10 15 29 11 4 
4 9
0 11 26 2 17 9 13 5 22 
29 13
8 7 20 14 24 21 2 19 0 22 6 5 1 
15 12
19 26 6 8 16 18 3 0 23 22 21 9 
9 11
17 7 13 4 25 3 15 20 26 11 24 
24 12
18 8 0 29 20 13 17 28 9 11 21 26 
26 14
7 23 14 24 27 10 15 18 9 1 4 6 19 16 
20 8
29 7 3 24 9 23 12 19 
3 9
7 5 20 17 9 27 11 10 15 
25 11
2 6 0 10 7 13 9 17 1 18 5 
1 6
28 26 21 25 10 29 
21 10
12 1 6 24 17 7 15 29 14 23 
16 8
13 26 6 22 23 15 28 11 
28 10
5 1 0 10 24 11 7 12 8 16 
23 10
22 15 27 5 18 16 20 26 12 21 
27 11
8 19 26 7 23 17 3 11 6 12 10 
6 10
12 25 8 16 21 27 26 15 29 13 
13 8
16 4 11 24 25 6 9 17 
7 13
3 14 20 12 29 10 11 21 9 27 28 25 26 
10 12
14 22 11 3 5 1 7 25 28 27 2 26 
18 7
24 15 25 19 26 2 23 
12 9
6 21 7 28 27 23 0 20 2 
0 10
24 14 28 4 25 19 15 29 12 5 
5 10
28 14 3 11 23 25 4 10 29 0 
17 9
4 3 8 9 27 24 21 13 25 
2 6
25 4 18 29 10 12 
