20
8 10
9 4 14 19 5 7 10 15 16 11 
11 7
6 14 19 15 18 8 9 
16 9
19 7 17 18 1 10 8 12 14 
15 10
19 7 12 11 4 17 8 1 5 18 
7 11
15 13 2 6 18 1 3 17 16 8 4 
5 10
4 13 10 0 15 17 8 12 3 1 
14 12
10 2 11 13 6 12 1 3 9 17 8 16 
17 8
16 18 5 15 14 19 12 7 
3 12
4 9 6 12 10 0 14 13 7 18 5 19 
4 9
2 12 5 3 8 0 15 7 13 
13 11
7 14 9 1 5 3 2 19 4 10 0 
10 11
14 0 5 3 18 9 2 8 16 12 13 
12 12
4 2 14 1 3 18 5 15 10 17 16 6 
2 10
4 14 12 19 6 9 13 7 10 1 
9 9
6 8 14 3 13 19 2 10 11 
18 11
3 1 17 7 16 19 6 11 12 10 15 
1 10
14 12 15 0 13 7 16 18 5 2 
6 9
9 11 14 2 3 18 0 7 12 
19 11
16 8 2 11 13 15 0 9 17 18 3 
0 8
10 4 5 3 1 6 19 13 
