100
71 1
12 
12 5
63 87 30 59 71 
64 2
66 95 
95 5
1 97 62 58 64 
89 1
61 
61 5
15 69 74 31 89 
79 3
92 39 86 
86 3
58 34 79 
56 2
63 33 
33 4
88 0 91 56 
23 3
49 65 2 
2 8
50 13 7 20 22 23 24 0 
27 2
69 7 
7 5
2 73 69 52 27 
44 5
17 16 1 24 21 
21 1
44 
24 3
2 92 44 
10 1
39 
39 5
79 81 94 87 10 
94 1
39 
41 3
29 15 88 
88 6
99 35 26 33 72 41 
68 1
85 
85 3
84 49 68 
45 2
55 46 
46 3
9 97 45 
57 2
52 20 
20 2
2 57 
31 2
91 61 
72 1
88 
25 1
93 
93 3
48 4 25 
98 2
22 6 
6 2
66 98 
22 4
63 2 32 98 
54 1
48 
48 5
14 93 55 42 54 
8 3
63 47 4 
4 5
60 29 15 93 8 
35 2
88 15 
15 7
74 41 61 4 90 35 16 
17 2
44 32 
32 4
67 81 22 17 
37 2
0 99 
99 5
87 13 88 9 37 
9 4
82 99 46 67 
87 5
12 39 99 82 29 
29 4
41 4 78 87 
82 6
9 76 43 47 18 87 
36 3
5 77 81 
81 4
77 32 36 39 
77 3
81 36 84 
5 3
73 76 36 
78 2
29 13 
13 6
99 2 60 30 53 78 
59 1
12 
30 3
13 12 65 
84 3
74 85 77 
1 4
44 66 95 40 
40 2
96 1 
66 5
64 60 6 55 1 
76 2
5 82 
11 1
51 
51 5
92 14 83 49 11 
90 1
15 
92 3
79 51 24 
67 2
32 9 
50 2
2 97 
97 3
46 95 50 
91 4
31 33 70 63 
63 6
12 47 22 8 56 91 
70 1
91 
42 2
74 48 
55 4
45 66 3 48 
58 2
86 95 
65 2
23 30 
16 2
44 15 
26 1
88 
53 3
83 13 34 
34 2
53 86 
74 4
15 84 42 61 
69 4
27 7 62 61 
38 3
0 28 96 
96 2
40 38 
28 1
38 
0 4
33 37 2 38 
73 3
7 80 5 
62 2
69 95 
3 2
55 19 
19 3
18 83 3 
52 3
57 7 14 
14 4
48 75 51 52 
49 3
23 51 85 
60 5
13 66 83 4 75 
75 2
14 60 
83 4
19 60 53 51 
80 1
73 
18 2
19 82 
47 3
63 8 82 
43 1
82 
