50
35 8
23 27 48 3 38 24 19 45 
45 3
32 19 35 
24 7
23 48 42 5 2 35 13 
38 4
44 35 19 49 
27 7
35 28 6 16 12 39 14 
14 12
19 2 7 40 29 11 44 33 36 30 42 27 
12 13
10 3 1 43 4 20 30 36 27 48 7 16 11 
20 11
46 10 40 12 13 7 25 4 37 31 17 
17 5
5 23 37 43 20 
31 4
10 8 7 20 
37 6
13 17 21 30 20 3 
4 6
21 1 12 48 28 20 
25 4
22 33 49 20 
7 11
22 31 28 14 34 20 40 6 32 2 12 
48 11
32 35 24 33 34 39 22 12 42 4 47 
47 10
46 21 13 26 2 48 28 32 30 22 
42 8
43 24 34 14 48 8 46 6 
22 7
7 25 39 40 9 48 47 
9 5
34 2 23 22 18 
18 4
26 32 36 9 
23 7
35 21 24 17 9 33 44 
36 7
39 14 10 0 12 44 18 
32 7
11 48 18 45 7 47 34 
8 6
43 19 42 31 40 11 
11 7
30 32 15 5 14 12 8 
40 5
20 14 8 22 7 
43 10
12 42 1 29 0 17 6 8 46 21 
21 8
23 6 44 10 37 4 47 43 
46 6
20 13 47 49 43 42 
6 6
21 27 16 43 7 42 
0 6
13 26 43 36 15 5 
5 5
17 11 24 19 0 
15 8
11 49 33 44 26 0 39 34 
44 7
14 21 38 15 30 36 23 
10 8
3 20 12 31 36 21 16 19 
3 7
10 12 19 35 41 34 37 
30 8
1 44 49 47 11 37 12 14 
49 6
15 46 16 25 38 30 
19 9
8 35 45 14 3 5 38 28 10 
28 6
27 19 4 47 7 29 
2 6
14 9 16 7 47 24 
16 8
27 2 6 12 29 10 49 33 
13 6
0 46 20 47 37 24 
29 5
43 16 39 14 28 
34 8
42 26 9 48 3 7 15 32 
39 7
27 48 36 22 29 15 26 
26 9
0 15 33 47 34 39 41 18 1 
33 8
15 48 23 25 1 14 26 16 
1 6
4 43 12 30 33 26 
41 2
3 26 
