100
77 4
57 32 21 15 
15 7
97 78 34 66 77 29 76 
21 7
98 96 42 77 64 59 6 
32 6
99 23 71 77 14 96 
57 10
54 77 18 48 85 69 45 13 71 24 
48 11
12 57 66 31 10 0 63 41 35 33 54 
54 4
94 57 38 48 
33 4
50 96 86 48 
35 5
63 51 73 67 48 
41 9
0 56 49 51 76 60 92 48 37 
63 6
60 28 48 35 13 4 
0 3
41 84 48 
10 5
38 66 95 43 48 
31 5
11 71 48 94 87 
66 10
68 39 55 84 48 17 70 87 15 10 
12 3
48 50 88 
88 5
61 75 95 53 12 
50 8
33 44 80 29 79 12 90 3 
4 3
75 63 95 
13 6
1 57 95 63 97 60 
28 4
25 63 17 22 
60 5
37 91 63 41 13 
25 5
76 28 67 36 3 
3 5
64 84 61 50 25 
36 3
6 25 62 
67 6
1 7 45 93 35 25 
76 4
25 41 81 15 
22 8
83 97 81 80 90 40 52 28 
17 6
61 64 9 28 1 66 
34 3
89 15 8 
8 4
58 75 24 34 
89 7
34 39 18 58 64 59 93 
84 7
73 3 66 71 74 9 0 
24 9
30 57 1 99 55 45 8 27 86 
86 3
44 33 24 
27 4
95 18 7 24 
45 13
51 58 67 85 14 57 38 72 94 83 70 87 24 
55 11
92 20 90 59 24 66 68 97 74 64 79 
99 10
32 94 82 95 24 59 42 80 20 73 
1 6
13 67 44 16 24 17 
30 4
24 26 97 9 
93 4
23 67 9 89 
59 11
5 72 2 6 55 99 21 89 46 75 7 
64 8
98 16 81 3 21 89 17 55 
58 7
19 45 40 49 89 8 96 
18 7
42 75 27 89 57 7 72 
39 3
66 56 89 
72 6
59 45 6 46 18 56 
7 9
26 67 47 9 27 78 59 16 18 
75 9
4 51 18 5 91 8 88 59 92 
42 5
18 21 69 91 99 
95 9
78 27 26 99 88 40 10 4 13 
92 3
55 41 75 
91 8
60 42 75 23 16 44 69 11 
5 5
59 85 75 9 81 
51 6
35 45 11 41 68 75 
81 7
43 64 76 20 5 22 78 
9 12
14 17 23 30 44 7 80 56 87 93 5 84 
85 10
87 45 97 61 38 11 5 68 47 57 
11 7
83 53 51 82 31 85 91 
69 4
38 57 42 91 
44 6
86 50 1 9 14 91 
16 8
64 7 46 1 91 19 2 26 
23 7
93 32 9 91 14 65 62 
62 4
80 97 23 36 
65 3
6 61 23 
14 10
52 23 9 45 26 44 96 79 80 32 
98 5
21 71 64 2 68 
68 5
66 51 55 85 98 
2 5
59 61 49 98 16 
71 7
57 38 32 31 73 84 98 
53 5
11 61 88 52 83 
61 8
17 85 2 53 3 88 65 6 
56 5
9 94 41 39 72 
46 5
82 94 59 72 16 
6 7
65 36 59 21 72 61 20 
97 9
15 96 85 22 30 82 55 62 13 
82 5
11 46 87 97 99 
96 8
87 14 33 21 97 19 58 32 
52 3
14 22 53 
80 6
9 22 62 50 99 14 
79 4
74 50 14 55 
26 5
7 14 30 95 16 
74 4
79 84 55 70 
70 3
66 45 74 
87 7
96 85 9 31 82 66 45 
19 4
58 49 96 16 
94 8
54 45 46 56 99 37 47 31 
29 3
49 50 15 
49 7
41 90 29 47 58 2 19 
73 4
84 71 35 99 
20 4
55 99 6 81 
43 3
81 38 10 
38 7
10 69 45 71 43 54 85 
47 4
49 7 85 94 
37 3
60 94 41 
40 3
58 22 95 
78 4
95 7 15 81 
90 4
49 22 55 50 
83 4
22 11 45 53 
