30
4 2
25 17 
17 7
18 27 28 20 2 24 4 
19 5
15 24 22 23 18 
18 10
6 24 21 16 1 17 9 26 19 2 
23 8
13 6 24 20 29 2 19 28 
27 6
21 17 25 26 29 1 
1 3
18 9 27 
29 5
24 22 23 7 27 
10 6
25 13 20 16 0 21 
21 5
27 18 20 0 10 
0 7
21 14 2 16 10 3 6 
16 8
9 18 3 13 0 10 11 25 
20 11
6 23 22 21 24 10 8 17 9 3 5 
7 3
11 13 29 
28 5
5 17 11 12 23 
8 3
25 20 12 
12 6
22 14 6 28 8 26 
25 7
4 22 10 27 11 8 16 
11 6
7 22 24 28 25 16 
6 6
12 18 5 23 20 0 
3 5
20 2 16 0 13 
13 7
23 24 10 7 16 5 3 
24 11
18 5 13 11 23 2 19 20 17 29 15 
9 5
16 2 1 18 20 
22 7
12 29 25 11 19 14 20 
15 3
19 14 24 
5 6
28 24 6 13 20 14 
2 8
24 0 23 9 17 26 3 18 
26 4
27 18 2 12 
14 5
12 22 0 15 5 
