30
15 10
7 17 3 5 1 6 16 2 26 12 
12 9
23 8 19 5 4 14 9 28 15 
26 8
25 5 4 14 21 24 6 15 
13 6
22 21 29 3 20 28 
28 10
29 11 16 4 12 23 2 27 7 13 
20 7
16 25 19 9 7 13 11 
3 6
29 15 10 25 13 9 
29 6
25 3 28 13 23 16 
16 9
7 27 28 20 14 4 15 0 29 
14 8
9 12 21 16 5 18 26 6 
6 9
25 10 15 18 8 26 19 14 27 
24 5
4 10 19 26 17 
21 9
4 14 17 13 7 26 18 25 8 
19 8
10 12 8 11 24 20 2 6 
1 5
15 0 23 11 7 
7 10
16 28 15 10 20 21 4 5 1 23 
22 6
9 13 10 11 25 5 
5 11
4 7 15 12 14 18 25 9 26 2 22 
9 8
22 12 14 20 25 11 5 3 
27 6
4 2 16 8 28 6 
25 14
29 3 18 5 23 17 2 26 21 20 22 9 0 6 
0 6
25 10 1 18 17 16 
4 10
5 12 21 24 27 28 7 26 2 16 
18 9
5 25 6 14 23 10 0 11 21 
11 8
19 22 28 9 18 1 8 20 
2 8
25 15 17 27 28 19 4 5 
10 9
19 6 0 7 18 3 24 22 23 
23 8
12 25 28 18 1 7 29 10 
17 6
25 2 15 0 21 24 
8 6
12 19 6 27 11 21 
