100
4 4
28 62 69 89 
89 10
15 38 17 37 71 20 39 96 55 4 
34 3
72 1 51 
51 5
68 52 87 34 79 
83 4
21 43 86 13 
13 4
45 95 65 83 
2 4
98 94 37 93 
93 2
36 2 
41 2
82 3 
3 3
24 90 41 
88 4
78 74 39 49 
49 8
77 66 96 95 88 53 58 6 
97 4
5 0 37 48 
48 5
92 38 95 68 97 
54 4
30 64 55 81 
81 4
68 87 15 54 
23 2
33 32 
32 6
5 40 28 43 0 23 
60 3
9 64 46 
46 6
66 57 69 60 21 47 
64 5
54 40 98 60 86 
25 3
66 94 0 
0 5
17 98 97 32 25 
63 3
28 78 37 
37 6
89 40 97 2 77 63 
42 3
99 9 20 
20 5
44 40 89 57 42 
36 5
33 9 12 59 93 
73 2
69 57 
57 5
46 20 15 73 22 
76 1
52 
52 4
91 51 33 76 
1 2
34 43 
43 8
21 38 32 94 29 85 83 1 
82 6
41 10 56 78 8 94 
94 7
56 2 25 43 28 9 82 
75 3
9 74 98 
98 4
2 0 64 75 
21 4
83 11 43 46 
26 1
70 
70 6
72 68 15 56 44 26 
68 5
51 81 17 48 70 
67 2
55 62 
62 7
4 8 39 71 77 67 66 
59 2
27 36 
50 2
47 40 
40 9
32 37 31 12 64 38 50 20 92 
91 5
56 74 9 38 52 
9 7
75 18 60 36 91 42 94 
28 4
4 63 32 94 
38 9
35 40 48 7 96 43 91 89 84 
47 4
85 99 50 46 
77 4
49 62 37 99 
16 4
12 58 71 24 
24 3
3 78 16 
39 4
62 88 89 90 
90 3
39 14 3 
96 4
89 49 38 80 
80 3
99 96 19 
85 3
47 43 45 
29 1
43 
86 2
83 64 
99 4
47 80 42 77 
66 5
49 46 25 72 62 
44 3
20 33 70 
56 6
94 82 58 91 70 74 
15 4
70 89 57 81 
92 2
48 40 
12 5
16 18 40 17 36 
17 5
68 7 89 0 12 
19 4
10 80 27 61 
6 1
49 
58 3
16 56 49 
95 6
14 71 49 48 8 13 
55 5
54 35 67 84 89 
71 5
16 95 89 18 62 
18 6
9 71 11 12 69 53 
53 2
49 18 
69 4
73 4 46 18 
11 2
21 18 
35 3
38 55 8 
8 8
62 82 95 30 5 87 10 35 
10 3
82 19 8 
5 3
32 97 8 
30 5
8 31 78 54 72 
61 2
14 19 
84 2
55 38 
27 3
59 19 7 
87 3
81 8 51 
45 3
13 79 85 
22 1
57 
31 2
40 30 
14 3
95 61 90 
72 4
34 70 66 30 
78 6
63 82 88 30 33 24 
79 2
45 51 
33 5
44 52 36 23 78 
74 4
75 88 91 56 
65 1
13 
7 3
38 17 27 
