50
46 3
9 15 49 
49 4
7 30 25 46 
29 4
45 33 20 14 
14 4
38 33 11 29 
13 1
47 
47 5
32 28 48 26 13 
24 4
0 30 5 42 
42 3
43 28 24 
5 2
19 24 
25 1
49 
30 5
7 12 24 37 49 
2 1
16 
16 2
6 2 
31 2
33 7 
7 7
49 0 30 32 6 34 31 
15 4
3 26 46 44 
44 1
15 
26 4
47 33 0 15 
36 2
48 10 
10 2
21 36 
1 1
33 
33 5
31 29 26 14 1 
19 3
28 38 5 
11 3
9 3 14 
39 3
38 48 22 
22 4
48 9 40 39 
41 1
3 
3 4
15 11 34 41 
28 4
42 47 4 19 
4 2
40 28 
38 4
39 14 19 35 
37 2
30 21 
21 2
37 10 
0 4
7 26 24 43 
43 5
35 42 6 17 0 
17 2
20 43 
40 3
4 22 8 
8 2
12 40 
32 4
47 7 45 18 
18 1
32 
45 2
29 32 
9 4
11 46 22 23 
48 6
27 39 47 12 36 22 
23 1
9 
12 5
8 48 27 30 20 
20 3
29 17 12 
27 2
48 12 
6 3
7 43 16 
34 2
7 3 
35 2
43 38 
