50
31 7
14 15 0 7 26 2 27 
27 11
34 11 26 19 35 7 41 42 4 16 31 
2 11
38 21 22 15 42 12 48 31 34 20 39 
7 12
1 39 40 47 49 42 27 31 15 10 8 37 
0 18
36 28 37 13 15 16 8 38 32 49 39 31 19 41 42 5 20 21 
14 12
32 35 38 4 31 1 18 13 41 16 33 12 
1 14
33 14 5 24 11 12 8 4 47 7 40 13 32 30 
40 11
32 38 33 16 30 36 41 7 42 10 1 
5 16
47 36 49 32 29 46 8 0 1 16 3 48 18 10 42 41 
24 9
30 12 1 18 32 45 25 38 46 
36 13
32 3 5 40 21 46 45 0 15 49 47 43 25 
25 8
39 35 37 24 16 30 36 38 
43 8
48 37 26 18 12 42 22 36 
15 12
31 7 32 23 36 0 10 2 3 18 16 46 
45 13
32 18 29 10 38 42 24 37 23 36 17 28 35 
46 12
4 36 12 8 18 5 39 34 15 37 24 19 
48 8
2 43 12 38 13 41 33 5 
33 10
41 1 18 40 14 28 48 22 10 29 
41 23
19 40 29 33 12 47 21 23 26 14 39 49 22 0 44 8 5 42 27 18 48 17 28 
42 19
16 9 0 34 40 18 5 44 32 41 27 17 7 2 45 26 37 43 23 
18 21
45 33 19 6 44 43 5 9 22 32 30 24 21 13 15 14 39 46 28 41 42 
29 12
41 9 11 26 35 45 32 5 16 33 39 20 
22 8
41 2 43 3 18 33 8 9 
28 15
47 45 18 3 38 8 33 13 17 41 10 9 0 39 34 
9 12
42 35 26 4 47 18 29 16 28 17 6 22 
8 12
34 6 32 1 5 28 41 7 46 44 22 0 
3 13
15 32 16 19 13 28 36 22 5 4 49 20 12 
38 12
47 28 48 2 19 45 24 0 40 14 34 25 
34 14
16 8 38 6 35 49 2 37 26 42 27 46 28 4 
4 8
46 3 1 34 14 9 27 35 
35 11
29 25 9 27 13 14 34 20 45 49 4 
20 8
6 44 13 0 29 3 2 35 
32 18
45 3 36 5 18 1 0 24 26 14 37 10 42 30 8 29 15 40 
37 12
0 43 23 25 46 34 32 42 26 45 13 7 
26 11
32 29 34 27 31 9 43 37 42 13 41 
10 11
28 33 5 19 45 15 47 32 7 40 11 
39 17
19 6 21 18 29 13 41 28 17 7 46 16 0 2 49 25 30 
6 8
11 8 18 20 34 39 9 47 
21 7
0 2 41 36 44 18 39 
17 7
45 41 47 28 9 39 42 
13 15
28 30 39 20 44 35 37 14 26 16 3 1 0 18 48 
16 16
47 39 14 34 25 42 27 5 3 19 13 40 15 29 9 0 
11 7
6 27 1 29 10 47 19 
19 13
39 41 38 23 18 3 27 44 16 46 0 10 11 
47 16
5 6 11 44 16 10 41 30 36 28 7 17 1 9 49 38 
44 10
19 20 30 21 13 41 42 47 8 18 
30 11
25 24 44 39 40 12 32 47 1 18 13 
49 11
47 35 36 23 34 39 0 3 5 7 41 
23 7
45 19 37 49 15 42 41 
12 10
48 43 24 41 30 46 14 2 1 3 
