30
11 8
23 25 3 18 5 12 13 7 
7 8
26 9 1 18 21 11 20 14 
12 11
8 22 4 10 15 19 26 14 20 11 21 
5 9
10 9 17 2 26 16 11 14 22 
8 8
12 0 10 29 2 26 9 17 
17 12
5 4 19 26 15 29 10 8 14 25 27 9 
9 10
5 4 2 7 14 24 8 27 17 15 
26 14
7 17 28 12 16 8 13 29 0 22 23 2 5 6 
2 9
9 22 24 5 18 26 8 20 0 
29 9
14 0 10 15 17 19 26 16 8 
10 8
5 29 12 22 4 6 8 17 
16 6
29 14 6 5 13 26 
13 8
24 11 16 0 26 27 28 23 
23 6
11 27 0 26 13 18 
28 6
19 26 22 1 14 13 
0 10
29 8 23 3 24 13 27 19 26 2 
15 5
21 29 12 17 9 
14 11
29 12 16 3 5 1 7 20 9 28 17 
20 7
7 14 12 18 1 2 24 
1 6
7 3 28 20 14 4 
3 7
0 11 24 4 14 1 18 
22 7
21 12 10 28 2 26 5 
4 6
12 9 17 10 3 1 
21 7
15 22 24 18 7 12 6 
27 8
23 13 19 9 17 25 0 18 
24 9
13 2 19 3 25 21 9 0 20 
25 5
24 11 27 17 19 
19 8
12 24 0 29 27 28 17 25 
18 8
20 2 11 21 7 23 3 27 
6 4
26 16 10 21 
