100
88 5
32 18 5 62 38 
38 4
84 13 36 88 
39 6
36 33 40 14 50 17 
17 3
72 27 39 
15 2
76 21 
21 2
22 15 
92 4
18 90 63 29 
29 4
95 46 40 92 
41 4
79 34 67 31 
31 6
74 66 77 57 53 41 
83 4
11 74 20 98 
98 5
90 79 47 1 83 
4 3
77 57 65 
65 5
51 4 14 68 66 
71 3
89 2 35 
35 4
20 69 43 71 
87 3
7 19 18 
18 5
92 88 79 16 87 
52 5
26 91 0 25 44 
44 4
94 7 61 52 
27 2
72 17 
72 4
66 55 27 17 
89 5
22 71 49 33 56 
56 3
36 32 89 
33 4
39 48 70 89 
66 7
69 72 82 31 43 0 65 
70 1
33 
68 4
81 90 65 30 
30 7
22 95 60 6 61 46 68 
75 3
14 79 91 
91 4
16 52 94 75 
28 2
79 40 
40 9
16 39 12 94 6 29 24 37 28 
25 4
32 52 22 16 
16 7
40 91 7 58 43 18 25 
73 2
2 11 
11 5
83 86 42 73 95 
23 3
42 26 99 
99 4
7 60 81 23 
32 4
88 25 56 2 
2 9
48 20 71 73 81 5 7 63 32 
54 1
12 
12 4
93 40 55 54 
24 3
37 40 20 
20 6
67 35 2 83 42 24 
82 5
76 66 0 78 59 
59 1
82 
78 4
63 62 64 82 
55 5
10 77 12 26 72 
93 3
12 7 53 
53 2
31 93 
49 2
89 81 
81 10
7 68 79 42 45 2 97 86 49 99 
97 3
81 69 80 
80 4
3 1 79 97 
69 4
66 97 35 0 
3 3
80 26 84 
84 3
38 46 3 
26 5
52 23 55 1 3 
77 6
55 79 4 51 61 31 
62 4
0 78 88 76 
76 4
82 15 47 62 
50 3
67 39 14 
14 6
46 75 65 39 34 50 
67 5
20 50 41 10 85 
85 2
79 67 
10 3
55 13 67 
51 3
77 22 65 
7 9
13 87 99 16 44 81 19 93 2 
46 7
14 8 29 84 30 58 19 
61 3
77 30 44 
58 2
16 46 
94 4
44 79 40 91 
79 10
41 80 28 85 75 77 81 98 94 18 
64 2
13 78 
13 7
7 90 8 22 38 64 10 
45 1
81 
57 2
4 31 
90 6
13 92 98 68 48 9 
9 2
6 90 
95 4
30 29 11 8 
42 5
23 1 81 11 20 
63 3
92 78 2 
5 2
88 2 
36 3
39 56 38 
1 4
80 42 26 98 
47 3
98 76 74 
19 3
7 87 46 
8 3
46 13 95 
0 5
62 52 82 66 69 
86 3
11 81 96 
22 8
30 25 51 48 13 89 21 60 
48 4
90 2 22 33 
60 3
99 30 22 
37 2
24 40 
6 3
30 40 9 
74 3
31 83 47 
96 1
86 
43 3
16 66 35 
34 2
41 14 
