20
17 9
12 9 16 19 7 1 3 10 11 
11 6
8 14 7 17 9 18 
10 11
14 0 15 4 12 17 2 19 18 1 5 
3 4
0 17 4 2 
7 12
4 18 13 14 9 17 15 0 11 19 2 8 
8 8
11 12 0 14 6 5 16 7 
2 7
10 4 16 7 13 12 3 
18 7
10 16 9 6 7 13 11 
9 9
17 14 4 18 12 19 7 13 11 
14 10
10 19 8 9 13 7 12 11 1 5 
13 10
14 7 9 2 5 18 1 12 15 0 
12 9
17 9 14 0 10 2 13 8 16 
16 9
17 15 0 18 1 5 2 12 8 
4 9
7 6 9 0 10 1 3 5 2 
5 7
13 8 16 10 14 1 4 
1 9
6 14 17 16 4 13 10 15 5 
19 5
14 7 17 9 10 
6 5
4 1 18 8 15 
15 6
16 10 1 7 13 6 
0 8
12 10 3 4 8 16 7 13 
