30
19 10
10 17 27 24 1 3 18 8 16 7 
7 12
13 17 4 10 20 24 21 16 18 3 26 19 
16 12
11 1 4 28 27 9 7 0 29 12 19 25 
8 8
13 25 3 0 10 27 9 19 
18 9
20 4 7 13 10 29 2 19 26 
3 14
20 2 19 26 17 7 29 9 0 1 5 8 23 25 
1 11
14 16 21 0 15 2 19 26 5 3 23 
24 9
25 11 4 19 26 0 29 7 13 
27 7
6 8 16 26 19 21 22 
17 8
7 25 9 11 19 5 3 23 
10 14
23 8 29 2 26 19 0 9 20 28 7 11 18 4 
28 7
22 10 6 16 14 26 5 
5 9
1 3 22 23 13 17 28 0 29 
26 15
21 3 6 18 11 24 27 10 14 1 0 22 4 28 7 
14 11
1 22 28 13 0 15 29 26 25 21 11 
21 10
2 26 22 4 1 14 7 11 27 6 
29 12
12 16 3 18 5 14 20 22 23 0 10 24 
11 11
16 23 9 17 13 4 24 21 26 14 10 
2 9
21 23 6 20 1 18 3 0 10 
22 10
21 25 14 26 12 5 29 28 9 27 
6 7
27 28 9 20 2 26 21 
20 8
3 18 7 6 2 10 15 29 
0 14
5 10 15 29 13 8 16 3 1 23 2 14 26 24 
25 7
24 22 17 3 8 16 14 
12 5
29 22 23 16 9 
9 11
11 3 17 6 10 16 8 23 22 4 12 
23 14
10 5 3 4 12 17 1 0 9 29 15 13 2 11 
15 6
13 1 14 20 23 0 
13 10
7 8 23 11 24 14 18 5 15 0 
4 10
10 7 18 26 16 23 21 24 11 9 
