50
12 2
45 9 
9 6
31 42 12 11 24 26 
45 5
3 12 27 37 24 
44 4
3 4 27 35 
35 3
11 5 44 
27 6
21 2 45 44 41 7 
4 6
3 31 38 33 44 46 
3 8
4 44 40 11 31 45 2 0 
32 4
46 30 6 21 
21 6
17 27 29 10 40 32 
6 9
41 20 33 32 31 28 38 25 22 
26 8
33 30 37 15 29 9 18 43 
43 4
15 33 2 26 
18 4
38 37 26 1 
29 8
21 7 49 47 40 26 10 48 
37 5
18 26 45 31 11 
30 5
32 46 19 26 2 
31 8
41 3 9 17 4 6 37 2 
2 10
19 10 16 27 31 22 30 43 49 3 
17 10
7 21 46 5 23 22 28 31 39 14 
41 7
42 6 34 22 48 31 27 
46 7
32 10 17 30 20 5 4 
33 7
26 6 43 4 15 10 11 
38 5
1 18 6 4 23 
48 2
41 29 
10 6
47 21 46 33 2 29 
40 7
25 3 16 34 29 13 21 
47 2
10 29 
49 7
14 0 29 15 23 2 8 
7 3
29 17 27 
23 5
49 39 17 38 42 
42 5
41 5 19 9 23 
39 4
16 36 23 17 
22 5
41 6 16 2 17 
25 2
40 6 
28 4
36 17 6 19 
24 3
19 45 9 
0 2
49 3 
11 6
35 9 3 5 33 37 
14 2
49 17 
34 4
41 16 40 36 
36 3
28 39 34 
16 6
39 34 40 8 2 22 
15 4
26 33 43 49 
1 2
38 18 
5 6
42 35 13 46 17 11 
19 5
42 30 24 2 28 
20 3
6 46 13 
13 3
5 40 20 
8 2
16 49 
