20
5 11
19 7 11 8 16 3 1 17 0 15 6 
6 17
8 5 18 11 17 2 19 12 3 16 4 14 1 9 0 13 15 
15 11
12 13 2 17 16 6 14 4 1 5 10 
0 14
12 11 18 5 1 8 3 16 2 10 17 7 19 6 
17 11
2 6 7 13 12 1 5 18 15 0 9 
1 14
11 5 3 2 8 13 15 9 0 12 6 14 7 17 
16 14
11 8 12 10 5 3 0 9 15 13 7 4 6 19 
11 13
16 9 3 5 1 10 0 7 12 19 2 14 6 
13 11
15 6 16 14 12 2 17 1 3 18 4 
4 8
16 12 10 15 6 18 7 13 
18 11
6 3 19 2 12 8 10 0 4 17 13 
3 12
18 5 1 12 6 11 8 16 9 13 2 0 
10 9
19 12 4 18 0 15 11 8 16 
8 11
6 3 5 1 18 9 12 10 0 16 7 
14 9
2 19 1 6 13 15 12 9 11 
2 13
14 19 12 17 7 13 15 0 6 18 1 3 11 
12 17
2 10 15 13 6 7 17 14 8 4 0 9 1 11 18 16 3 
7 12
9 17 4 0 19 2 5 1 11 12 16 8 
9 11
7 12 16 8 11 19 1 3 6 14 17 
19 11
7 2 14 16 11 18 5 6 9 10 0 
