50
37 5
17 23 21 3 12 
12 9
21 37 38 2 47 48 17 28 14 
3 6
47 33 1 30 37 0 
21 5
29 12 37 46 22 
23 8
47 0 14 44 6 7 37 28 
17 12
48 37 11 39 12 29 19 35 26 47 6 5 
31 4
34 6 13 19 
19 7
11 22 49 28 17 31 33 
13 6
14 4 6 28 31 46 
6 13
8 35 23 22 18 32 38 14 31 27 17 13 7 
46 9
18 44 9 28 32 35 34 21 13 
28 16
46 9 23 36 12 47 26 2 19 38 48 11 10 29 13 34 
4 3
13 29 42 
42 10
0 16 44 39 49 4 5 41 24 2 
29 9
26 38 48 17 28 4 21 24 32 
43 3
41 38 2 
2 11
24 12 42 7 49 43 48 28 9 39 0 
38 9
29 12 6 28 26 18 5 43 24 
41 6
24 43 39 42 5 1 
32 6
14 49 6 33 46 29 
24 11
40 2 26 45 41 7 33 29 42 36 38 
8 5
6 9 45 30 1 
1 5
3 15 8 44 41 
30 7
9 45 3 33 8 11 15 
45 6
30 26 34 24 8 48 
9 7
30 2 46 44 8 28 49 
15 5
10 0 1 30 40 
40 4
24 25 5 15 
0 10
23 18 3 20 25 42 35 2 15 48 
10 6
15 7 26 28 36 18 
44 8
23 9 27 42 47 1 46 16 
36 4
28 49 10 24 
49 7
16 32 42 36 2 19 9 
18 10
46 22 5 38 0 10 6 47 11 20 
20 6
22 5 18 0 11 25 
11 8
19 7 28 17 34 20 30 18 
47 8
23 28 17 3 18 12 33 44 
25 4
0 40 20 27 
27 5
44 6 7 25 39 
39 5
17 27 41 42 2 
7 7
10 23 2 11 24 6 27 
5 8
18 41 38 42 20 40 16 17 
26 7
45 24 29 10 28 17 38 
34 5
11 31 28 45 46 
35 5
48 17 6 0 46 
16 4
42 49 5 44 
33 7
32 3 30 22 47 24 19 
22 6
18 20 19 33 6 21 
14 5
13 23 32 6 12 
48 8
28 17 2 35 45 12 29 0 
