50
29 6
1 47 21 13 7 19 
19 10
35 45 11 49 43 20 34 5 0 29 
35 4
37 19 45 27 
27 8
33 13 11 18 0 15 20 35 
20 8
47 18 30 37 19 10 0 27 
13 10
42 36 25 1 3 29 14 39 27 28 
28 9
3 30 33 24 21 11 12 34 13 
46 5
3 38 48 32 41 
41 4
17 44 8 46 
5 5
22 25 8 15 19 
38 3
46 8 31 
31 11
44 40 34 22 2 1 3 7 49 24 38 
0 5
6 8 19 27 20 
10 10
25 23 17 37 40 20 44 6 32 4 
4 5
49 33 8 30 10 
18 6
20 27 30 23 49 25 
25 8
10 13 8 45 23 5 18 1 
43 4
42 7 19 39 
39 5
13 34 23 30 43 
15 3
22 27 5 
16 3
1 49 22 
22 8
12 15 45 5 31 48 36 16 
47 4
29 20 34 17 
17 5
1 10 33 41 47 
34 7
23 19 1 39 31 28 47 
24 3
48 28 31 
1 9
13 29 16 17 31 48 36 34 25 
36 7
32 13 44 40 9 1 22 
8 7
0 4 14 38 25 5 41 
23 7
10 21 18 39 34 48 25 
2 5
40 30 26 45 31 
45 6
11 22 25 19 35 2 
30 9
6 18 4 28 20 39 2 21 37 
37 5
20 10 30 35 26 
26 4
2 48 37 42 
32 4
36 3 46 10 
42 3
13 43 26 
11 7
3 45 19 27 28 48 14 
14 3
13 8 11 
48 9
49 46 1 26 24 11 21 23 22 
21 6
44 29 30 23 28 48 
33 5
4 6 27 17 28 
9 3
7 36 40 
40 8
36 2 3 12 10 31 9 6 
12 4
6 22 28 40 
49 6
19 4 16 18 48 31 
7 5
3 43 29 9 31 
3 8
11 46 32 13 7 40 28 31 
6 6
12 30 0 10 33 40 
44 5
21 41 36 31 10 
