50
33 1
23 
23 4
25 39 20 33 
4 1
40 
40 3
39 43 4 
43 1
40 
8 5
20 41 32 18 27 
27 3
45 46 8 
48 1
12 
12 4
11 46 28 48 
7 1
9 
9 3
39 2 7 
10 1
45 
45 3
27 24 10 
38 2
26 24 
24 5
25 38 46 45 35 
47 2
13 6 
6 6
0 13 37 5 26 47 
16 1
44 
44 5
26 20 46 16 30 
32 4
8 28 20 39 
39 10
26 42 25 0 23 31 9 41 40 32 
26 6
44 39 38 36 2 6 
31 4
28 39 15 1 
1 3
35 46 31 
22 2
20 3 
3 1
22 
20 6
32 37 8 44 23 22 
13 2
47 6 
15 4
25 31 41 36 
36 3
11 26 15 
41 4
8 39 14 15 
29 2
35 19 
19 1
29 
35 4
1 24 29 42 
46 7
24 21 11 1 27 12 44 
11 3
36 12 46 
21 1
46 
2 3
26 9 28 
17 2
0 34 
34 1
17 
0 3
39 6 17 
30 1
44 
5 1
6 
37 3
20 6 49 
25 5
23 15 24 39 18 
49 1
37 
14 2
42 41 
18 2
8 25 
28 4
31 12 32 2 
42 3
14 39 35 
