100
39 1
50 
50 3
65 7 39 
24 3
14 51 44 
44 2
49 24 
93 3
43 72 96 
96 4
61 72 55 93 
48 1
15 
15 5
0 23 12 84 48 
97 1
49 
49 3
6 44 97 
78 2
75 52 
52 3
98 66 78 
5 1
60 
60 4
89 30 5 19 
82 1
46 
46 3
38 55 82 
63 1
45 
45 2
68 63 
42 1
6 
6 4
81 35 49 42 
4 2
89 71 
71 4
73 1 59 4 
14 2
24 36 
36 2
79 14 
29 1
89 
89 4
4 60 92 29 
99 2
8 26 
26 2
16 99 
8 2
54 99 
41 1
90 
90 2
84 41 
9 2
72 1 
1 2
71 9 
25 1
81 
81 3
83 6 25 
19 1
60 
30 5
38 58 76 77 60 
18 1
35 
35 2
6 18 
80 1
87 
87 2
43 80 
92 3
38 89 22 
98 3
52 2 94 
94 7
72 28 85 73 20 98 64 
77 1
30 
43 3
93 28 87 
74 1
11 
11 4
69 83 10 74 
13 1
76 
76 3
28 30 13 
16 2
26 20 
20 4
73 94 40 16 
32 1
23 
23 6
72 15 0 7 17 32 
75 2
78 31 
31 2
83 75 
66 2
67 52 
53 2
84 72 
72 8
9 23 94 68 93 69 53 96 
65 2
50 3 
3 4
17 56 47 65 
7 4
23 50 70 33 
33 1
7 
70 1
7 
22 1
92 
85 3
94 38 95 
95 1
85 
38 4
30 85 46 92 
17 3
73 23 3 
0 3
15 23 61 
21 2
40 37 
37 2
21 86 
40 2
20 21 
88 2
91 67 
67 3
88 79 66 
91 4
12 88 54 58 
2 2
98 84 
84 4
53 15 2 90 
83 4
11 81 31 57 
57 1
83 
69 2
72 11 
68 2
72 45 
55 2
46 96 
47 1
3 
56 2
86 3 
62 1
28 
28 5
94 62 43 51 76 
12 2
15 91 
58 2
30 91 
54 2
91 8 
64 2
94 27 
73 4
17 20 94 71 
10 2
11 34 
59 1
71 
86 2
56 37 
51 2
24 28 
61 2
96 0 
34 1
10 
27 1
64 
79 2
67 36 
