100
51 1
87 
87 3
92 47 51 
98 3
15 76 46 
46 4
58 99 14 98 
15 3
97 70 98 
4 3
86 6 28 
28 3
18 72 4 
5 2
14 17 
17 6
32 47 3 5 80 38 
75 1
96 
96 4
66 12 20 75 
78 1
35 
35 3
74 45 78 
91 2
94 24 
24 3
37 85 91 
47 4
37 57 17 87 
72 5
11 1 30 27 28 
48 1
23 
23 2
85 48 
41 1
20 
20 3
49 96 41 
54 2
60 52 
52 3
94 84 54 
82 3
0 53 13 
13 3
45 68 82 
79 2
58 49 
49 4
34 20 50 79 
56 1
8 
8 4
65 37 40 56 
85 2
24 23 
80 1
17 
18 3
29 28 83 
83 2
97 18 
30 3
68 19 72 
1 1
72 
11 3
31 93 72 
65 3
34 8 53 
53 4
82 76 60 65 
7 1
6 
6 3
4 39 7 
92 2
87 71 
71 4
86 44 42 92 
97 5
10 15 27 19 83 
0 2
82 68 
68 6
3 30 25 13 55 0 
12 1
96 
39 2
94 6 
94 8
37 52 42 76 58 91 10 39 
22 6
93 59 16 44 9 61 
61 2
63 22 
9 2
22 25 
44 5
71 36 22 43 64 
16 6
32 37 89 93 67 22 
36 2
44 50 
50 7
55 66 63 36 49 84 34 
70 2
15 81 
81 1
70 
66 3
50 37 96 
37 11
94 16 8 45 26 47 66 89 21 24 90 
95 1
76 
76 4
53 98 94 95 
69 3
29 59 31 
31 3
11 45 69 
19 3
30 97 74 
74 3
10 35 19 
45 7
25 37 13 14 73 35 31 
40 1
8 
99 2
46 27 
27 3
72 97 99 
29 4
69 67 18 77 
77 2
10 29 
21 2
63 37 
26 2
37 63 
63 5
21 26 61 50 88 
32 4
17 57 42 16 
42 3
32 94 71 
67 3
29 60 16 
93 4
22 16 60 11 
89 2
37 16 
57 3
32 47 86 
86 3
71 4 57 
73 1
45 
14 6
55 5 45 2 46 33 
60 4
54 67 93 53 
25 4
45 34 68 9 
33 1
14 
2 1
14 
34 4
65 49 25 50 
90 3
58 37 62 
10 4
74 94 97 77 
62 1
90 
3 3
68 59 17 
55 3
14 50 68 
58 4
46 90 79 94 
64 2
44 59 
43 1
44 
88 1
63 
38 1
17 
59 4
3 69 22 64 
84 2
50 52 
