50
4 7
18 16 22 40 14 39 34 
34 8
44 38 1 32 49 43 4 21 
5 5
9 16 38 22 19 
19 7
42 7 30 9 29 44 5 
48 3
9 45 20 
20 4
12 30 37 48 
44 9
13 34 46 33 30 42 37 27 19 
38 5
5 34 28 25 10 
10 5
17 24 1 38 41 
46 7
47 8 44 40 7 13 45 
45 5
25 48 2 8 46 
33 5
27 24 11 44 7 
7 8
19 42 49 6 3 46 8 33 
23 6
8 11 43 41 13 12 
12 8
27 20 37 32 22 30 36 23 
13 7
24 27 39 44 46 16 23 
21 3
40 34 25 
25 4
45 38 42 21 
9 7
42 32 19 5 18 48 31 
31 9
22 18 1 6 40 17 28 9 26 
8 8
45 46 32 23 39 27 7 0 
0 2
37 8 
47 3
46 2 30 
30 7
12 19 20 3 44 37 47 
16 7
4 2 17 14 13 5 3 
3 5
1 17 30 16 7 
14 7
2 32 28 4 49 16 22 
17 9
31 10 3 49 36 6 16 2 35 
41 2
23 10 
28 4
37 14 38 31 
26 3
15 42 31 
40 5
21 4 15 46 31 
6 7
35 43 7 32 31 17 24 
37 10
28 12 32 0 39 20 36 30 11 44 
11 5
43 33 23 22 37 
32 8
8 12 9 14 34 37 15 6 
36 6
18 17 12 15 37 24 
24 5
13 33 10 6 36 
1 6
3 2 35 31 34 10 
22 7
4 12 5 27 31 11 14 
15 5
36 40 32 26 2 
2 8
1 17 14 16 47 49 15 45 
35 6
6 43 1 27 17 29 
29 2
19 35 
42 8
19 26 9 7 44 25 43 18 
18 7
4 49 36 31 9 42 39 
43 6
35 6 11 23 34 42 
49 7
18 27 17 7 2 14 34 
39 5
4 8 37 13 18 
27 8
22 49 12 35 13 33 8 44 
