100
14 8
7 13 32 49 64 88 90 39 
39 5
77 9 86 99 14 
88 5
8 45 35 14 36 
36 3
16 4 88 
68 4
40 72 5 46 
46 9
47 4 74 6 55 12 25 8 68 
75 6
1 64 55 7 41 37 
37 6
29 19 44 7 31 75 
17 5
72 30 59 19 13 
13 7
77 14 38 65 93 69 17 
19 7
4 55 33 37 84 59 17 
87 7
91 34 71 54 45 31 85 
85 3
34 15 87 
60 2
3 56 
56 5
55 22 83 92 60 
42 7
27 1 4 25 69 12 96 
96 4
26 28 22 42 
23 2
29 90 
90 9
70 29 30 22 23 14 92 11 54 
99 9
89 49 53 30 27 35 16 40 39 
73 5
47 3 35 89 25 
25 6
84 91 42 31 46 73 
94 5
45 22 6 48 74 
74 7
86 35 46 20 5 1 94 
77 3
13 39 24 
24 8
41 83 76 91 70 53 12 77 
41 6
24 29 83 54 75 52 
52 5
86 64 71 33 41 
9 4
59 39 49 64 
64 7
51 52 76 14 62 75 9 
97 7
33 63 83 54 93 78 48 
48 8
32 94 95 10 0 12 97 26 
4 8
20 50 89 46 42 19 66 36 
28 5
35 61 96 82 51 
51 4
64 62 22 28 
0 4
70 95 48 92 
92 6
82 38 90 56 0 57 
91 5
87 24 25 2 76 
76 6
30 8 24 64 3 91 
2 3
8 55 91 
71 4
72 87 52 95 
95 5
48 0 6 55 71 
26 4
47 18 96 48 
12 8
24 57 81 67 42 58 46 48 
66 6
16 67 79 6 58 4 
93 6
15 13 86 97 33 79 
79 5
58 40 66 31 93 
33 10
55 97 19 35 93 40 18 1 63 52 
82 4
92 28 61 62 
62 8
10 80 84 89 51 64 82 45 
70 5
90 24 81 0 29 
29 9
18 23 41 90 34 11 37 89 70 
6 8
95 46 32 94 49 72 3 66 
63 6
38 97 5 1 33 49 
49 8
9 44 81 14 99 6 63 58 
1 9
47 81 42 63 33 72 78 75 74 
34 6
69 87 29 57 7 85 
7 9
57 69 75 50 61 37 21 14 34 
57 7
65 54 7 12 40 34 92 
45 7
94 27 88 30 87 98 62 
31 10
87 37 44 79 25 72 38 61 3 43 
43 2
65 31 
3 8
65 6 60 18 76 73 35 31 
61 5
82 7 28 31 10 
38 6
63 92 13 31 69 67 
72 6
71 68 1 6 17 31 
67 5
66 98 12 58 38 
50 6
10 4 7 22 21 89 
89 6
99 4 73 50 62 29 
22 7
94 40 90 50 96 51 56 
59 5
8 40 9 17 19 
8 7
59 88 2 10 16 76 46 
35 14
74 86 53 99 44 33 3 88 20 98 81 73 55 28 
86 6
74 52 39 93 35 81 
53 5
83 99 35 78 24 
44 4
49 31 35 37 
78 4
53 97 1 65 
65 5
3 43 57 13 78 
55 11
75 35 19 2 56 15 98 33 46 18 95 
10 6
8 48 84 50 62 61 
27 6
18 42 84 99 45 69 
69 7
38 42 7 13 34 40 27 
40 12
79 58 59 99 33 57 30 22 20 69 68 5 
98 6
11 35 67 45 55 80 
80 3
62 98 30 
5 4
74 63 68 40 
20 7
4 21 11 35 16 74 40 
15 4
93 21 85 55 
30 8
17 76 45 99 90 40 80 47 
58 6
66 40 67 79 12 49 
47 5
46 1 73 26 30 
84 5
27 25 62 10 19 
21 4
15 50 20 7 
18 6
29 27 33 3 26 55 
81 6
35 1 12 70 49 86 
54 5
57 87 97 41 90 
11 5
29 20 98 90 32 
32 4
48 6 14 11 
16 5
8 66 36 20 99 
83 5
53 24 97 41 56 
