50
16 9
35 30 23 17 14 13 3 37 0 
0 6
35 37 44 8 16 40 
37 9
38 32 0 20 30 11 24 44 16 
3 9
43 42 5 20 16 13 7 24 36 
13 7
43 47 49 3 16 23 17 
14 12
28 35 45 26 32 12 15 10 44 16 36 22 
17 9
22 29 5 6 16 45 35 13 7 
23 6
45 13 42 12 16 34 
30 10
41 38 16 9 37 43 49 47 4 32 
47 8
25 5 30 49 4 13 31 28 
28 8
21 46 14 20 27 31 47 35 
4 10
27 42 5 34 20 24 22 30 47 10 
5 12
7 21 34 42 17 6 4 47 3 26 19 33 
25 6
44 22 47 21 34 40 
10 9
27 36 49 4 1 38 41 2 14 
24 9
41 6 36 4 48 37 3 44 19 
20 12
2 45 3 18 37 27 28 9 48 46 4 15 
34 12
25 35 27 18 5 1 32 49 43 4 21 23 
33 6
8 40 41 7 18 5 
19 7
15 39 44 1 5 24 9 
6 7
45 5 32 31 17 24 7 
8 4
33 46 0 42 
42 10
41 12 23 4 43 5 1 3 18 8 
46 11
29 11 21 18 28 2 26 45 20 43 8 
18 8
45 46 33 42 12 34 39 20 
7 6
27 17 5 3 33 6 
40 7
33 29 15 0 9 31 25 
15 8
40 14 20 27 9 32 19 2 
48 6
44 35 39 20 24 41 
9 7
1 40 20 30 15 31 19 
45 9
23 18 17 6 2 46 14 20 39 
2 5
46 20 15 10 45 
38 7
39 27 11 37 30 10 32 
32 8
41 14 34 37 15 6 30 38 
44 10
1 22 25 0 14 37 24 48 27 19 
11 4
38 46 37 21 
39 6
38 48 19 45 29 18 
36 6
22 43 10 14 24 3 
41 10
30 42 33 21 24 32 10 48 31 1 
21 9
5 41 28 34 25 46 29 11 26 
26 5
5 14 46 31 21 
29 7
46 17 31 39 40 35 21 
12 5
31 42 14 23 18 
31 10
12 47 49 29 6 40 28 9 26 41 
43 9
3 13 34 42 46 27 36 30 22 
1 7
9 44 19 42 34 10 41 
49 6
31 47 10 30 34 13 
27 10
10 15 38 7 20 34 28 44 4 43 
35 9
16 22 14 34 48 17 28 0 29 
22 8
17 36 44 25 35 14 4 43 
