20
12 9
11 8 16 18 5 3 1 13 2 
2 14
12 4 8 3 5 11 18 17 9 0 6 19 15 13 
13 8
15 9 3 5 2 19 16 12 
1 4
6 3 12 9 
3 10
10 13 14 8 18 1 2 12 9 17 
5 12
6 4 18 10 15 11 19 2 13 16 8 12 
16 12
19 8 11 15 10 5 14 7 13 17 9 12 
8 9
16 12 18 3 5 2 10 17 9 
9 11
13 10 0 11 18 3 1 16 8 2 19 
10 8
16 8 9 17 3 5 18 11 
19 6
16 2 5 13 0 9 
15 9
13 14 4 16 2 0 11 18 5 
11 12
16 12 9 17 18 5 2 0 10 15 7 6 
0 7
11 9 2 19 15 7 18 
4 7
6 15 17 18 5 2 14 
14 7
6 15 16 3 18 17 4 
17 9
4 2 10 11 8 16 18 3 14 
18 15
12 3 6 14 9 0 10 15 5 17 7 2 8 4 11 
7 4
16 18 0 11 
6 7
14 4 2 5 1 18 11 
