100
68 10
60 98 20 77 25 11 27 91 58 44 
44 5
15 1 68 46 19 
58 7
41 25 63 10 42 95 68 
91 8
42 73 8 9 13 88 68 84 
27 6
61 41 66 68 67 47 
11 5
32 69 60 68 86 
25 7
34 98 63 3 68 58 47 
41 5
58 96 27 7 23 
23 6
37 61 43 73 97 41 
7 8
17 14 94 93 35 51 41 78 
96 4
38 47 41 70 
56 4
76 51 79 1 
1 4
55 73 44 56 
79 6
87 56 30 3 45 12 
51 8
50 12 86 56 45 35 20 7 
76 7
64 4 70 56 63 0 30 
12 3
22 51 79 
45 3
62 51 79 
3 3
25 93 79 
30 7
39 83 84 76 48 17 79 
87 5
99 79 22 47 18 
63 7
58 70 24 25 61 76 75 
75 5
48 93 82 88 63 
61 10
27 67 54 49 47 82 23 65 63 16 
24 4
74 40 63 32 
32 8
50 73 67 95 85 11 24 39 
47 12
8 96 21 83 87 67 97 61 25 64 28 27 
98 3
25 68 18 
18 10
83 85 10 87 21 67 35 98 92 38 
10 6
94 17 58 19 18 57 
57 3
66 0 10 
19 7
39 44 42 65 88 10 66 
67 7
61 32 20 47 27 95 18 
66 4
57 36 27 19 
46 2
44 2 
84 5
26 89 30 60 91 
88 7
8 31 75 65 19 91 40 
13 6
60 62 91 17 16 97 
9 5
38 2 93 91 22 
8 4
88 91 47 86 
36 4
82 93 66 59 
59 4
62 5 15 36 
93 7
50 7 3 36 29 75 9 
92 4
97 34 83 18 
83 5
30 18 92 47 31 
31 8
95 88 73 42 64 48 71 83 
39 6
30 49 40 19 55 32 
85 6
18 0 80 34 55 32 
95 10
31 48 78 99 32 97 67 58 64 70 
16 8
35 50 38 61 72 29 13 64 
64 8
42 55 31 76 16 95 47 2 
29 11
21 53 74 5 93 16 65 40 20 90 50 
72 5
73 21 17 42 16 
38 5
4 9 96 16 18 
74 8
99 97 24 34 0 29 65 22 
22 7
49 42 12 90 87 74 9 
65 12
88 52 62 54 61 97 19 29 89 86 74 28 
97 9
92 74 77 35 23 65 95 47 13 
17 7
72 10 70 6 7 13 30 
70 8
62 63 17 37 76 96 26 95 
26 2
84 70 
37 4
42 23 35 70 
6 3
17 50 77 
42 10
37 91 22 31 72 19 80 64 58 94 
94 7
21 10 7 80 20 62 42 
80 7
43 4 81 50 85 42 94 
20 8
68 60 81 67 29 15 51 94 
15 6
44 59 28 35 20 99 
86 5
51 65 54 8 11 
54 7
61 71 52 65 86 43 34 
28 6
60 49 47 0 15 65 
77 6
60 68 97 0 89 6 
89 5
77 84 65 60 82 
0 7
57 77 53 74 28 85 76 
53 4
48 29 0 60 
40 4
24 29 39 88 
73 8
32 23 72 91 31 1 43 69 
78 4
5 2 95 7 
69 2
11 73 
43 4
80 23 54 73 
35 10
15 90 7 51 97 18 5 37 16 33 
21 8
94 72 62 29 34 4 47 18 
52 4
54 50 65 81 
81 4
20 80 52 49 
50 9
60 16 93 51 52 80 29 32 6 
4 5
21 76 38 80 48 
48 6
53 4 95 30 75 31 
5 4
59 78 29 35 
60 11
77 68 28 50 20 13 33 84 11 89 53 
49 5
28 22 39 61 81 
99 5
74 2 95 87 15 
90 3
22 35 29 
14 3
7 34 55 
55 6
85 1 64 39 34 14 
34 8
92 14 21 25 54 74 85 55 
82 5
36 75 62 61 89 
71 2
54 31 
33 2
60 35 
62 8
70 65 59 21 13 45 82 94 
2 5
99 78 9 64 46 
