30
19 10
10 17 27 24 1 3 18 8 16 7 
7 6
10 20 21 16 3 19 
16 10
1 4 27 9 7 0 29 12 19 25 
8 7
25 3 0 10 27 9 19 
18 5
13 29 2 19 26 
3 12
25 23 8 5 1 29 0 7 19 2 9 17 
1 9
16 21 0 15 19 26 5 3 23 
24 7
11 4 19 26 0 29 13 
27 6
8 16 26 19 21 22 
17 7
25 9 11 19 5 3 23 
10 10
7 20 9 19 26 2 11 0 29 8 
28 3
14 26 5 
5 8
1 3 22 23 13 17 28 29 
26 12
4 22 14 0 10 24 11 28 27 6 1 18 
14 10
22 28 13 0 15 29 26 25 21 11 
21 8
22 4 1 14 7 11 27 6 
29 11
12 16 3 18 5 14 20 22 23 10 24 
11 8
17 13 4 24 21 26 14 10 
2 6
6 20 18 3 0 10 
22 9
21 25 14 26 12 5 29 9 27 
6 5
9 20 2 26 21 
20 6
7 6 2 10 15 29 
0 12
24 26 2 14 23 1 3 16 8 13 10 15 
25 6
22 17 3 8 16 14 
12 5
29 22 23 16 9 
9 10
3 17 6 10 16 8 23 22 4 12 
23 11
13 9 17 15 0 29 12 4 3 5 1 
15 6
13 1 14 20 23 0 
13 8
23 11 24 14 18 5 15 0 
4 7
26 16 23 21 24 11 9 
