50
43 11
21 47 15 10 18 17 12 42 34 7 13 
13 9
17 48 23 33 16 1 5 3 43 
34 15
18 5 35 1 32 6 49 43 4 27 41 44 40 21 20 
42 8
38 15 26 18 3 1 43 23 
18 5
43 34 39 42 46 
46 10
39 0 47 32 45 26 27 28 18 11 
39 8
46 20 23 24 3 18 29 19 
49 9
16 2 28 41 14 34 30 0 10 
10 13
15 20 14 12 26 35 21 41 25 38 1 43 49 
30 14
21 38 16 28 37 49 47 9 0 36 23 25 32 6 
23 8
0 3 16 30 39 12 42 13 
1 12
13 38 25 47 4 37 44 29 10 40 34 42 
3 14
44 5 20 39 16 33 7 42 41 32 13 15 23 45 
29 8
1 7 21 35 20 40 39 31 
31 15
41 6 32 29 15 40 17 28 9 26 12 16 5 4 11 
40 8
1 34 45 28 31 15 29 33 
35 7
0 10 29 17 48 34 22 
27 7
16 8 46 44 28 34 7 
7 10
32 26 43 29 15 21 16 33 3 27 
28 12
30 49 38 25 5 9 31 27 40 20 46 21 
44 10
3 1 25 26 19 27 37 34 14 0 
22 4
48 20 14 35 
48 10
5 22 13 11 8 17 47 4 20 35 
17 9
13 25 31 48 43 35 16 6 5 
15 13
10 43 36 3 12 42 7 2 32 31 9 14 40 
14 10
49 22 36 16 44 10 15 12 6 32 
9 9
37 6 38 28 31 15 36 30 20 
32 13
25 5 3 30 31 46 6 15 37 34 14 7 41 
2 7
12 49 36 21 45 15 20 
24 6
0 20 39 36 6 41 
41 11
45 31 47 49 3 34 0 10 32 37 24 
6 12
30 14 34 4 33 24 9 17 31 32 5 45 
36 10
15 8 9 25 2 45 30 21 24 14 
19 5
0 5 16 44 39 
11 6
25 48 31 37 16 46 
37 11
41 9 1 44 11 30 20 0 32 25 38 
38 9
4 1 42 20 28 9 10 30 37 
0 13
49 41 35 19 26 23 30 33 46 8 44 24 37 
20 16
24 10 29 2 45 3 37 28 48 33 39 34 38 25 9 22 
26 7
7 10 0 42 31 44 46 
45 8
41 3 36 20 40 46 2 6 
33 10
21 0 12 6 3 13 7 20 40 8 
21 12
33 8 2 43 29 10 7 30 36 25 34 28 
8 7
47 21 36 27 48 0 33 
5 14
48 17 28 31 32 4 47 6 19 3 16 12 13 34 
4 8
38 6 31 48 47 34 1 5 
47 10
41 48 8 46 43 4 30 1 5 25 
25 14
47 37 11 44 16 32 30 36 28 17 1 21 20 10 
12 9
2 43 33 15 10 5 31 23 14 
16 14
23 7 17 31 27 14 13 3 5 19 30 25 11 49 
