100
48 4
94 11 83 53 
53 6
68 3 64 84 0 48 
40 2
38 39 
39 2
19 40 
18 3
70 30 85 
85 3
80 0 18 
14 1
34 
34 4
32 38 21 14 
49 5
94 4 51 88 61 
61 5
96 21 23 82 49 
82 4
63 45 12 61 
12 4
44 17 82 51 
51 9
6 94 88 35 45 56 49 86 12 
52 3
20 57 50 
50 3
42 80 52 
73 4
69 55 94 1 
1 4
86 27 44 73 
19 4
42 96 44 39 
77 2
24 89 
89 4
93 78 84 77 
5 6
65 45 81 69 31 29 
29 4
16 93 5 74 
4 4
49 33 95 80 
80 6
8 42 85 50 81 4 
28 2
66 15 
15 4
68 35 28 59 
0 5
87 67 65 85 53 
75 3
70 93 88 
88 6
3 51 49 22 65 75 
65 6
5 0 31 97 54 88 
59 3
8 91 15 
35 5
97 51 7 90 15 
94 5
48 51 49 73 7 
7 3
41 35 94 
23 6
97 43 62 72 61 37 
37 2
99 23 
43 3
60 57 23 
97 5
16 95 65 23 35 
71 2
98 54 
54 4
42 26 65 71 
84 8
68 53 62 13 60 30 89 26 
78 4
44 89 56 95 
95 8
4 64 58 67 97 32 99 78 
2 2
60 9 
9 4
55 96 91 2 
21 4
61 38 47 34 
60 6
64 43 2 11 84 33 
33 4
4 17 68 60 
11 6
8 48 3 68 60 69 
26 3
25 54 84 
47 5
38 67 87 83 21 
22 2
88 87 
87 5
0 20 47 22 79 
3 6
53 11 6 57 88 93 
93 5
75 89 29 36 3 
62 4
36 23 84 45 
45 4
5 82 51 62 
55 3
73 9 64 
64 7
60 53 95 16 31 6 55 
86 2
1 51 
20 3
87 52 67 
67 6
0 95 27 58 47 20 
81 3
5 63 80 
42 6
58 80 19 54 50 72 
72 2
23 42 
58 6
25 69 67 95 42 10 
17 5
12 33 13 6 70 
70 4
18 79 75 17 
6 4
51 64 3 17 
13 4
84 16 17 91 
31 3
5 65 64 
16 6
83 97 64 13 29 38 
83 4
16 48 47 92 
92 2
44 83 
36 2
62 93 
91 4
59 13 9 8 
44 6
12 78 92 19 46 1 
69 4
58 5 73 11 
99 2
37 95 
32 3
96 34 95 
98 2
71 25 
25 5
26 58 68 63 98 
24 2
77 63 
63 4
82 81 25 24 
8 4
11 59 80 91 
90 2
66 35 
79 3
70 10 87 
41 3
7 27 96 
96 5
61 32 19 9 41 
27 6
30 67 1 68 66 41 
74 1
29 
68 8
53 30 15 33 27 84 11 25 
56 3
78 51 76 
30 4
27 18 68 84 
10 2
79 58 
57 4
52 43 3 66 
66 4
90 28 27 57 
38 5
21 47 40 34 16 
76 1
56 
46 1
44 
