100
89 6
43 44 33 34 52 23 
23 4
24 89 73 81 
34 4
8 89 65 17 
33 4
36 83 37 89 
44 5
54 10 89 9 3 
43 4
89 82 6 88 
17 3
54 90 34 
65 5
38 34 81 69 59 
8 7
93 34 92 27 74 10 63 
68 5
11 28 99 92 45 
45 7
14 73 93 56 83 68 42 
92 5
77 74 8 95 68 
99 7
28 79 3 68 70 91 10 
90 12
95 51 18 5 62 69 17 31 48 28 14 77 
80 3
38 69 39 
39 4
47 57 6 80 
69 3
90 65 80 
38 8
53 24 2 22 65 80 5 18 
42 7
37 60 62 5 83 66 45 
66 7
11 12 42 75 7 70 29 
87 6
52 85 24 47 49 97 
97 9
18 82 46 36 88 10 87 63 35 
49 8
31 94 16 63 91 87 35 7 
7 6
25 6 58 49 66 96 
35 7
76 50 85 97 49 63 77 
91 11
95 56 10 1 18 99 64 49 53 71 16 
16 5
20 21 47 49 91 
76 8
62 83 35 60 27 48 84 11 
11 6
68 66 3 31 10 76 
48 8
82 4 72 25 71 76 29 90 
1 6
62 14 63 91 37 24 
24 5
38 23 87 15 1 
37 8
42 94 33 59 75 41 18 1 
79 6
99 10 52 30 71 84 
84 5
76 67 70 79 62 
30 3
28 40 79 
10 13
72 61 97 8 44 77 79 41 95 14 91 11 99 
56 4
25 45 91 47 
47 10
61 16 39 98 9 85 82 6 87 56 
71 6
60 57 79 48 31 91 
53 4
29 91 38 50 
18 10
37 88 90 60 91 32 75 97 26 38 
95 10
22 3 41 9 74 91 10 90 14 92 
74 4
19 92 95 8 
5 8
42 26 93 31 38 59 90 94 
94 5
22 49 51 37 5 
59 6
9 13 58 5 37 65 
31 9
64 49 88 96 11 71 32 90 5 
93 7
8 45 21 40 60 5 75 
60 8
71 22 42 76 15 81 93 18 
15 3
24 60 14 
75 7
66 18 40 98 37 63 93 
81 5
6 60 70 65 23 
70 8
99 66 73 81 84 54 29 22 
19 3
74 20 82 
82 6
48 97 19 43 47 64 
20 5
25 16 19 40 41 
9 10
59 47 57 95 22 36 63 44 55 85 
63 9
1 49 6 8 35 97 13 9 75 
98 2
47 75 
40 7
64 93 30 22 41 20 75 
85 6
87 72 47 67 35 9 
55 6
14 12 78 21 13 9 
36 7
83 97 9 0 33 46 12 
22 11
94 2 77 64 38 9 60 40 95 88 70 
13 6
12 59 55 63 41 27 
27 6
6 52 29 76 8 13 
41 9
40 20 10 37 13 4 95 57 52 
83 6
42 45 36 76 33 32 
32 5
31 18 83 51 6 
6 11
81 27 39 7 43 64 47 63 32 61 54 
77 9
86 22 10 50 92 90 73 35 78 
78 2
55 77 
73 7
45 23 29 70 0 61 77 
50 4
77 35 64 53 
25 6
29 56 7 20 48 21 
21 4
93 16 55 25 
2 4
22 38 54 86 
86 4
61 77 88 2 
54 7
61 17 44 14 70 6 2 
51 5
90 94 32 72 61 
61 8
54 6 73 10 47 86 51 58 
64 8
91 31 40 50 22 67 6 82 
67 4
84 64 58 85 
72 5
10 85 48 51 58 
58 5
59 61 72 67 7 
29 7
25 73 53 70 48 27 66 
4 2
48 41 
62 5
76 1 42 90 84 
3 4
99 95 11 44 
88 6
18 86 43 31 22 97 
46 2
97 36 
14 8
45 95 55 1 54 10 15 90 
28 4
30 68 99 90 
57 4
71 9 39 41 
96 2
31 7 
52 5
89 79 87 27 41 
0 3
26 73 36 
26 3
0 5 18 
12 4
13 55 66 36 
