50
38 8
6 34 21 41 33 4 49 10 
10 13
33 44 29 15 1 12 17 39 20 49 4 25 38 
37 8
36 34 1 41 27 28 44 8 
8 9
46 5 49 4 9 29 34 30 37 
24 4
46 18 31 22 
22 6
28 31 7 20 45 24 
45 8
43 23 36 30 22 13 31 9 
34 8
37 38 2 32 23 16 8 0 
0 6
18 9 11 47 14 34 
14 8
0 46 1 27 48 12 20 40 
40 9
6 33 19 3 27 48 12 30 14 
12 5
10 43 4 40 14 
30 9
47 17 31 11 5 40 15 45 8 
20 7
46 23 22 14 19 10 11 
11 11
2 0 30 36 13 7 3 49 47 39 20 
19 10
5 13 41 43 40 20 27 31 28 9 
9 7
41 0 8 42 45 19 48 
17 4
30 13 10 3 
3 10
39 40 1 2 33 46 16 7 11 17 
47 3
30 11 0 
43 7
46 45 19 25 7 42 12 
7 7
6 22 39 3 11 43 35 
27 8
41 28 37 19 26 40 14 33 
33 9
10 40 4 3 5 44 38 25 27 
35 4
39 7 1 23 
23 7
49 41 15 20 34 45 35 
1 10
36 41 37 3 10 48 14 6 26 35 
31 9
21 24 41 30 22 19 26 45 29 
29 9
10 39 5 32 16 8 49 48 31 
41 10
1 23 38 37 19 28 27 9 31 48 
48 10
2 42 5 1 29 40 39 14 9 41 
28 8
22 27 19 16 37 5 41 13 
13 8
11 19 45 26 17 28 15 16 
46 13
8 24 42 6 43 49 4 20 39 14 36 3 5 
5 13
19 49 30 15 29 6 48 28 8 44 46 33 42 
36 10
15 37 11 26 45 6 32 46 1 18 
4 9
49 32 38 8 46 33 42 12 10 
16 7
49 29 28 3 13 34 39 
39 9
35 3 11 48 7 10 29 46 16 
42 12
46 32 2 26 43 4 48 9 15 18 5 21 
26 6
36 1 42 27 31 13 
32 6
42 34 29 36 4 49 
49 13
4 23 21 11 5 8 16 46 25 38 29 10 32 
6 8
40 38 46 7 36 5 1 2 
2 8
48 15 11 34 42 3 44 6 
15 9
2 21 10 5 36 23 30 42 13 
18 4
24 0 42 36 
25 4
10 49 43 33 
44 5
10 37 5 33 2 
21 5
31 49 15 38 42 
