50
24 4
42 47 39 19 
19 7
27 5 16 4 2 11 24 
1 6
33 48 7 41 2 38 
38 8
32 49 13 34 10 12 18 1 
36 7
6 21 23 33 16 48 28 
28 12
5 41 0 29 15 47 44 8 42 17 30 36 
48 7
1 18 34 29 36 30 41 
41 13
2 14 12 25 1 47 43 9 28 27 31 48 22 
43 14
13 33 8 4 49 47 12 17 34 42 27 41 6 30 
33 10
1 21 11 7 14 36 30 10 15 43 
34 7
26 45 43 48 9 38 16 
16 6
27 36 19 2 8 34 
14 5
15 41 46 33 49 
49 9
2 6 38 43 23 10 29 0 14 
20 6
21 47 26 29 15 46 
46 5
44 27 5 14 20 
15 8
28 0 23 22 14 40 20 33 
22 8
27 31 37 8 15 5 3 41 
2 10
49 23 41 1 27 44 16 10 35 19 
18 11
8 10 3 6 31 48 17 21 37 25 38 
8 8
18 45 26 10 28 22 43 16 
10 14
47 21 37 33 44 49 2 8 38 5 3 18 32 39 
47 11
41 43 24 45 26 28 23 40 20 39 10 
5 12
25 22 10 12 28 17 44 46 13 45 19 35 
35 4
2 39 40 5 
13 7
43 30 9 38 29 21 5 
17 8
0 45 43 31 28 23 18 5 
37 8
10 21 32 22 31 45 26 18 
11 5
19 33 39 3 9 
9 9
29 26 41 7 13 39 34 11 42 
3 7
18 10 22 31 11 40 44 
39 9
35 6 9 31 10 11 24 47 23 
23 9
2 15 36 31 17 40 39 47 49 
21 9
33 20 18 37 36 32 7 13 10 
42 4
24 43 28 9 
0 6
7 28 17 29 15 49 
29 8
0 20 9 28 48 49 13 7 
4 4
40 43 19 31 
31 11
39 22 23 37 32 6 4 17 18 3 41 
30 8
43 13 12 33 28 48 45 26 
26 8
12 8 9 47 34 20 37 30 
44 8
46 28 6 25 10 2 5 3 
40 8
23 4 47 15 27 35 3 25 
45 9
5 8 34 47 30 37 17 27 12 
12 7
41 43 30 38 5 26 45 
27 10
22 41 46 16 43 25 40 19 45 2 
6 8
36 44 39 49 43 18 31 32 
32 6
38 37 21 31 10 6 
7 6
1 33 9 21 0 29 
25 6
44 41 27 5 18 40 
