50
31 9
41 39 1 5 15 32 42 12 26 
26 12
37 35 45 44 3 5 4 22 34 39 20 31 
12 14
45 2 38 7 41 13 32 6 9 31 39 11 3 16 
1 9
42 6 0 17 31 49 24 19 35 
35 13
36 26 49 14 39 44 16 37 42 9 25 38 1 
24 10
10 44 4 28 42 1 36 22 20 14 
36 15
35 20 24 6 28 9 11 48 27 45 29 30 25 43 39 
11 8
45 48 12 44 32 41 36 22 
6 12
38 1 37 4 39 20 23 36 22 33 12 42 
28 10
42 19 24 44 17 49 36 30 15 10 
45 8
11 44 34 20 26 2 36 12 
30 6
49 32 7 25 36 28 
39 8
36 3 31 35 26 12 6 20 
20 17
36 21 26 45 39 9 0 40 29 15 24 5 3 6 47 41 42 
22 14
13 33 6 19 46 17 41 27 9 34 11 24 26 37 
41 15
33 31 16 43 34 12 42 22 11 20 21 25 46 7 17 
32 15
3 38 46 17 31 12 48 11 40 14 27 10 30 5 44 
18 4
14 25 19 46 
46 6
32 27 22 41 5 18 
19 12
27 28 8 33 0 15 1 18 22 40 37 21 
2 7
34 3 49 12 42 45 7 
7 9
14 25 3 30 49 41 21 12 2 
25 13
33 18 30 36 35 10 29 0 7 41 38 43 47 
47 4
20 21 25 8 
38 7
34 33 12 35 6 32 25 
0 5
19 1 3 25 20 
40 5
20 32 15 10 19 
10 12
24 25 32 49 4 3 8 33 14 40 28 27 
17 9
37 28 13 41 32 22 1 5 44 
44 15
35 24 17 28 9 29 11 21 26 45 33 4 32 16 3 
5 12
43 32 26 15 29 42 20 46 33 31 48 17 
14 9
35 10 42 32 18 7 13 24 37 
34 8
2 45 26 38 41 22 16 8 
8 6
3 19 10 23 47 34 
37 9
6 17 22 42 26 19 35 4 14 
13 9
22 12 9 48 17 29 14 3 33 
4 8
6 23 44 10 24 37 26 3 
33 14
13 5 22 38 25 6 19 41 10 42 44 3 16 48 
3 16
8 12 33 44 4 2 49 10 9 0 13 7 26 20 39 32 
29 9
43 13 25 5 36 27 44 15 20 
15 8
5 28 31 40 20 29 19 43 
43 9
5 36 25 42 21 41 16 29 15 
49 9
30 10 7 35 2 28 1 3 16 
16 10
41 35 33 44 12 34 48 9 43 49 
42 15
1 6 35 2 5 43 14 37 24 33 21 20 41 28 31 
21 9
20 44 42 47 43 9 7 41 19 
9 12
13 20 22 23 36 44 16 27 35 21 12 3 
27 10
19 36 23 22 32 46 48 9 29 10 
48 9
13 27 16 33 11 32 5 36 23 
23 6
4 8 6 27 9 48 
