50
19 2
34 48 
48 5
37 10 19 46 41 
34 4
19 26 35 44 
4 3
24 43 17 
17 2
28 4 
43 5
15 30 4 12 37 
24 7
7 22 36 4 47 14 39 
31 2
47 38 
38 5
20 10 49 45 31 
47 7
26 29 31 28 46 24 18 
28 5
17 5 37 47 0 
40 2
41 20 
20 6
38 49 3 30 26 40 
41 4
40 21 48 27 
0 4
44 36 39 28 
39 7
1 30 24 16 0 42 9 
36 6
21 24 2 13 0 46 
44 4
9 34 0 33 
23 2
21 15 
15 4
43 45 16 23 
21 4
41 7 23 36 
7 7
27 24 21 49 33 8 32 
46 5
14 36 32 47 48 
32 3
3 46 7 
14 7
12 24 18 1 46 30 22 
3 5
42 32 6 10 20 
26 3
47 20 34 
2 4
16 33 6 36 
6 2
2 3 
33 5
35 2 7 13 44 
16 3
2 39 15 
25 2
37 10 
10 5
37 48 38 25 3 
37 5
10 25 48 28 43 
27 3
8 7 41 
5 2
28 49 
45 3
15 29 38 
49 7
11 20 35 18 5 38 7 
8 2
27 7 
22 2
24 14 
35 4
33 1 49 34 
30 5
29 20 14 39 43 
1 3
39 14 35 
18 4
49 47 14 11 
12 2
14 43 
11 2
49 18 
9 2
44 39 
29 4
45 30 47 13 
13 3
36 33 29 
42 2
3 39 
