20
5 9
19 7 11 16 1 17 0 15 6 
6 14
5 11 17 2 19 12 3 16 4 14 9 0 13 15 
15 7
16 6 14 4 1 5 10 
0 13
6 7 10 2 19 16 8 1 5 18 3 11 17 
17 9
2 6 7 13 12 5 18 0 9 
1 9
12 0 15 8 13 7 2 5 11 
16 12
19 4 13 9 6 3 5 15 0 10 12 8 
11 12
9 3 5 1 10 0 7 12 19 2 14 6 
13 10
6 16 14 12 2 17 1 3 18 4 
4 7
16 12 15 6 18 7 13 
18 7
12 8 10 0 4 17 13 
3 8
12 6 11 16 9 13 2 0 
10 6
18 0 15 11 8 16 
8 8
1 18 9 12 10 0 16 7 
14 6
6 13 15 12 9 11 
2 8
17 7 13 0 6 1 3 11 
12 12
3 18 1 4 8 16 14 17 6 13 7 11 
7 9
17 4 0 2 5 1 11 12 8 
9 8
16 8 11 19 3 6 14 17 
19 6
16 11 5 6 9 0 
