30
13 17
19 17 2 3 18 11 10 27 26 14 21 20 1 9 0 15 29 
26 12
21 23 29 18 3 1 9 28 25 13 20 2 
1 13
8 29 24 28 2 19 26 20 13 18 3 22 23 
11 7
22 12 3 7 13 24 14 
21 12
6 16 24 26 2 3 18 7 13 27 28 15 
27 9
5 29 25 2 19 21 24 13 4 
9 9
13 2 26 28 17 14 15 18 5 
14 12
3 5 19 20 4 8 16 13 9 10 29 11 
20 8
25 14 13 1 26 15 29 10 
0 8
2 19 17 22 6 16 12 13 
15 14
18 24 13 29 8 9 17 28 19 6 23 25 21 20 
29 13
27 17 23 25 19 26 13 15 20 14 12 1 18 
24 8
1 23 19 21 11 28 27 15 
19 13
13 25 2 14 6 1 24 8 12 0 29 15 27 
8 11
14 4 15 19 16 7 1 3 5 12 17 
17 9
13 23 22 9 0 29 15 10 8 
6 8
21 25 0 15 7 22 19 2 
18 10
1 9 13 4 26 22 21 15 10 29 
12 7
11 7 3 19 0 29 8 
25 10
16 6 20 27 15 29 19 26 4 7 
16 12
25 21 0 28 8 23 22 14 3 5 4 2 
2 14
16 26 6 19 21 23 13 5 0 22 9 1 27 10 
4 6
18 14 8 16 27 25 
5 7
14 2 22 8 16 27 9 
3 10
14 8 16 11 21 26 12 13 7 1 
22 10
0 11 17 1 18 5 7 16 6 2 
23 8
17 24 29 15 16 26 2 1 
28 8
9 1 15 10 16 24 21 26 
10 7
2 13 18 28 17 14 20 
7 8
11 21 12 22 3 6 8 25 
