100
53 8
93 82 6 41 77 65 91 29 
29 6
34 57 37 91 55 53 
25 6
71 35 74 60 57 96 
96 7
91 4 35 2 67 99 25 
98 4
17 70 93 50 
50 7
32 9 43 49 36 19 98 
23 6
47 37 77 22 65 45 
45 5
48 67 63 76 23 
41 7
69 87 53 68 5 83 99 
99 8
83 72 38 69 4 96 88 41 
9 11
68 95 80 73 38 50 89 10 33 44 17 
17 7
80 2 62 98 20 39 9 
7 7
3 1 19 57 33 37 78 
78 8
61 90 76 94 28 64 7 21 
65 7
34 97 11 88 23 53 3 
3 6
7 55 16 24 71 65 
46 3
27 83 42 
42 3
72 39 46 
37 6
79 29 23 14 7 59 
59 7
47 18 91 67 32 55 37 
56 7
66 82 33 61 19 69 74 
74 5
25 20 34 73 56 
79 6
63 32 13 20 37 11 
11 7
21 43 65 38 31 63 79 
88 3
65 27 99 
77 3
53 23 36 
36 7
1 51 52 54 50 26 77 
39 8
14 40 15 10 5 12 42 17 
87 6
41 67 40 52 68 5 
5 4
41 86 39 87 
73 5
93 48 75 9 74 
60 6
57 83 63 89 25 20 
20 6
17 74 79 81 60 22 
49 5
26 31 50 70 51 
51 3
36 34 49 
82 5
76 53 70 56 14 
14 9
16 8 43 28 24 37 34 39 82 
61 6
67 78 21 56 90 47 
47 7
59 85 34 23 95 61 32 
38 4
99 9 11 76 
76 13
66 82 86 64 95 78 91 63 27 48 81 45 38 
55 8
26 27 3 83 70 29 89 59 
2 5
70 90 17 85 96 
85 11
12 0 63 90 64 47 28 35 69 2 68 
26 5
55 80 49 58 36 
52 6
87 4 89 72 30 36 
21 7
48 31 61 62 4 11 78 
64 4
76 85 30 78 
28 4
78 85 14 90 
94 8
95 10 27 31 34 8 78 24 
22 4
54 6 23 20 
68 8
87 41 93 89 34 9 85 30 
72 11
99 0 42 58 27 71 52 44 33 66 35 
24 7
3 14 32 94 62 54 16 
16 6
69 14 54 3 71 24 
54 7
58 22 36 16 27 75 24 
12 3
85 90 39 
10 6
57 94 4 39 9 75 
40 4
75 87 95 39 
57 7
84 60 29 10 7 25 30 
30 6
64 93 89 68 52 57 
31 6
44 49 21 11 94 97 
97 4
71 65 31 43 
43 5
50 11 32 14 97 
35 4
85 96 25 72 
66 4
76 56 1 72 
33 6
9 56 8 7 72 69 
71 10
16 25 72 15 0 34 92 97 93 3 
27 9
81 88 58 54 72 46 76 55 94 
58 5
0 26 27 54 72 
44 4
72 31 9 48 
48 5
21 73 45 76 44 
75 4
40 73 54 10 
1 4
7 36 66 81 
81 7
27 76 34 20 83 1 70 
63 7
60 85 76 79 45 19 11 
90 6
12 2 78 61 85 28 
8 3
14 33 94 
83 8
60 41 46 95 81 62 99 55 
62 4
24 21 17 83 
92 1
71 
93 8
13 53 68 73 30 98 71 84 
0 5
85 58 72 95 71 
15 2
39 71 
34 11
29 65 71 94 14 81 68 18 51 47 74 
18 3
34 59 89 
89 9
55 32 9 60 52 30 68 18 4 
4 6
96 52 99 10 21 89 
67 5
61 87 45 59 96 
19 7
6 7 50 56 91 63 86 
95 7
9 94 0 76 40 83 47 
69 7
99 56 85 16 33 41 13 
13 4
80 79 93 69 
70 6
98 82 55 49 2 81 
86 3
76 5 19 
91 9
32 96 76 53 84 59 29 19 80 
84 4
57 91 93 6 
6 4
19 53 22 84 
80 5
13 9 17 26 91 
32 8
91 59 24 89 50 79 43 47 
