50
37 2
40 25 
25 7
35 41 5 27 4 6 37 
24 3
38 22 9 
9 2
26 24 
38 5
24 0 10 15 43 
43 4
29 7 11 38 
23 3
27 20 4 
4 6
44 7 48 25 36 23 
21 1
30 
30 6
17 44 16 29 22 21 
31 4
16 33 22 36 
36 3
4 22 31 
33 5
18 2 17 31 0 
0 5
38 29 10 33 14 
2 4
10 49 35 33 
1 5
3 5 6 32 17 
17 8
33 8 19 7 13 22 30 1 
32 1
1 
6 4
25 5 1 28 
18 2
33 8 
8 4
17 35 18 42 
48 3
27 4 5 
5 6
6 29 1 40 25 48 
26 2
15 9 
42 2
3 8 
35 7
25 20 44 8 2 10 11 
15 4
39 38 29 26 
28 2
29 6 
41 4
25 39 44 45 
45 1
41 
44 6
4 16 30 35 41 20 
40 6
37 12 16 29 5 49 
20 6
34 27 23 44 35 19 
19 4
17 14 20 34 
14 3
19 12 0 
49 2
2 40 
29 8
5 43 28 30 40 0 15 12 
12 4
47 14 40 29 
13 2
17 10 
10 6
0 38 2 35 13 3 
27 5
23 20 48 25 47 
47 2
12 27 
11 2
35 43 
46 2
39 16 
16 6
7 31 40 30 44 46 
3 3
1 42 10 
7 5
17 16 43 4 22 
22 7
24 31 17 36 30 7 39 
39 4
15 46 41 22 
34 2
20 19 
