20
4 10
2 6 11 0 15 8 16 12 7 3 
3 10
13 14 2 19 11 16 8 0 4 1 
7 7
13 12 10 16 8 19 4 
12 12
2 19 14 7 13 16 4 5 1 9 6 11 
16 11
2 14 12 1 3 18 17 9 7 11 4 
8 14
2 13 15 10 1 3 5 7 17 4 6 19 18 11 
10 7
11 6 7 13 8 19 14 
14 10
17 12 5 18 3 16 11 15 10 19 
19 11
12 8 11 9 18 3 1 10 0 7 14 
13 11
8 6 7 0 10 12 17 9 2 3 18 
6 13
9 2 4 11 13 18 5 1 0 15 10 8 12 
5 7
14 6 8 12 18 1 0 
0 9
4 6 13 3 5 19 2 17 9 
1 10
15 11 6 12 16 8 19 18 5 3 
18 10
6 19 14 1 5 9 15 8 16 13 
2 10
6 4 12 11 3 9 8 16 13 0 
9 10
6 2 19 18 16 0 15 12 17 13 
17 8
0 15 14 11 16 8 13 9 
15 8
4 14 1 18 6 8 17 9 
11 12
4 6 17 2 19 10 14 1 3 8 16 12 
