100
72 7
85 29 49 71 67 19 35 
35 7
47 91 34 19 96 99 72 
36 6
88 1 39 33 61 75 
75 10
38 99 63 39 64 53 74 27 8 36 
73 6
2 33 84 78 13 79 
79 8
49 90 57 23 61 62 33 73 
13 5
84 40 14 69 73 
97 7
20 17 32 94 89 44 96 
96 6
23 61 0 49 35 97 
83 5
42 64 71 31 85 
85 11
0 72 16 58 24 59 66 3 83 99 32 
41 3
30 26 50 
50 6
0 17 90 71 84 41 
25 6
94 46 64 81 30 87 
87 5
92 49 42 33 25 
78 4
69 73 70 28 
28 2
2 78 
12 6
3 56 39 47 67 81 
81 14
86 12 19 93 34 98 1 51 25 63 71 11 18 48 
8 4
21 44 9 75 
99 8
75 85 71 55 68 7 2 35 
5 4
88 30 82 71 
71 9
24 50 72 99 19 81 83 3 5 
24 5
64 58 71 85 17 
17 11
98 97 69 67 55 82 52 65 24 50 62 
63 4
81 19 75 56 
56 5
31 58 12 19 63 
89 5
84 51 14 97 26 
26 4
49 41 77 89 
37 1
22 
22 7
4 43 30 52 94 11 37 
46 8
25 61 44 39 60 47 4 57 
57 3
79 93 46 
4 9
58 90 40 22 95 30 42 59 46 
70 5
95 55 66 78 33 
33 9
36 30 73 53 27 79 42 87 70 
66 5
67 85 6 70 0 
0 10
85 50 14 96 2 21 11 55 95 66 
27 2
33 75 
53 8
45 54 65 33 51 49 7 75 
60 5
11 64 20 46 44 
44 7
97 54 58 8 46 39 60 
20 6
97 59 61 65 30 60 
68 2
99 21 
21 6
90 0 8 58 48 68 
62 4
3 2 79 17 
65 6
53 29 82 77 20 17 
54 6
31 44 53 64 10 19 
19 9
71 35 81 7 63 56 72 61 54 
9 4
8 45 49 29 
29 5
72 42 65 14 9 
32 3
97 2 85 
3 7
62 82 12 71 47 49 85 
94 8
25 34 84 69 97 2 6 22 
48 4
81 10 40 21 
40 7
13 6 14 34 48 4 47 
61 8
20 36 46 96 31 19 79 42 
42 8
83 55 33 29 87 61 43 4 
38 3
75 2 52 
52 5
86 45 17 22 38 
2 14
76 0 62 28 94 38 99 32 45 74 93 73 49 34 
7 6
74 11 19 53 82 99 
77 5
51 34 26 30 65 
34 6
94 35 2 81 40 77 
10 7
49 88 80 48 31 54 14 
14 9
40 89 1 0 29 10 82 13 67 
49 13
79 72 9 82 53 51 26 2 10 15 87 3 96 
15 3
49 59 84 
51 8
89 77 88 95 53 49 43 81 
80 3
10 82 39 
39 7
36 46 44 12 75 1 80 
30 8
77 41 5 33 22 25 4 20 
86 3
81 52 18 
18 5
98 81 91 86 31 
6 4
66 94 40 92 
64 8
24 75 92 60 83 25 54 82 
82 9
65 17 3 5 80 7 14 49 64 
67 6
66 72 88 17 12 14 
1 5
36 81 98 14 39 
43 4
42 69 22 51 
31 7
56 10 54 61 93 83 18 
91 4
35 84 18 58 
74 4
7 75 2 23 
45 4
53 9 52 2 
93 5
84 31 57 81 2 
59 4
20 15 85 4 
95 4
4 51 70 0 
55 5
17 42 99 70 0 
11 5
60 22 7 81 0 
47 6
3 35 46 12 84 40 
98 7
92 17 1 18 81 88 76 
76 2
2 98 
88 7
36 10 51 5 98 67 69 
69 8
43 78 17 94 13 90 88 16 
16 2
85 69 
90 6
4 79 50 69 21 84 
84 10
93 73 89 94 47 13 91 15 50 90 
23 3
96 79 74 
92 4
64 98 87 6 
58 7
44 85 4 24 21 56 91 
