50
29 1
43 
43 2
36 29 
22 1
40 
40 2
17 22 
36 2
38 43 
18 1
24 
24 2
4 18 
16 1
38 
38 5
25 7 9 36 16 
47 1
0 
0 2
14 47 
4 2
10 24 
31 1
19 
19 6
30 48 31 37 21 3 
8 1
5 
5 3
17 41 8 
20 1
1 
1 4
10 49 33 20 
9 1
38 
10 3
1 41 4 
33 1
1 
28 1
34 
34 2
35 28 
41 4
5 2 10 6 
6 1
41 
2 2
41 26 
7 1
38 
13 1
39 
39 3
25 13 15 
15 3
39 44 12 
12 1
15 
44 1
15 
42 2
17 14 
14 2
42 0 
17 5
30 25 5 42 40 
49 2
25 1 
25 5
17 35 39 49 38 
11 1
26 
26 2
2 11 
35 2
25 34 
30 5
19 45 17 27 32 
46 1
27 
27 2
30 46 
3 1
19 
21 1
19 
37 1
19 
48 2
19 23 
23 1
48 
32 1
30 
45 1
30 
