50
7 3
45 12 46 
46 6
33 36 26 19 15 7 
12 6
11 10 29 15 7 19 
45 4
7 29 30 24 
10 6
44 12 18 26 36 24 
24 13
32 2 45 4 49 18 3 10 29 31 13 23 16 
36 5
34 46 8 10 2 
26 9
46 16 30 42 40 14 6 10 1 
18 6
24 39 10 29 15 44 
44 3
10 0 18 
15 8
30 6 1 18 5 12 19 46 
29 5
45 12 5 18 24 
39 6
22 32 37 4 18 0 
5 8
8 34 29 15 4 47 37 27 
48 5
32 13 17 35 40 
40 6
3 37 27 48 26 41 
35 4
19 48 31 11 
17 6
4 48 38 22 2 3 
13 7
19 33 48 24 42 34 30 
32 8
48 14 39 38 24 11 30 41 
0 8
8 16 44 2 23 3 34 39 
19 9
35 2 13 23 46 15 20 12 9 
11 5
12 27 25 35 32 
43 5
27 31 21 14 34 
34 9
36 5 2 20 31 13 0 33 43 
14 5
32 2 26 43 21 
21 6
37 2 43 4 14 28 
31 5
49 43 34 24 35 
27 5
43 40 11 5 38 
9 4
3 23 4 19 
4 9
5 33 39 24 21 17 28 9 38 
23 6
9 19 16 33 0 24 
3 5
40 9 17 0 24 
37 8
21 8 16 39 40 49 5 38 
22 4
42 39 17 8 
25 3
49 11 8 
16 6
26 23 37 24 0 47 
49 5
25 41 31 37 24 
2 8
21 24 0 14 34 36 19 17 
47 3
38 16 5 
8 7
0 5 37 33 36 22 25 
41 3
49 32 40 
38 6
47 4 32 17 27 37 
42 3
22 26 13 
33 8
6 4 8 46 13 23 30 34 
30 8
15 28 33 32 6 45 26 13 
6 5
33 30 15 28 26 
1 4
20 28 15 26 
20 3
1 34 19 
28 5
30 1 4 6 21 
