50
31 3
43 23 1 
1 4
22 32 8 31 
23 7
18 45 34 36 30 27 31 
43 7
44 8 31 48 45 2 42 
48 8
38 3 42 4 43 49 6 24 
24 7
18 34 20 27 48 29 22 
6 5
33 25 29 48 27 
49 2
44 48 
4 8
12 18 7 19 16 48 10 15 
42 6
37 40 0 15 48 43 
3 6
48 28 2 25 38 41 
15 5
11 30 36 42 4 
36 3
23 15 26 
30 8
20 11 28 27 2 23 15 29 
35 3
10 34 39 
39 3
27 2 35 
34 8
41 46 8 23 24 11 35 10 
10 5
4 8 35 17 34 
27 8
39 29 24 2 23 30 6 44 
44 5
38 49 43 27 46 
2 7
5 3 39 30 27 43 7 
29 9
33 27 17 22 30 6 24 12 14 
33 5
29 6 8 16 12 
12 8
4 22 38 25 0 29 8 33 
16 2
4 33 
8 6
12 10 33 1 43 34 
0 6
5 13 12 42 40 45 
40 4
42 47 0 25 
38 5
12 48 44 3 21 
21 2
11 38 
46 4
32 14 34 44 
25 6
3 12 13 41 6 40 
14 2
46 29 
17 4
10 29 47 37 
7 6
13 19 2 32 4 47 
47 4
22 7 17 40 
32 5
46 7 37 1 28 
19 3
4 7 22 
41 4
34 37 25 3 
28 5
45 26 30 3 32 
26 4
20 28 9 36 
22 7
12 47 29 24 19 1 5 
13 5
25 7 9 0 45 
45 5
43 28 23 0 13 
9 2
13 26 
5 3
0 2 22 
37 4
42 41 32 17 
20 4
30 26 24 18 
18 4
4 24 23 20 
11 4
15 21 30 34 
