100
80 6
96 95 15 87 19 61 
61 2
16 80 
19 8
8 30 95 80 1 90 31 27 
87 5
34 89 80 12 75 
15 7
14 80 51 0 81 52 76 
95 5
80 57 19 69 63 
96 3
81 80 48 
65 2
69 6 
6 8
32 72 54 86 57 52 65 2 
69 5
65 95 23 25 26 
7 3
46 35 49 
49 2
91 7 
35 6
42 70 9 84 4 7 
46 7
7 38 98 88 2 74 77 
18 2
25 38 
38 6
46 81 37 11 66 18 
25 5
69 78 18 5 48 
53 3
78 21 71 
71 2
76 53 
21 4
9 43 53 40 
78 4
2 53 25 52 
41 4
72 45 8 24 
24 2
93 41 
8 3
19 43 41 
45 4
41 90 98 20 
72 5
6 85 41 66 59 
48 6
77 12 43 89 96 25 
5 5
9 25 16 76 94 
64 2
63 84 
84 5
26 35 13 17 64 
63 4
64 89 95 34 
0 3
57 15 10 
10 3
34 0 67 
57 7
95 39 94 6 0 29 42 
17 5
73 84 91 76 36 
36 4
37 81 3 17 
76 9
71 11 52 17 90 60 5 29 15 
91 4
49 30 17 66 
73 3
23 17 74 
28 3
31 40 33 
33 3
12 67 28 
40 3
28 89 21 
31 2
28 19 
81 5
96 15 38 36 42 
43 4
11 21 48 8 
11 5
12 43 58 76 38 
47 2
52 54 
54 4
6 27 88 47 
52 9
3 47 89 78 76 15 98 92 6 
88 3
46 59 54 
59 4
88 56 29 72 
29 8
68 50 93 67 44 76 59 57 
44 3
29 75 16 
67 4
97 10 29 33 
93 5
24 29 70 4 39 
50 4
29 12 85 22 
99 2
97 68 
68 4
29 89 27 99 
97 5
67 99 16 12 58 
22 2
92 50 
85 3
72 50 9 
12 8
33 11 87 56 50 48 97 14 
56 3
59 12 86 
86 3
66 6 56 
79 2
74 9 
9 5
21 5 85 35 79 
74 5
79 83 46 13 73 
94 3
57 2 5 
16 5
61 97 51 5 44 
51 2
16 15 
58 3
27 11 97 
39 3
62 57 93 
62 3
70 39 98 
98 4
46 52 45 62 
92 4
22 52 30 77 
89 7
68 83 40 63 87 52 48 
3 3
52 36 82 
4 3
37 35 93 
37 4
4 36 60 38 
13 2
84 74 
83 3
74 55 89 
14 4
15 20 90 12 
70 3
35 93 62 
23 2
73 69 
27 4
58 19 68 54 
42 3
35 81 57 
75 3
60 87 44 
60 7
75 37 77 55 82 76 90 
90 6
1 14 60 45 19 76 
82 2
60 3 
55 3
83 60 2 
77 4
48 92 60 46 
66 4
86 38 72 91 
30 3
19 91 92 
26 2
84 69 
20 2
14 45 
34 3
10 87 63 
1 3
90 19 32 
32 2
6 1 
2 5
78 6 94 55 46 
