100
63 7
97 69 85 17 34 1 16 
16 5
98 82 41 63 4 
1 9
96 40 74 85 99 62 78 26 63 
34 8
9 47 64 63 44 6 57 12 
12 4
54 17 79 34 
57 4
59 34 96 55 
6 6
91 87 35 88 34 80 
44 8
15 70 86 40 39 34 24 21 
64 8
46 53 10 35 72 71 59 34 
47 8
31 56 34 79 25 19 93 35 
79 9
36 12 77 61 24 37 70 10 47 
15 8
98 3 48 44 76 56 70 43 
43 8
52 97 32 33 3 51 89 15 
70 10
99 44 15 81 97 19 23 79 78 90 
76 5
75 3 15 97 36 
78 4
96 70 1 83 
83 6
20 45 84 78 80 94 
96 6
1 66 24 78 57 98 
56 6
97 75 47 24 15 0 
0 2
59 56 
24 12
28 68 55 80 81 96 44 79 62 56 39 92 
10 6
90 23 64 4 79 99 
37 3
48 2 79 
61 5
19 27 14 79 8 
77 8
30 8 5 4 49 90 40 79 
14 3
33 61 62 
62 11
45 69 93 60 90 14 66 1 24 38 86 
33 6
29 23 38 43 14 32 
8 7
20 77 95 88 41 46 61 
27 3
61 40 21 
38 4
41 33 62 58 
58 3
17 38 71 
5 4
52 77 69 45 
45 6
92 83 5 88 62 54 
9 6
86 41 68 88 34 40 
40 10
50 44 82 3 1 18 9 27 77 53 
88 10
86 23 22 42 9 3 6 93 45 8 
68 9
24 99 17 9 90 50 52 23 30 
30 4
4 77 81 68 
23 9
2 33 84 48 88 53 10 70 68 
50 5
40 92 85 72 68 
90 7
21 62 10 70 77 68 98 
53 5
64 69 23 40 39 
39 7
26 24 59 89 44 53 48 
28 6
72 89 24 4 85 52 
52 6
99 43 5 68 35 28 
85 6
63 2 1 50 28 84 
4 9
41 30 65 28 10 29 42 77 16 
18 3
17 92 40 
92 8
46 49 50 18 45 81 73 24 
73 4
80 2 26 92 
81 9
70 17 74 41 92 30 89 24 19 
60 4
72 62 19 11 
11 5
87 42 59 69 60 
19 11
22 61 47 80 42 81 97 60 70 29 17 
26 4
39 73 84 1 
99 12
48 35 67 52 95 3 68 1 98 49 70 10 
74 4
7 81 1 3 
36 4
79 91 55 76 
97 9
43 93 19 59 17 56 63 70 76 
3 10
15 40 99 42 76 88 95 65 43 74 
80 5
83 73 19 24 6 
55 3
36 57 24 
95 4
42 8 99 3 
41 6
4 9 38 16 8 81 
69 6
5 53 63 11 89 62 
89 7
54 28 31 39 43 81 69 
17 9
12 63 18 68 58 81 67 97 19 
29 4
33 25 4 19 
42 10
11 3 95 22 88 4 49 19 93 31 
32 5
31 43 21 13 33 
35 7
48 65 52 6 99 64 47 
87 3
11 49 6 
91 4
36 2 6 84 
59 6
11 39 57 0 97 64 
82 3
16 40 31 
67 4
49 17 94 99 
25 2
29 47 
2 7
73 23 37 48 85 91 72 
72 6
60 28 64 13 50 2 
86 4
9 88 44 62 
93 6
88 47 97 42 62 66 
65 6
35 20 51 4 66 3 
71 3
64 58 13 
13 4
72 71 21 32 
94 3
67 46 83 
84 6
51 23 26 83 85 91 
21 6
54 13 90 27 44 32 
54 4
12 89 21 45 
48 7
37 2 35 15 99 23 39 
31 7
7 47 89 32 82 42 75 
75 6
56 7 76 46 49 31 
51 5
65 84 46 43 20 
20 4
83 8 65 51 
46 6
92 64 51 94 75 8 
7 4
31 74 75 98 
98 6
15 99 16 96 7 90 
49 7
67 92 87 99 75 77 42 
22 3
19 42 88 
66 4
65 62 96 93 
