20
4 7
0 10 1 13 14 9 8 
8 9
1 18 7 13 16 2 15 10 4 
14 8
7 6 16 4 2 19 17 9 
9 10
1 17 10 7 13 16 4 11 6 14 
12 8
7 10 15 16 2 19 1 5 
5 5
16 19 1 13 12 
13 11
11 4 8 2 19 10 1 5 9 17 7 
10 12
12 4 18 17 9 0 13 6 19 2 11 8 
7 10
8 2 6 12 9 0 15 14 3 13 
17 5
9 14 10 18 13 
16 10
11 14 12 6 9 8 5 3 18 15 
15 6
12 7 2 8 16 0 
18 8
10 17 8 16 19 2 1 3 
3 7
0 2 16 7 11 1 18 
2 10
12 7 13 14 8 3 18 15 10 6 
6 7
7 14 16 10 0 2 9 
11 6
16 13 1 3 9 10 
0 6
3 4 7 6 10 15 
1 9
9 8 12 4 11 3 5 18 13 
19 6
10 13 12 14 5 18 
