30
8 6
10 9 18 5 22 20 
20 8
4 22 27 9 0 13 12 8 
26 4
22 23 28 27 
27 10
4 20 16 13 10 15 29 9 17 26 
23 5
16 22 14 28 26 
14 10
6 7 13 17 11 16 23 1 5 15 
15 6
12 22 27 0 6 14 
5 6
7 8 14 11 2 3 
11 5
12 16 21 14 5 
18 3
24 8 4 
4 6
27 19 2 20 22 18 
13 8
1 16 22 19 17 27 14 20 
29 5
7 0 25 27 28 
28 5
26 21 22 23 29 
3 4
21 0 2 5 
2 6
4 3 5 1 19 17 
9 3
8 27 20 
22 11
24 26 13 16 8 28 23 20 15 10 4 
10 4
8 27 22 25 
1 7
13 0 16 14 2 21 24 
24 7
22 0 19 6 16 18 1 
0 6
24 1 3 29 15 20 
17 5
13 25 14 27 2 
12 3
11 15 20 
21 6
11 6 3 1 28 16 
16 10
27 14 1 22 23 13 7 11 24 21 
7 5
5 29 14 19 16 
19 7
4 24 7 13 25 2 6 
6 5
14 21 24 15 19 
25 4
17 19 29 10 
