30
29 7
8 28 13 18 3 14 19 
19 13
22 25 3 5 1 26 2 24 12 28 27 17 29 
14 7
8 26 29 9 17 1 23 
3 10
6 19 22 21 17 27 13 10 15 29 
18 11
9 28 8 4 13 15 29 1 5 26 22 
13 12
6 25 17 29 10 20 11 3 18 22 4 16 
16 10
9 8 4 11 24 21 10 15 5 13 
4 10
12 18 2 28 17 16 8 13 0 24 
22 14
3 19 6 26 13 7 9 18 11 20 12 27 10 23 
11 12
20 16 9 22 23 7 13 1 24 21 6 15 
20 12
5 1 22 8 24 11 21 13 7 27 17 0 
10 12
16 23 22 9 28 0 21 13 7 3 1 2 
15 9
28 23 8 16 0 24 11 18 3 
24 10
20 11 21 23 16 9 27 19 15 4 
0 9
25 7 6 10 15 5 9 4 20 
8 14
14 27 4 23 15 29 12 1 18 16 17 7 20 21 
17 12
3 1 9 13 7 4 14 20 25 26 19 8 
28 9
19 4 7 15 29 10 1 18 5 
2 6
23 19 4 27 10 25 
5 9
20 23 6 0 19 18 16 28 27 
27 9
8 22 20 9 24 19 2 3 5 
6 8
13 0 3 5 26 22 21 11 
26 7
17 19 25 14 18 6 22 
1 10
28 17 23 8 18 11 10 19 20 14 
21 9
7 6 3 20 24 11 10 8 16 
23 12
22 10 15 1 5 25 2 24 11 8 14 9 
9 12
18 16 12 24 11 14 22 23 10 0 17 27 
7 10
11 21 8 20 22 17 28 0 10 12 
12 7
25 4 8 22 9 19 7 
25 8
13 0 12 23 19 26 2 17 
