50
24 3
30 31 45 
45 5
49 43 29 33 24 
31 8
26 14 32 29 30 22 18 24 
30 6
27 31 24 21 40 35 
18 8
33 16 31 43 6 29 41 12 
12 11
9 27 19 22 36 40 15 44 4 18 5 
41 7
36 16 11 49 2 18 15 
29 8
48 31 27 44 26 45 18 49 
6 10
33 5 18 7 47 43 42 36 20 32 
43 12
47 14 32 6 23 36 8 3 18 28 25 45 
16 7
23 32 41 18 0 14 38 
33 4
18 6 45 44 
44 6
1 29 12 40 7 33 
4 4
10 2 12 28 
28 4
1 13 43 4 
2 5
42 4 7 41 32 
5 4
6 15 12 46 
46 4
1 5 26 32 
15 8
10 38 12 26 37 21 5 41 
37 4
40 22 15 25 
25 6
0 10 7 43 37 1 
22 5
12 8 37 35 31 
40 9
13 12 37 21 0 30 9 44 26 
9 5
12 7 48 40 47 
47 6
43 14 6 10 0 9 
48 4
29 11 9 3 
7 9
6 32 3 2 26 9 27 25 44 
20 4
0 42 1 6 
1 6
28 44 46 39 20 25 
42 4
2 6 20 38 
0 7
20 40 25 23 47 16 19 
10 7
8 15 32 4 47 25 11 
32 9
43 7 31 16 46 10 35 2 6 
49 5
23 45 26 41 29 
11 4
3 41 48 10 
36 6
17 41 12 6 43 39 
13 4
40 14 28 35 
19 5
12 14 0 8 17 
23 5
16 0 49 43 14 
17 3
36 27 19 
27 6
30 12 39 7 17 29 
26 8
31 7 29 15 46 49 39 40 
21 5
38 30 34 40 15 
35 5
14 32 30 22 13 
14 10
47 43 31 39 13 35 19 16 23 3 
8 5
10 43 38 22 19 
39 6
1 14 34 27 26 36 
3 5
11 7 43 14 48 
38 6
21 15 8 16 42 34 
34 3
21 39 38 
