100
14 4
19 7 56 23 
23 6
85 37 52 79 98 14 
49 3
97 83 47 
47 4
10 54 33 49 
91 2
28 64 
64 7
53 5 85 69 97 78 91 
79 6
59 86 75 73 6 23 
52 10
46 69 39 37 78 94 7 75 28 23 
72 8
33 26 28 3 66 24 94 65 
65 2
56 72 
60 2
87 13 
13 9
24 99 83 17 9 35 67 7 60 
34 5
68 17 28 7 25 
25 5
96 42 58 4 34 
89 4
80 82 32 18 
18 5
83 8 81 38 89 
4 12
75 99 15 56 62 38 25 44 83 19 58 51 
77 5
99 56 29 88 53 
53 7
64 31 2 20 1 80 77 
5 6
94 27 64 26 45 33 
33 10
72 21 82 97 15 0 56 98 47 5 
82 7
89 19 48 3 33 92 87 
87 5
50 60 39 99 82 
40 2
66 76 
76 6
6 46 56 66 39 40 
42 6
25 29 9 94 39 41 
41 3
55 50 42 
2 5
74 36 53 71 8 
8 5
74 21 18 69 2 
48 10
17 82 12 81 19 86 22 36 3 38 
38 6
30 4 18 85 27 48 
51 4
50 30 94 4 
28 8
46 34 72 83 36 52 91 29 
80 8
6 21 89 44 69 67 19 53 
29 3
42 77 28 
99 6
77 13 58 4 87 0 
0 8
90 94 55 99 62 81 33 96 
45 5
27 1 5 58 39 
39 9
76 52 85 42 61 20 87 26 45 
57 2
59 93 
93 6
11 54 26 12 57 30 
31 3
53 55 3 
3 6
72 20 82 56 48 31 
55 9
20 50 56 0 32 41 17 9 31 
17 7
55 34 48 66 50 13 26 
26 12
36 5 39 93 72 21 56 15 9 85 74 17 
63 2
83 12 
12 6
6 48 62 81 93 63 
92 3
98 82 78 
78 6
52 6 94 69 64 92 
94 9
5 96 0 42 72 78 52 51 58 
58 7
4 74 25 45 11 99 94 
71 5
68 24 2 97 90 
90 4
0 54 35 71 
97 8
67 49 64 27 9 44 33 71 
24 8
13 72 73 56 20 71 86 27 
81 8
88 48 74 18 61 0 12 37 
20 9
55 96 3 24 22 88 69 39 53 
11 6
74 88 22 93 69 58 
69 12
64 80 20 9 74 52 22 78 11 21 15 8 
73 4
79 56 86 24 
83 7
63 18 13 49 4 28 54 
54 5
56 93 90 47 83 
27 8
5 6 38 74 45 97 43 24 
86 7
50 79 30 44 73 48 24 
56 14
35 10 4 55 33 24 3 65 73 14 26 76 77 54 
10 4
44 47 56 84 
85 9
38 32 39 64 21 26 36 23 88 
88 8
11 70 81 77 20 61 16 85 
22 6
48 11 62 20 69 70 
70 3
16 88 22 
9 9
55 15 66 42 26 97 69 13 43 
43 3
62 27 9 
30 5
46 86 51 38 93 
96 5
25 94 21 20 0 
62 8
61 32 4 43 12 0 22 95 
50 6
87 86 51 17 55 41 
44 8
10 97 80 68 98 86 4 46 
46 6
28 30 52 95 76 44 
84 1
10 
6 8
80 27 78 59 12 79 76 16 
16 3
70 88 6 
98 6
92 59 37 23 44 33 
1 2
45 53 
66 6
17 9 72 40 76 68 
36 6
28 85 48 26 2 67 
67 5
97 19 80 13 36 
95 3
35 46 62 
32 5
85 62 55 89 59 
19 9
14 15 82 67 48 21 7 80 4 
61 5
62 37 39 81 88 
7 5
19 14 34 52 13 
74 8
8 58 27 11 2 81 26 69 
35 4
56 95 90 13 
59 5
79 98 57 6 32 
15 6
33 4 9 19 69 26 
21 8
80 85 96 33 8 26 19 69 
37 6
98 61 52 23 81 75 
68 4
34 71 44 66 
75 4
52 79 4 37 
