50
7 7
6 10 20 47 35 26 27 
27 11
47 4 9 7 33 8 42 26 45 39 14 
26 11
2 47 49 4 43 30 22 38 27 13 7 
35 8
22 7 43 48 9 31 16 21 
10 5
7 2 31 48 37 
37 10
18 3 1 14 12 4 47 13 36 10 
48 12
36 41 46 8 49 19 35 28 18 10 11 24 
2 12
1 42 45 26 9 20 10 0 32 30 23 13 
38 5
6 30 26 42 34 
34 4
17 23 13 38 
42 6
2 0 28 27 3 38 
30 5
26 2 8 38 25 
6 9
9 32 25 38 0 20 7 41 24 
11 7
8 12 18 1 48 25 20 
20 9
7 9 3 2 16 6 12 15 11 
25 9
8 19 6 11 24 13 18 5 30 
1 10
2 24 37 11 15 0 28 9 12 4 
12 9
32 11 37 16 46 33 1 20 23 
39 5
5 18 31 9 27 
9 13
29 6 32 2 35 27 16 44 20 39 1 4 49 
18 9
25 5 37 11 21 28 48 15 39 
5 8
23 33 14 39 18 19 25 0 
49 6
44 29 48 9 4 26 
44 6
13 49 14 40 31 9 
16 11
23 12 28 9 47 45 19 35 0 20 41 
32 7
12 6 9 0 15 2 13 
24 7
43 40 1 0 25 48 6 
0 13
42 14 3 1 5 4 2 16 6 32 17 31 24 
22 5
46 33 45 35 26 
33 8
13 29 5 4 27 28 22 12 
46 4
22 36 48 12 
36 6
48 14 41 13 37 46 
31 6
39 41 10 0 44 35 
41 10
13 47 36 8 16 17 31 28 48 6 
28 9
42 41 48 43 16 33 18 1 14 
4 11
33 9 27 13 40 49 0 19 26 1 37 
47 11
15 7 41 16 26 45 19 21 37 27 17 
17 7
21 41 0 15 34 40 47 
21 4
17 18 47 35 
19 7
25 14 16 48 4 47 5 
45 7
2 23 22 16 47 14 27 
13 14
41 2 26 37 34 25 32 4 36 43 40 29 44 33 
40 6
24 44 4 17 13 29 
15 8
47 8 1 18 17 29 20 32 
29 6
13 9 33 49 15 40 
23 7
16 5 34 14 45 2 12 
14 12
44 36 23 43 0 19 45 37 27 28 5 3 
3 5
0 37 20 14 42 
43 6
24 13 35 26 14 28 
8 7
25 15 11 41 27 48 30 
