30
18 8
14 29 15 10 1 28 16 11 
11 4
13 29 12 18 
16 7
27 4 0 3 18 20 23 
28 7
19 10 21 13 7 18 25 
1 3
9 18 4 
10 6
28 8 23 22 18 2 
15 8
21 24 20 14 3 18 6 13 
29 8
22 0 11 21 14 5 18 8 
14 7
18 24 29 15 17 27 20 
12 7
4 0 22 11 17 27 26 
13 8
11 3 15 2 19 6 28 8 
24 3
14 0 15 
0 8
16 23 29 5 12 24 25 20 
20 9
9 2 15 0 16 4 6 3 14 
3 5
15 5 13 16 20 
6 5
25 7 13 15 20 
4 6
12 26 16 20 25 1 
2 5
20 10 13 27 17 
9 6
1 20 27 19 8 22 
8 5
10 29 7 13 9 
5 6
19 7 29 0 3 22 
21 4
15 29 23 28 
22 6
29 10 12 26 9 5 
19 4
5 28 9 13 
27 7
16 7 23 14 9 2 12 
23 6
7 10 0 27 21 16 
7 6
6 23 8 5 27 28 
25 4
6 0 28 4 
17 3
14 12 2 
26 3
4 22 12 
