30
29 8
15 27 17 12 2 19 13 7 
7 13
14 12 23 21 11 25 4 28 3 16 29 19 26 
13 7
27 21 5 0 29 15 25 
19 18
23 7 28 9 4 20 21 24 29 8 11 18 16 3 2 14 10 27 
2 6
25 3 19 16 29 23 
12 8
7 16 11 28 9 29 22 23 
17 6
27 20 29 8 3 1 
27 11
13 19 15 29 4 28 17 9 3 11 25 
28 10
27 19 16 12 7 20 14 4 25 18 
18 5
23 3 14 19 28 
25 9
23 16 2 4 28 27 7 13 14 
4 8
7 22 25 11 26 19 27 28 
14 12
7 16 15 0 19 26 28 18 1 20 11 25 
26 11
24 8 4 20 14 9 6 15 22 23 7 
23 12
25 7 0 18 5 3 19 26 2 6 9 12 
22 5
12 1 4 26 11 
15 6
29 27 14 26 13 24 
6 3
8 26 23 
9 7
21 16 27 19 26 12 23 
20 10
11 19 26 14 28 17 10 0 1 5 
8 6
10 6 26 19 17 21 
24 4
21 26 19 15 
11 9
12 7 4 20 14 27 19 10 22 
1 4
22 20 14 17 
0 6
23 21 14 20 13 3 
21 9
9 24 7 13 0 5 3 19 8 
10 5
8 20 19 5 11 
16 8
14 12 25 28 9 2 19 7 
3 9
7 21 18 17 27 2 19 23 0 
5 5
13 21 10 23 20 
