100
5 2
13 72 
72 5
39 73 56 63 5 
54 4
91 47 22 98 
98 14
91 92 20 8 32 56 54 61 62 80 11 73 2 74 
17 1
12 
12 3
23 86 17 
23 5
56 12 4 37 40 
40 2
4 23 
60 2
91 32 
32 4
96 98 60 22 
29 1
9 
9 6
30 58 86 76 90 29 
99 4
93 82 6 18 
18 2
71 99 
15 4
94 63 2 45 
45 3
85 69 15 
82 4
99 20 50 41 
41 2
88 82 
71 7
67 93 74 88 87 68 18 
87 5
70 79 55 76 71 
88 7
24 71 74 2 56 8 41 
78 4
49 77 2 21 
21 4
13 2 57 78 
2 7
15 25 88 98 34 21 78 
0 1
90 
90 4
20 9 44 0 
89 3
52 50 76 
76 5
51 87 75 9 89 
30 4
52 9 35 96 
96 4
32 61 10 30 
84 3
48 37 61 
61 8
96 91 27 98 25 1 94 84 
58 2
9 33 
33 3
80 95 58 
75 3
76 42 14 
14 3
43 26 75 
24 2
88 86 
86 6
9 69 73 12 39 24 
42 4
75 43 16 44 
44 3
6 90 42 
52 5
30 89 37 19 53 
53 4
69 73 49 52 
64 1
4 
4 6
22 23 77 97 40 64 
97 5
94 28 31 49 4 
49 5
8 78 39 97 53 
93 6
80 63 99 71 11 67 
67 3
71 8 93 
31 2
26 97 
28 2
80 97 
91 5
54 61 98 60 92 
92 2
98 91 
26 5
31 36 59 14 68 
68 3
66 71 26 
59 5
80 25 26 16 6 
36 3
56 77 26 
16 2
42 59 
22 6
4 69 35 54 62 32 
35 6
81 39 50 22 30 11 
11 6
37 98 34 48 93 35 
8 8
10 49 47 98 67 95 88 50 
50 4
35 89 82 8 
83 1
66 
66 4
25 68 83 7 
77 5
78 4 48 55 36 
37 5
52 23 11 84 56 
56 9
72 20 98 85 37 36 23 88 95 
46 2
3 85 
85 3
56 45 46 
80 6
55 93 59 33 98 28 
63 4
93 15 72 57 
57 2
21 63 
1 4
61 47 13 3 
3 2
46 1 
13 5
7 19 21 5 1 
47 3
54 8 1 
51 4
69 73 76 70 
55 3
80 87 77 
48 3
84 11 77 
73 7
79 98 72 62 51 86 53 
34 3
11 2 38 
38 1
34 
70 3
87 62 51 
7 2
13 66 
25 7
2 59 62 61 66 43 65 
62 7
25 70 98 22 73 81 79 
94 4
15 97 61 27 
65 1
25 
43 5
95 42 25 14 20 
20 5
56 82 98 90 43 
39 4
72 35 49 86 
79 5
62 73 19 87 10 
10 4
79 8 96 74 
19 3
52 13 79 
95 4
43 56 8 33 
69 5
22 86 51 53 45 
81 2
35 62 
6 3
44 99 59 
74 4
98 71 88 10 
27 2
61 94 
