100
12 4
36 66 44 91 
91 10
16 71 53 49 99 18 1 10 56 12 
44 8
3 9 89 10 54 42 12 39 
66 6
29 7 75 42 12 40 
36 11
12 46 0 9 85 97 45 41 54 30 40 
0 5
36 73 26 2 18 
18 9
38 26 75 17 32 91 0 60 90 
2 4
86 54 38 0 
26 6
18 68 0 60 99 64 
73 4
77 61 0 22 
52 6
41 27 48 47 43 22 
22 7
70 88 52 40 9 38 73 
43 4
88 52 6 89 
47 6
56 6 85 98 81 52 
48 8
90 29 76 71 25 72 4 52 
27 5
13 8 29 52 84 
41 13
52 57 65 36 95 4 58 13 37 24 10 20 40 
28 3
90 99 68 
68 8
45 26 92 99 88 59 28 62 
99 8
10 91 68 79 28 26 37 57 
90 12
77 14 28 48 31 17 69 62 5 18 51 82 
14 5
90 15 10 54 7 
7 7
96 66 49 58 6 93 14 
54 8
2 6 70 14 44 36 17 53 
10 11
99 11 91 15 14 95 41 79 44 97 61 
15 7
14 60 24 21 65 67 10 
88 7
97 22 31 43 86 68 63 
63 10
75 9 13 97 35 8 6 88 77 98 
86 4
2 88 24 13 
31 8
5 90 32 71 11 96 88 95 
97 10
35 69 63 87 10 88 36 46 82 75 
4 3
41 48 49 
49 7
7 35 87 91 16 65 4 
72 4
58 48 5 16 
16 4
91 49 21 72 
5 8
94 90 59 38 72 31 93 79 
58 7
7 41 67 72 61 59 82 
64 6
82 6 67 26 61 87 
87 3
97 49 64 
61 5
58 51 64 10 73 
67 4
85 58 64 15 
6 9
54 32 63 47 64 43 7 39 37 
82 6
64 58 19 97 76 90 
51 5
61 32 90 42 96 
96 3
7 31 51 
42 7
45 66 1 55 38 51 44 
32 7
6 51 83 18 31 70 60 
53 4
50 54 91 29 
17 8
34 90 20 54 8 55 18 3 
70 7
22 65 29 54 84 81 32 
38 8
18 5 80 65 22 2 42 78 
60 7
18 93 26 15 32 79 50 
21 4
25 55 16 15 
55 8
9 17 13 21 78 71 81 42 
25 3
21 48 95 
95 7
92 10 74 9 31 41 25 
77 6
78 35 73 90 50 63 
78 3
77 55 38 
50 5
53 35 77 60 89 
35 8
77 63 49 97 85 50 37 46 
83 3
32 33 59 
59 6
65 37 5 68 83 58 
33 4
89 37 83 65 
40 7
75 20 41 22 30 36 66 
20 4
41 40 19 17 
24 7
1 15 23 41 80 69 86 
37 9
1 41 75 59 33 94 99 6 35 
13 5
27 41 63 55 86 
65 9
59 69 34 38 70 15 41 33 49 
57 3
41 39 99 
30 3
79 40 36 
45 7
42 68 56 36 19 93 11 
85 5
9 35 67 47 36 
9 8
85 55 44 63 36 22 95 19 
46 4
36 97 35 94 
3 3
44 11 17 
11 5
76 10 31 3 45 
62 3
84 90 68 
84 5
62 79 70 81 27 
81 6
23 70 55 84 47 34 
71 4
91 31 48 55 
75 8
93 97 63 37 98 40 18 66 
98 3
75 47 63 
1 4
24 37 91 42 
80 4
39 69 38 24 
69 7
80 65 23 90 24 74 97 
39 4
80 6 57 44 
76 3
11 48 82 
89 6
23 34 33 44 43 50 
34 6
17 65 89 8 81 29 
23 6
81 69 89 24 56 92 
19 4
82 20 45 9 
92 5
68 95 23 8 74 
56 4
47 91 45 23 
29 6
66 27 48 70 53 34 
8 6
63 74 27 17 92 34 
94 3
5 37 46 
74 4
8 95 92 69 
79 6
84 30 10 99 60 5 
93 5
75 5 60 45 7 
