100
36 6
16 1 37 14 90 56 
56 8
2 96 87 77 42 1 57 36 
90 7
71 89 10 15 64 36 75 
37 9
18 84 36 50 4 86 49 76 44 
23 6
76 12 57 19 73 18 
18 3
9 37 23 
73 7
62 75 29 52 23 49 39 
57 8
6 48 25 23 56 40 78 16 
71 7
79 40 90 35 99 3 68 
68 4
63 48 71 8 
99 8
51 32 3 2 81 67 71 27 
35 11
30 46 87 71 39 4 86 77 42 55 3 
78 7
19 50 43 42 98 57 41 
41 6
17 43 54 24 78 30 
98 5
96 28 92 79 78 
42 12
13 7 56 78 77 40 20 97 35 9 28 96 
43 9
67 41 29 63 84 78 60 39 51 
50 6
66 78 37 77 13 45 
63 7
68 51 43 26 24 28 10 
10 9
80 72 90 40 12 48 28 44 63 
28 11
21 97 98 20 0 63 10 61 42 33 66 
24 6
94 60 83 41 63 33 
26 4
72 17 63 0 
25 3
57 84 46 
46 5
35 69 72 25 49 
84 6
34 16 25 37 43 49 
77 8
75 56 6 49 42 35 19 50 
19 9
29 33 96 78 61 80 23 97 77 
49 13
55 82 77 73 81 37 84 65 52 22 46 74 34 
34 7
62 84 22 48 2 76 49 
74 8
2 79 65 30 49 5 1 94 
22 4
34 49 64 9 
81 6
11 40 93 12 49 99 
82 5
12 80 38 70 49 
55 4
64 53 49 35 
52 5
49 45 67 73 92 
92 5
8 98 51 70 52 
67 6
43 27 15 94 99 52 
45 3
52 61 50 
75 5
64 77 8 73 90 
8 5
53 60 92 75 68 
4 5
1 20 35 37 61 
61 7
45 19 28 94 80 4 88 
91 6
70 95 94 64 86 38 
38 3
82 11 91 
86 6
54 35 97 37 15 91 
64 10
55 66 22 21 91 0 80 90 75 48 
94 7
91 24 11 61 69 67 74 
95 4
65 91 39 93 
70 3
82 91 92 
76 7
23 87 6 31 34 37 12 
12 7
82 79 23 81 10 96 76 
31 4
58 3 76 39 
1 6
4 69 36 13 56 74 
13 7
59 42 58 40 1 5 50 
5 4
74 2 13 89 
30 5
35 74 48 41 65 
79 7
71 12 98 9 74 0 32 
39 10
87 80 35 73 43 53 95 48 31 85 
29 5
43 59 19 73 0 
62 4
83 34 73 93 
16 4
48 84 36 57 
32 4
20 2 99 79 
0 8
28 85 59 64 79 26 87 29 
59 5
13 14 60 0 29 
3 4
71 99 31 35 
58 5
13 33 17 31 2 
40 9
20 81 71 89 13 9 57 10 42 
9 9
42 79 83 18 40 22 7 47 87 
87 7
35 39 76 0 56 9 6 
47 3
14 2 9 
7 3
42 9 83 
72 5
26 6 46 10 88 
88 4
48 53 61 72 
97 5
28 42 19 11 86 
20 6
40 4 32 44 28 42 
44 3
20 10 37 
2 11
56 54 32 99 74 17 85 47 58 5 34 
85 4
0 53 39 2 
17 5
58 41 26 2 93 
53 7
8 60 39 85 88 55 15 
48 10
68 16 96 57 88 30 10 39 34 64 
80 6
82 39 19 10 64 61 
21 5
28 33 11 64 14 
66 3
64 50 28 
15 4
90 67 86 53 
60 7
8 51 43 53 93 24 59 
93 6
81 95 60 11 62 17 
89 3
40 90 5 
65 5
49 54 74 95 30 
33 6
58 28 19 69 21 24 
96 6
98 19 56 48 42 12 
27 4
6 99 67 54 
54 5
65 2 86 41 27 
6 6
57 76 72 77 27 87 
69 4
1 94 46 33 
51 5
63 99 43 60 92 
83 4
62 9 24 7 
11 6
81 97 93 38 21 94 
14 4
36 47 59 21 
