50
18 2
37 35 
35 1
18 
37 2
1 18 
43 2
12 13 
13 6
36 4 43 28 19 45 
7 1
9 
9 2
33 7 
10 2
6 39 
39 3
4 14 10 
33 2
21 9 
8 3
1 49 29 
29 2
5 8 
1 7
8 2 42 48 36 49 37 
47 1
0 
0 3
46 42 47 
16 1
36 
36 3
1 13 16 
19 2
13 14 
14 7
30 21 38 39 27 6 19 
28 1
13 
41 1
34 
34 3
4 41 26 
46 2
0 32 
32 4
20 44 46 15 
21 6
2 14 25 24 5 33 
22 1
38 
38 2
14 22 
5 3
21 29 40 
40 1
5 
27 1
14 
26 1
34 
15 1
32 
44 3
32 3 17 
20 3
30 32 42 
2 3
1 21 24 
24 2
21 2 
25 1
21 
42 5
6 20 1 0 23 
30 4
14 20 12 11 
11 1
30 
4 3
13 39 34 
6 3
42 10 14 
17 2
45 44 
45 2
17 13 
48 1
1 
23 1
42 
12 3
43 30 31 
3 1
44 
49 2
8 1 
31 1
12 
