50
38 7
48 8 16 24 36 30 22 
22 8
28 17 4 47 34 20 3 38 
30 10
15 47 37 20 2 18 33 44 41 38 
24 13
49 29 31 18 40 13 36 25 38 46 45 35 2 
16 5
34 37 44 25 38 
8 9
39 4 38 36 27 31 33 41 29 
43 7
17 42 4 40 37 21 18 
18 7
30 39 20 0 24 25 43 
21 10
12 42 45 36 44 46 14 32 43 15 
40 8
17 24 39 43 4 19 33 44 
4 8
22 8 15 48 43 19 40 25 
48 6
38 4 36 32 12 17 
17 11
43 36 22 33 15 0 40 34 20 48 1 
12 7
21 11 36 46 48 45 35 
32 7
48 10 49 39 21 2 7 
3 6
42 2 23 36 22 41 
20 10
0 39 18 30 23 22 36 9 17 26 
47 9
31 30 22 1 5 6 0 10 45 
31 5
45 47 24 1 8 
1 6
47 46 27 9 31 17 
29 7
42 39 28 24 35 19 8 
41 9
42 35 19 39 14 15 8 30 3 
33 14
8 23 36 30 5 46 17 49 6 19 37 15 13 40 
27 5
1 13 46 8 28 
36 14
0 15 20 21 24 33 38 8 44 12 3 48 17 7 
13 8
27 24 6 34 14 33 15 10 
10 5
32 45 13 49 47 
14 8
45 28 5 41 13 21 25 23 
34 9
22 16 0 45 17 9 28 13 39 
6 8
39 0 13 37 5 26 47 33 
15 10
33 4 26 17 13 41 30 23 36 21 
26 3
15 6 20 
45 10
31 12 46 14 34 25 21 24 10 47 
7 7
46 36 28 9 32 42 11 
11 3
12 46 7 
42 8
29 21 43 41 7 35 3 5 
9 8
1 5 39 34 20 2 7 37 
28 9
22 29 7 37 2 14 34 27 49 
19 7
41 49 4 33 29 35 40 
35 8
5 41 24 29 42 12 2 19 
25 7
16 45 24 39 14 18 4 
44 6
21 46 16 36 30 40 
46 10
7 45 24 21 11 1 27 12 44 33 
0 8
47 18 20 34 39 6 17 36 
23 7
3 15 49 39 20 14 33 
5 7
35 47 14 9 33 6 42 
49 8
10 19 23 32 33 24 37 28 
37 8
30 28 9 16 33 6 43 49 
2 7
30 3 9 28 32 35 24 
39 13
8 18 25 29 0 23 9 41 20 40 34 6 32 
