30
5 3
10 21 13 
13 3
6 0 5 
21 6
20 19 18 3 5 0 
10 3
5 19 20 
14 9
11 20 1 18 28 26 19 0 15 
15 2
26 14 
0 6
26 13 20 14 11 21 
19 9
21 24 29 10 8 3 2 14 27 
26 12
18 23 22 0 15 6 9 14 20 4 8 24 
28 7
9 11 25 4 14 7 12 
18 6
21 26 27 14 3 23 
1 3
16 14 22 
20 7
4 21 0 10 17 14 26 
11 5
0 28 27 14 4 
24 2
19 26 
8 4
17 19 26 6 
4 8
29 20 28 27 26 11 25 22 
9 6
25 12 26 28 27 16 
6 4
13 23 26 8 
22 4
26 4 3 1 
23 3
6 26 18 
16 4
1 7 2 9 
27 8
11 18 3 9 17 4 29 19 
12 3
29 9 28 
7 3
16 3 28 
25 3
9 28 4 
17 3
8 20 27 
2 3
16 19 3 
3 7
22 19 2 27 18 21 7 
29 4
4 19 12 27 
