30
4 6
25 9 22 20 2 3 
3 8
19 17 10 15 25 6 14 4 
2 5
15 4 7 25 12 
13 7
9 12 23 0 25 1 5 
5 9
14 1 23 0 29 28 21 24 13 
1 11
23 5 16 21 15 17 9 27 6 25 13 
25 11
24 6 4 22 23 2 13 3 1 16 8 
15 8
2 16 28 27 1 18 3 12 
12 8
8 13 24 21 11 15 19 2 
18 7
23 22 15 10 28 17 8 
27 7
6 8 19 14 15 0 1 
29 9
20 0 5 24 21 28 17 22 26 
26 6
24 8 20 14 28 29 
22 9
16 25 4 9 17 18 6 29 20 
17 8
16 0 29 3 1 18 22 23 
21 7
1 5 19 11 12 8 29 
24 7
25 26 23 12 5 29 9 
6 8
25 27 28 8 16 3 1 22 
9 6
13 4 22 1 28 24 
28 9
15 29 16 6 26 19 18 5 9 
20 6
29 26 19 4 8 22 
8 9
12 27 26 20 6 21 18 25 16 
10 3
3 18 7 
23 7
13 25 24 1 5 18 17 
11 2
21 12 
0 5
5 29 13 17 27 
14 5
26 27 5 3 7 
16 8
15 22 1 25 28 17 6 8 
19 6
3 20 12 21 27 28 
7 3
2 14 10 
