50
18 14
19 9 16 33 44 45 35 11 24 43 14 39 42 7 
9 11
43 34 20 17 33 8 45 36 30 13 18 
16 17
24 26 4 34 20 6 45 7 17 33 25 15 40 13 29 18 11 
33 16
40 25 42 49 8 16 18 47 35 6 19 9 22 28 7 34 
45 16
25 36 34 47 9 48 18 3 16 8 29 13 28 7 37 21 
11 17
20 44 7 46 16 8 6 18 32 30 36 40 15 29 13 41 27 
19 10
38 49 34 18 5 48 33 35 12 32 
32 14
4 38 21 27 42 39 19 47 35 26 0 22 11 48 
12 10
42 41 21 20 35 19 26 31 6 38 
35 15
43 4 33 39 8 38 26 19 30 32 40 13 29 12 18 
15 15
16 39 11 4 47 49 43 23 28 17 20 34 27 42 1 
4 12
40 47 48 31 17 35 26 2 15 1 32 16 
47 7
32 15 4 45 33 8 46 
23 6
38 0 15 44 3 1 
28 12
22 45 43 7 41 34 44 33 29 10 15 17 
27 12
32 44 25 38 22 36 0 15 10 11 37 40 
6 9
10 2 40 11 16 44 33 48 12 
42 14
5 0 33 25 32 17 13 15 40 39 48 18 12 24 
49 11
5 31 0 15 19 26 25 34 43 33 8 
8 9
35 45 11 1 9 17 47 49 33 
48 16
4 17 46 45 19 6 32 22 29 40 31 36 43 10 41 42 
46 14
41 47 20 40 3 5 36 22 30 17 31 2 48 11 
10 10
6 2 13 36 22 28 48 27 21 0 
31 10
25 48 46 4 49 2 37 7 12 1 
1 9
15 29 8 4 7 13 23 22 31 
7 14
1 0 5 16 33 41 31 28 36 24 18 11 14 45 
21 11
13 45 3 37 32 25 12 22 30 10 0 
0 12
27 25 49 23 36 32 42 41 7 29 10 21 
30 9
35 5 46 44 11 21 24 41 9 
44 15
24 23 30 27 41 20 6 3 18 11 14 37 29 28 38 
2 7
25 10 6 46 4 31 17 
26 10
20 16 13 32 36 3 12 49 4 35 
17 16
36 24 48 2 9 34 37 14 16 28 46 4 42 8 38 15 
20 14
34 41 25 38 46 16 44 12 39 22 9 15 11 26 
41 13
11 3 0 12 48 28 22 30 7 39 20 46 44 
25 13
0 31 27 45 2 21 49 5 33 16 39 20 42 
38 11
44 27 17 23 37 19 35 20 12 32 5 
22 13
21 41 33 46 28 27 48 32 10 20 34 36 1 
5 8
42 30 46 49 19 25 38 7 
37 8
45 38 44 31 27 17 21 24 
14 11
29 34 40 18 7 13 43 17 44 36 24 
3 9
23 41 21 29 44 46 26 45 39 
39 10
15 42 35 34 20 41 25 32 18 3 
36 15
45 40 13 17 46 7 14 26 10 27 0 22 9 48 11 
34 15
39 14 45 19 17 28 22 9 49 43 16 33 24 15 20 
29 11
14 11 1 3 28 48 44 16 45 35 0 
40 13
4 11 13 33 16 46 42 14 6 35 36 48 27 
43 11
15 13 9 48 28 18 24 34 14 49 35 
24 11
42 17 16 44 18 7 43 37 34 14 30 
13 14
40 1 9 45 35 26 14 42 10 11 21 16 36 43 
