50
16 3
42 17 31 
31 4
49 4 44 16 
17 11
25 48 23 42 47 43 16 33 2 45 34 
47 2
17 6 
6 4
5 24 10 47 
42 7
16 32 40 0 45 17 21 
21 7
22 10 35 20 18 42 27 
45 5
32 1 20 42 17 
0 4
3 42 10 49 
40 3
38 42 5 
49 5
19 31 0 22 36 
36 2
32 49 
44 7
28 48 31 19 35 1 20 
4 7
23 26 19 31 33 46 12 
22 5
49 21 12 7 41 
41 3
23 22 48 
12 8
7 46 37 22 18 1 20 4 
14 2
25 10 
10 12
33 32 6 2 26 0 29 21 28 23 14 13 
25 5
13 14 1 17 9 
34 2
9 17 
9 5
15 34 33 35 25 
35 7
3 44 8 37 21 19 9 
33 10
10 46 2 30 17 9 4 32 1 24 
15 4
18 11 9 28 
28 5
44 10 15 39 3 
11 2
15 5 
39 3
1 28 30 
30 2
33 39 
1 8
2 45 12 39 25 44 33 32 
5 6
6 13 23 2 11 40 
46 4
2 33 12 4 
7 4
12 22 2 20 
20 6
45 21 44 12 32 7 
2 8
7 46 33 10 17 1 5 24 
13 4
25 5 29 10 
23 6
17 41 5 4 10 37 
29 4
13 48 19 10 
26 3
4 10 38 
32 9
45 24 42 36 10 27 33 20 1 
19 6
44 29 24 49 4 35 
8 2
18 35 
3 3
0 35 28 
27 3
43 32 21 
43 5
24 37 27 17 48 
48 5
17 29 44 43 41 
38 3
37 40 26 
18 4
15 8 12 21 
37 5
38 35 43 12 23 
24 6
43 32 6 19 2 33 
