100
92 1
42 
42 3
10 19 92 
89 3
40 73 6 
6 4
44 80 74 89 
60 2
30 14 
14 2
46 60 
78 2
45 57 
57 2
84 78 
45 5
26 51 70 78 16 
88 1
69 
69 5
37 44 54 5 88 
82 3
75 2 77 
77 3
49 71 82 
49 3
77 63 90 
90 2
51 49 
63 3
54 79 49 
40 3
56 89 21 
21 2
53 40 
20 2
75 55 
55 4
71 76 53 20 
86 1
27 
27 6
99 67 76 8 5 86 
91 1
1 
1 3
80 73 91 
19 7
97 33 58 50 25 66 42 
24 1
51 
51 7
18 70 38 90 96 45 24 
79 3
83 66 63 
71 7
85 99 55 80 84 98 77 
29 1
10 
10 4
42 54 37 29 
99 4
27 71 58 4 
4 4
46 80 87 99 
0 1
83 
83 3
79 2 0 
28 1
67 
67 7
46 43 27 28 23 52 65 
97 3
19 37 31 
31 4
47 54 3 97 
37 5
65 44 69 97 10 
54 6
84 31 63 10 69 73 
73 6
89 44 26 35 54 1 
68 3
32 87 56 
56 3
40 68 22 
87 4
4 72 48 68 
2 6
48 82 16 80 83 81 
96 4
34 51 47 3 
9 1
7 
7 4
80 85 9 12 
93 2
48 59 
59 1
93 
48 4
87 2 93 33 
94 3
85 38 61 
61 2
35 94 
38 3
11 51 94 
85 4
71 7 13 94 
34 2
41 96 
41 3
44 75 34 
46 7
66 67 47 4 58 44 14 
53 3
30 55 21 
26 4
84 45 73 17 
17 2
26 50 
16 2
2 45 
32 3
68 44 76 
76 4
27 55 32 15 
5 2
27 69 
72 1
87 
50 2
19 17 
65 3
67 37 11 
43 3
67 64 30 
11 2
38 65 
12 1
7 
80 6
1 4 71 7 6 2 
44 7
6 32 46 69 73 41 37 
58 4
99 46 52 19 
22 1
56 
66 3
46 19 79 
15 1
76 
13 2
85 39 
23 3
67 33 47 
47 5
31 46 96 36 23 
39 1
13 
33 3
19 23 48 
98 1
71 
84 5
62 54 26 57 71 
52 2
67 58 
75 4
20 82 41 18 
18 3
51 75 95 
35 2
61 73 
95 1
18 
8 1
27 
70 2
51 45 
3 3
31 96 62 
30 4
60 64 53 43 
64 2
30 43 
36 1
47 
74 1
6 
25 1
19 
81 1
2 
62 2
84 3 
