100
18 3
56 74 31 
31 7
65 30 97 74 86 5 18 
74 7
0 43 32 83 18 31 85 
56 10
52 83 18 75 9 64 90 34 59 69 
68 2
16 97 
97 8
63 10 31 54 13 14 71 68 
16 7
61 55 80 68 63 71 40 
75 5
42 34 56 4 66 
66 11
67 53 58 46 25 62 48 75 32 55 22 
4 6
30 42 5 13 50 75 
12 3
11 0 83 
83 10
69 41 56 40 51 17 74 77 12 62 
0 9
14 72 70 74 85 12 11 49 6 
49 8
51 98 93 88 30 0 89 79 
79 5
19 60 78 11 49 
89 2
48 49 
30 4
31 82 4 49 
88 6
24 50 65 39 44 49 
93 6
22 42 49 50 14 94 
73 4
76 84 1 19 
19 5
79 85 50 73 90 
1 8
70 48 13 41 20 51 73 46 
84 4
14 73 81 48 
82 8
2 39 61 30 52 17 15 24 
24 4
60 88 52 82 
15 8
39 58 46 35 2 82 32 3 
17 5
11 83 82 55 34 
52 9
56 27 13 14 40 24 11 82 25 
94 3
77 58 93 
58 7
8 81 72 94 66 15 29 
48 11
89 71 84 6 1 66 81 69 50 63 7 
81 7
58 5 59 84 48 14 23 
29 5
25 8 53 64 58 
72 5
0 3 58 35 77 
6 6
20 92 39 27 48 0 
11 8
17 71 52 12 79 0 63 64 
85 10
76 90 39 0 57 32 71 74 19 45 
32 8
35 66 34 74 85 15 21 78 
43 4
64 74 28 37 
13 9
52 90 1 4 53 35 97 54 33 
33 2
45 13 
54 5
65 95 97 67 13 
35 9
59 32 53 47 13 10 15 72 60 
53 8
35 96 44 63 29 66 13 42 
90 7
56 85 9 80 13 40 19 
62 7
51 22 28 20 92 66 83 
51 5
49 62 98 1 83 
40 5
90 83 36 52 16 
60 5
22 79 24 35 99 
47 6
34 92 26 35 78 42 
8 6
58 64 29 63 76 98 
98 4
49 51 2 8 
76 6
85 73 20 92 50 8 
63 11
53 97 23 55 38 11 96 16 8 48 87 
64 9
43 80 2 56 91 29 8 65 11 
34 10
25 47 32 87 56 65 36 67 75 17 
55 7
92 99 16 17 45 63 66 
28 2
62 43 
77 4
94 83 91 72 
3 5
39 21 72 15 57 
41 3
46 83 1 
46 6
38 15 9 41 66 1 
9 4
90 42 46 56 
44 4
87 20 53 88 
39 8
20 15 3 85 80 82 6 88 
65 7
31 54 20 34 64 88 96 
50 7
88 93 19 48 4 76 87 
5 6
31 22 4 7 81 20 
38 7
71 46 87 63 42 80 7 
7 4
59 5 38 48 
42 8
75 9 93 4 53 47 38 70 
87 6
44 34 38 50 91 63 
61 5
82 16 96 2 27 
27 5
6 78 52 10 61 
2 7
82 98 92 64 70 15 61 
96 4
53 61 63 65 
23 5
21 80 95 63 81 
95 3
70 23 54 
69 6
83 14 99 48 10 56 
59 4
35 81 7 56 
78 4
27 47 79 32 
67 6
86 54 66 34 21 37 
91 6
77 26 45 64 87 10 
14 7
84 0 52 69 97 81 93 
99 5
55 80 45 69 60 
71 9
38 92 11 70 85 48 97 26 16 
25 6
29 34 21 37 66 52 
36 3
70 40 34 
45 5
33 91 99 55 85 
92 9
6 55 71 47 76 10 62 2 80 
20 8
39 6 76 44 62 1 5 65 
57 3
85 3 86 
21 5
23 67 25 3 32 
86 3
31 67 57 
80 8
23 38 64 99 16 90 39 92 
70 7
2 95 36 1 0 71 42 
22 5
60 93 62 5 66 
26 3
47 91 71 
37 3
25 67 43 
10 6
97 35 69 27 92 91 
