20
14 12
9 8 0 3 18 1 5 13 7 12 4 2 
2 8
4 11 9 17 0 15 8 14 
4 11
6 17 0 10 15 3 2 19 11 13 14 
12 9
13 16 8 1 19 15 0 14 17 
7 7
18 5 1 14 6 16 11 
5 9
16 13 7 15 0 9 17 1 14 
1 12
12 11 6 10 14 5 18 16 8 7 17 9 
18 10
16 7 11 0 15 14 9 17 3 1 
3 10
13 11 18 9 14 8 16 15 0 4 
17 10
11 10 4 8 19 2 1 18 5 12 
9 10
14 13 16 8 2 3 18 5 1 15 
0 14
12 10 13 15 8 2 16 3 5 18 4 19 6 14 
15 11
13 12 0 10 2 3 5 18 16 9 4 
6 6
0 4 1 19 13 7 
19 8
17 16 12 0 10 4 6 11 
11 10
10 17 3 18 1 2 19 4 13 7 
10 9
11 17 19 1 15 0 4 8 13 
8 10
12 14 9 17 3 1 16 2 0 10 
13 12
6 12 14 16 9 11 3 5 0 15 10 4 
16 12
9 12 19 18 5 1 3 15 0 8 13 7 
