30
14 9
8 1 21 13 0 29 9 27 17 
17 8
11 27 0 15 26 14 20 25 
29 5
11 19 18 20 14 
26 8
23 20 15 8 17 5 18 6 
6 6
3 4 9 15 22 26 
18 9
21 12 27 8 13 29 1 5 26 
8 8
9 14 24 18 26 13 23 4 
4 8
1 6 24 19 22 15 16 8 
23 9
15 5 28 26 2 19 12 11 8 
13 7
8 7 14 20 24 11 18 
11 9
25 29 17 22 23 7 13 1 21 
15 9
23 6 4 26 2 17 21 24 3 
3 7
6 2 9 27 24 21 15 
24 14
13 15 19 2 27 28 7 12 5 3 8 4 21 20 
1 9
4 10 12 16 14 19 18 21 11 
9 14
14 27 10 0 22 5 25 19 6 8 3 16 21 20 
27 8
12 14 18 3 17 9 24 2 
0 3
14 17 9 
22 9
12 5 16 4 6 21 11 9 7 
7 7
2 13 11 24 16 22 28 
5 7
9 26 22 23 24 18 16 
21 12
9 2 22 14 25 18 1 3 24 11 15 10 
28 5
24 23 2 25 7 
25 6
19 11 21 9 28 17 
20 7
24 29 26 2 13 9 17 
2 10
23 3 7 12 24 21 20 15 28 27 
10 4
1 9 16 21 
16 7
9 22 10 7 4 1 5 
19 8
4 29 25 1 9 23 24 12 
12 8
27 18 1 24 22 23 2 19 
