50
43 7
47 10 18 17 42 34 13 
13 4
23 16 3 43 
34 8
21 4 43 49 32 1 27 35 
42 6
26 18 3 1 43 23 
18 4
43 39 42 46 
46 6
32 45 26 28 18 11 
39 4
24 18 29 19 
49 3
34 30 10 
10 5
41 38 1 43 49 
30 8
0 47 49 37 9 16 25 38 
23 3
12 42 13 
1 5
37 44 10 34 42 
3 7
7 13 33 16 20 5 42 
29 4
35 40 39 31 
31 9
16 12 26 9 28 40 32 6 29 
40 4
31 15 29 33 
35 5
29 17 48 34 22 
27 4
44 28 34 7 
7 5
15 21 33 3 27 
28 6
9 31 27 20 46 21 
44 8
1 25 26 19 27 37 14 0 
22 2
14 35 
48 2
20 35 
17 5
43 35 16 6 5 
15 6
7 2 32 9 14 40 
14 7
22 36 16 44 15 12 32 
9 7
6 38 28 31 15 30 20 
32 8
31 46 6 15 37 34 14 41 
2 3
45 15 20 
24 4
39 36 6 41 
41 3
10 32 24 
6 7
24 9 17 31 32 5 45 
36 3
21 24 14 
19 4
5 16 44 39 
11 2
37 46 
37 9
1 44 11 30 20 0 32 25 38 
38 4
9 10 30 37 
0 5
26 30 8 44 37 
20 6
48 9 28 37 3 2 
26 5
0 42 31 44 46 
45 3
46 2 6 
33 4
3 7 40 8 
21 5
7 36 25 34 28 
8 2
0 33 
5 6
19 3 47 4 6 17 
4 3
47 34 5 
47 5
43 4 30 5 25 
25 5
30 44 37 21 47 
12 3
31 23 14 
16 7
19 3 13 14 31 17 30 
