100
93 9
18 17 86 4 80 84 59 30 52 
52 8
7 99 70 11 57 46 8 93 
30 5
10 31 27 93 89 
59 8
38 45 93 95 23 22 83 70 
88 4
74 33 54 2 
2 9
62 11 91 10 74 16 53 88 95 
54 13
39 27 32 99 88 23 78 84 97 45 81 10 41 
41 6
58 24 87 29 14 54 
10 7
66 17 27 30 36 54 2 
81 5
46 37 63 6 54 
45 8
5 34 28 54 96 79 59 84 
97 10
76 65 66 6 54 27 28 78 90 69 
84 11
80 57 6 68 3 61 38 54 48 93 45 
23 8
90 15 62 54 89 59 1 13 
99 8
73 52 91 47 58 61 54 21 
32 9
73 68 12 95 20 98 50 54 0 
27 8
96 94 54 97 30 10 29 18 
70 7
3 52 95 58 82 94 59 
83 4
8 20 62 59 
22 4
7 25 20 59 
50 2
32 34 
34 6
95 13 45 3 48 50 
67 5
82 3 92 39 19 
19 5
55 65 9 44 67 
39 8
74 79 12 49 64 54 62 67 
92 6
75 96 62 21 60 67 
3 7
70 67 84 58 86 49 34 
46 5
20 81 55 5 52 
5 7
94 45 35 36 44 46 90 
55 6
19 68 46 0 56 82 
37 4
81 21 78 44 
44 7
78 37 19 5 43 38 62 
78 7
54 42 44 97 57 65 37 
64 4
47 35 69 39 
69 7
38 25 33 24 64 63 97 
47 6
99 86 64 8 96 56 
98 7
28 89 73 96 58 49 32 
49 8
71 11 39 98 14 28 3 42 
58 7
41 3 70 40 90 98 99 
89 5
23 30 98 20 43 
43 5
28 16 44 60 89 
20 9
32 73 75 22 79 89 83 46 33 
17 4
93 28 10 91 
91 7
42 16 2 51 99 11 17 
28 11
98 29 17 31 45 97 51 43 49 12 24 
48 6
7 15 62 84 90 34 
90 11
61 58 4 18 5 48 97 35 87 23 36 
62 9
2 13 23 83 92 39 44 48 6 
15 6
7 23 25 56 48 35 
7 5
22 52 15 48 24 
18 3
93 90 27 
24 9
73 69 8 31 28 85 82 41 7 
12 5
32 39 28 75 61 
31 5
24 86 13 30 28 
77 3
61 57 66 
66 6
10 95 14 97 21 77 
57 6
68 77 52 78 84 8 
38 5
69 59 84 44 96 
6 7
65 72 61 62 81 97 84 
14 6
95 29 41 66 4 49 
71 4
86 49 35 26 
26 3
1 60 71 
86 7
31 93 3 47 71 96 25 
42 5
33 91 60 78 49 
11 5
16 2 52 49 91 
61 8
84 13 90 77 12 99 94 6 
75 4
92 20 4 12 
8 8
24 1 83 52 57 47 51 80 
65 5
53 6 19 97 78 
95 9
66 33 59 70 32 2 14 34 40 
53 3
65 63 2 
16 6
11 74 91 80 43 2 
74 5
16 88 39 2 72 
25 4
69 22 15 86 
96 8
27 98 92 29 45 86 47 38 
94 5
27 70 40 5 61 
13 5
34 31 62 61 23 
36 3
10 5 90 
87 3
41 40 90 
35 5
64 71 5 90 15 
4 6
72 93 75 14 90 63 
79 5
29 33 39 20 45 
63 7
53 4 73 69 81 21 68 
76 2
97 68 
68 7
57 84 32 55 85 63 76 
85 3
68 0 24 
33 7
69 95 88 42 79 82 20 
82 6
70 67 40 24 33 55 
40 5
58 87 82 94 95 
72 4
4 6 74 0 
0 5
85 55 32 72 73 
73 7
24 32 99 98 20 63 0 
51 3
28 91 8 
60 5
42 92 26 43 9 
9 2
19 60 
80 4
84 93 16 8 
56 4
21 55 15 47 
21 6
37 56 63 99 92 66 
1 3
26 8 23 
29 6
79 14 96 41 28 27 
