100
49 7
2 53 58 47 29 90 41 
41 13
97 6 52 92 60 33 16 76 53 51 49 56 0 
90 4
76 17 22 49 
29 4
69 61 50 49 
47 6
2 98 23 28 7 49 
58 6
96 8 89 49 40 19 
2 8
16 99 7 98 47 49 61 59 
53 6
41 87 73 49 61 11 
11 10
35 59 44 8 85 31 82 51 53 83 
61 9
62 29 65 88 3 53 2 85 17 
80 5
76 50 62 22 9 
9 12
71 68 62 93 87 56 80 7 44 23 17 14 
22 10
24 54 25 55 52 40 90 80 97 83 
62 6
61 12 4 9 97 80 
50 7
83 12 79 29 80 44 33 
40 3
66 22 58 
99 5
34 2 10 94 32 
32 6
87 38 77 71 23 99 
94 7
34 37 99 56 46 45 54 
39 3
75 56 66 
66 11
10 15 87 70 17 48 84 55 40 39 68 
56 5
68 39 41 94 9 
79 4
3 14 50 74 
74 3
89 84 79 
14 8
79 96 44 26 45 9 23 52 
52 3
41 22 14 
20 4
28 97 81 55 
55 7
22 67 97 66 59 20 92 
81 7
93 27 28 20 76 64 43 
86 4
97 85 33 44 
44 6
11 14 9 1 50 86 
33 5
30 41 86 96 50 
83 5
50 3 45 11 22 
51 8
85 36 68 41 11 93 45 35 
82 5
18 97 87 46 11 
31 4
97 48 71 11 
85 8
86 51 5 11 61 97 45 87 
78 3
15 7 95 
95 4
10 26 27 78 
7 11
63 3 18 16 78 27 9 47 2 67 26 
15 5
70 66 34 78 97 
54 8
3 70 17 38 22 23 57 94 
45 13
37 87 70 83 94 72 38 36 57 14 85 67 51 
46 2
94 82 
37 3
45 94 60 
60 6
30 41 63 91 71 37 
26 4
95 30 14 7 
96 7
58 19 97 21 33 14 87 
43 3
17 38 81 
38 8
32 54 43 24 71 45 69 10 
87 8
53 45 66 32 82 9 85 96 
21 6
69 59 64 42 96 98 
97 14
31 15 85 48 96 22 30 55 62 82 20 92 41 86 
19 3
59 96 58 
71 9
60 59 84 73 9 31 32 38 57 
57 9
24 71 13 45 69 48 18 77 54 
73 5
53 69 35 71 84 
84 6
0 74 71 66 3 73 
35 5
11 28 73 51 63 
68 5
9 23 56 51 66 
6 6
41 4 72 59 36 65 
65 3
76 61 6 
36 4
45 51 25 6 
59 10
34 11 71 21 55 6 19 2 72 5 
72 4
10 6 45 59 
17 8
66 90 28 9 43 64 54 61 
3 8
79 83 93 7 54 61 84 64 
88 2
75 61 
10 5
99 95 66 72 38 
69 6
21 29 73 42 57 38 
42 6
48 13 91 69 21 18 
27 5
81 28 7 18 95 
64 7
17 89 21 3 81 16 98 
76 6
65 90 81 80 41 25 
30 5
33 60 97 26 24 
98 5
0 2 47 64 21 
23 9
77 54 47 14 68 91 9 32 93 
93 6
3 51 9 81 67 23 
91 5
4 23 75 42 60 
5 3
75 85 59 
92 3
97 41 55 
75 7
39 88 8 91 5 18 4 
4 5
6 62 91 63 75 
18 7
82 7 57 89 27 75 42 
8 3
11 75 58 
89 5
74 64 58 18 34 
24 6
38 0 1 22 57 30 
0 4
98 24 84 41 
34 5
99 94 15 59 89 
16 4
2 41 7 64 
67 6
55 25 93 45 7 1 
1 4
24 44 67 13 
28 9
81 35 77 20 47 27 17 63 25 
25 5
22 36 67 28 76 
63 6
4 7 13 35 28 60 
12 4
77 62 50 48 
48 7
97 13 31 66 57 42 12 
13 5
48 42 63 57 1 
70 5
15 54 77 45 66 
77 6
70 12 28 32 23 57 
