50
22 7
21 15 29 8 44 16 33 
33 7
39 15 0 3 45 28 22 
29 3
26 22 15 
15 8
33 22 49 20 18 27 17 29 
46 4
20 36 5 12 
12 3
1 37 46 
5 4
42 32 46 19 
19 6
23 16 27 48 4 5 
28 6
13 30 48 43 33 1 
4 3
42 37 19 
1 3
13 12 28 
36 3
46 49 13 
13 5
1 28 32 36 34 
38 2
7 30 
30 3
28 8 38 
40 3
42 11 17 
17 4
35 37 15 40 
0 7
25 39 33 16 32 31 24 
24 4
2 49 39 0 
31 3
25 0 44 
32 5
23 5 0 2 13 
16 6
22 9 47 19 0 20 
9 5
26 6 27 16 39 
39 5
41 24 33 0 9 
27 7
19 15 9 7 44 8 42 
11 5
21 44 40 48 25 
25 3
31 0 11 
48 6
19 35 28 18 10 11 
10 2
6 48 
7 2
38 27 
41 2
39 6 
6 5
9 10 8 20 41 
43 1
28 
2 3
24 32 23 
23 3
32 19 2 
20 4
15 46 16 6 
3 4
45 34 33 42 
42 5
4 40 27 5 3 
8 4
6 27 22 30 
45 4
3 33 47 14 
14 2
45 37 
47 4
16 26 45 21 
26 4
9 29 47 49 
49 4
24 15 36 26 
34 2
3 13 
37 4
4 17 14 12 
21 3
22 11 47 
35 2
17 48 
18 2
48 15 
44 4
11 22 27 31 
