20
12 7
5 1 13 7 9 17 14 
14 6
9 2 19 12 15 11 
17 9
11 2 7 0 15 12 6 16 1 
7 9
11 17 4 16 6 12 15 0 18 
1 10
6 16 8 4 2 19 15 0 12 17 
5 8
19 2 12 13 18 10 15 8 
2 8
8 14 17 1 5 3 0 15 
15 14
14 4 2 19 5 16 3 17 7 13 9 1 0 10 
3 8
6 11 19 2 0 15 9 13 
8 8
19 2 9 11 13 1 18 5 
18 8
6 10 0 5 7 19 8 9 
13 10
4 12 0 15 11 5 3 9 8 19 
4 9
11 16 1 13 7 10 0 15 6 
6 9
10 1 3 18 7 9 17 19 4 
10 9
6 4 11 16 5 18 15 9 19 
19 11
8 16 14 5 1 3 18 15 10 13 6 
9 11
12 6 14 8 11 13 15 10 0 3 18 
11 9
4 10 8 17 9 3 7 13 14 
0 10
2 4 13 7 17 9 3 18 1 15 
16 7
1 4 19 7 17 10 15 
