50
24 5
18 11 30 33 6 
6 11
49 16 33 9 1 5 0 15 10 2 24 
33 8
6 3 38 31 24 22 15 49 
30 3
35 24 7 
31 3
37 33 16 
16 10
6 19 15 29 7 18 3 9 31 42 
22 5
7 33 2 39 4 
4 5
0 48 28 49 22 
39 3
22 12 21 
2 8
6 27 28 17 19 47 22 41 
7 6
45 17 11 22 30 16 
21 3
43 42 39 
12 8
44 18 32 40 20 39 29 28 
11 5
38 43 24 7 28 
28 11
20 14 23 29 8 2 26 12 43 4 11 
25 9
46 32 18 26 29 34 17 48 37 
37 6
3 31 42 14 23 25 
48 4
14 4 43 25 
34 3
27 47 25 
29 5
12 28 16 25 10 
26 7
13 19 35 25 36 40 28 
41 4
0 3 2 38 
47 8
23 10 42 34 1 2 45 27 
19 6
43 49 16 26 2 14 
17 8
25 7 8 20 14 10 15 2 
8 4
18 28 17 23 
23 4
28 37 47 8 
15 7
45 6 17 1 16 33 13 
13 5
26 20 40 15 18 
1 4
6 18 47 15 
32 4
25 3 12 0 
0 5
4 41 6 32 20 
40 6
14 13 35 26 12 27 
36 4
49 26 35 44 
10 9
17 38 46 35 18 3 47 29 6 
3 7
37 32 42 41 10 33 16 
27 6
2 44 20 34 40 47 
20 9
43 13 28 27 17 12 0 45 44 
14 7
40 18 37 28 48 17 19 
42 7
3 37 21 45 47 44 16 
45 8
15 7 44 46 42 20 47 9 
49 5
6 36 4 19 33 
43 8
21 11 19 20 46 5 28 48 
5 3
43 6 46 
46 5
25 10 43 45 5 
35 5
40 26 10 30 36 
18 10
12 9 16 8 25 14 10 24 1 13 
9 4
18 16 6 45 
44 6
12 42 27 45 20 36 
38 4
11 10 33 41 
