50
15 5
33 23 19 26 29 
29 5
1 38 2 7 15 
8 4
30 26 31 38 
38 9
5 29 23 46 8 12 40 39 20 
13 4
0 26 2 32 
32 4
46 41 13 35 
24 5
37 23 26 19 1 
1 10
41 0 29 43 31 27 28 36 37 24 
26 11
19 27 13 7 15 10 18 24 11 8 16 
16 2
27 26 
35 4
42 25 10 32 
41 5
1 36 30 37 32 
18 6
11 49 45 26 36 12 
12 7
21 19 25 38 14 34 18 
48 2
22 19 
19 8
26 15 3 12 24 34 22 48 
7 8
20 6 26 27 31 23 0 29 
14 3
43 12 34 
34 7
17 3 25 33 19 12 14 
11 5
39 18 47 26 42 
42 5
35 27 22 37 11 
39 5
11 38 25 40 20 
20 5
30 7 46 38 39 
33 6
5 47 15 34 21 25 
25 9
49 0 35 12 34 39 36 46 33 
4 2
0 10 
10 5
31 35 26 37 4 
22 6
6 42 48 30 49 19 
49 6
25 44 46 22 18 3 
9 2
43 44 
44 4
49 43 37 9 
46 10
45 32 17 25 38 49 47 0 20 40 
40 3
38 39 46 
0 8
25 4 1 3 31 46 13 7 
47 4
45 11 33 46 
17 6
34 3 45 31 46 23 
23 5
24 15 38 7 17 
31 10
43 10 0 1 5 8 7 36 37 17 
37 8
24 1 31 30 41 44 10 42 
30 8
20 41 8 22 21 37 27 28 
6 4
22 7 5 3 
3 8
19 34 0 5 17 21 49 6 
45 9
46 47 43 28 17 27 18 5 21 
21 6
30 28 12 3 33 45 
5 7
6 38 33 36 3 31 45 
27 10
28 7 42 1 30 36 26 45 16 43 
28 5
27 45 21 1 30 
2 4
43 29 13 36 
36 8
41 27 31 2 5 18 1 25 
43 8
14 1 2 45 44 31 9 27 
