20
12 9
8 17 9 2 18 4 0 10 14 
14 8
5 8 10 15 4 6 7 12 
10 10
14 11 17 13 7 19 1 5 18 12 
4 10
19 13 11 12 14 1 3 5 8 16 
5 13
16 7 14 19 6 18 3 9 17 11 10 0 4 
0 10
8 9 12 2 19 7 13 15 3 5 
11 9
17 7 6 4 10 2 19 5 8 
17 12
7 11 12 8 16 19 3 1 5 10 15 6 
18 10
19 8 16 12 13 7 10 5 3 1 
19 13
2 7 6 4 9 17 16 18 5 3 0 10 11 
7 14
16 17 14 8 5 10 9 1 0 15 2 19 18 11 
13 4
4 18 10 0 
15 8
7 16 8 14 6 17 0 2 
2 10
19 8 16 12 7 9 11 0 15 3 
6 9
19 16 11 5 3 15 14 9 17 
1 6
4 10 16 17 7 18 
8 13
3 18 4 2 16 0 15 14 12 11 7 17 9 
3 10
4 8 16 17 0 18 5 19 2 6 
9 9
0 5 6 12 19 2 7 16 8 
16 13
7 15 1 5 18 3 8 9 17 6 2 19 4 
