50
43 5
25 34 35 44 15 
15 9
3 38 17 37 40 39 29 45 43 
8 6
47 39 35 7 28 27 
27 15
33 8 16 40 13 41 20 14 18 47 19 25 7 28 9 
9 12
7 4 42 28 27 23 3 1 5 11 21 44 
44 8
23 25 4 43 7 0 34 9 
48 7
17 47 45 30 22 46 37 
37 8
2 45 28 48 25 29 15 10 
45 5
37 48 28 29 15 
10 8
49 32 6 46 42 24 21 37 
7 10
1 13 38 16 44 8 19 24 9 27 
24 9
10 28 12 11 21 14 4 22 7 
38 9
12 0 29 15 17 41 7 18 20 
20 8
42 34 30 23 27 47 49 38 
11 3
24 9 49 
49 8
10 29 32 18 26 35 20 11 
39 7
47 26 15 8 21 32 1 
1 8
7 25 9 12 29 35 34 39 
33 9
32 27 28 25 0 29 46 47 35 
35 7
4 43 49 18 1 8 33 
22 5
3 2 48 21 24 
29 12
38 37 33 0 15 1 6 49 4 47 30 45 
30 4
20 48 46 29 
47 12
41 39 20 8 33 46 27 48 28 31 29 26 
13 7
12 0 7 27 17 23 36 
36 7
4 6 46 0 13 2 21 
18 5
27 35 38 14 49 
14 8
28 27 2 46 3 18 24 12 
5 4
46 0 9 28 
28 16
8 9 33 17 5 21 24 47 45 23 37 14 12 27 41 6 
25 8
43 27 1 44 33 46 2 37 
26 3
39 49 47 
32 7
10 6 49 39 33 46 3 
3 8
41 22 15 9 14 46 32 42 
46 14
0 14 36 47 48 31 33 30 32 25 16 3 5 10 
21 10
42 24 28 9 39 10 22 36 23 41 
2 8
37 14 34 25 22 36 6 16 
0 11
38 4 29 31 5 13 19 36 46 33 44 
40 4
31 27 15 41 
41 8
3 47 6 38 28 27 21 40 
17 8
23 12 4 15 38 13 48 28 
16 5
27 34 7 46 2 
31 6
19 40 46 0 6 47 
12 9
38 24 13 23 17 28 1 34 14 
34 10
1 20 42 12 4 43 16 44 2 19 
42 6
34 20 9 10 21 3 
6 10
32 41 4 23 36 28 31 10 29 2 
23 9
13 44 6 12 17 9 28 20 21 
4 10
36 35 44 9 17 34 6 0 29 24 
19 5
31 27 0 7 34 
