50
38 5
21 41 33 49 10 
10 10
44 15 1 12 17 20 49 4 25 38 
37 5
41 27 28 44 8 
8 7
5 4 9 29 34 30 37 
24 1
22 
22 6
28 31 7 20 45 24 
45 6
36 30 22 13 31 9 
34 6
2 32 23 16 8 0 
0 4
11 47 14 34 
14 8
0 46 1 27 48 12 20 40 
40 4
48 12 30 14 
12 5
10 43 4 40 14 
30 8
47 31 11 5 40 15 45 8 
20 6
23 22 14 19 10 11 
11 10
2 0 30 36 13 7 3 49 47 20 
19 6
41 43 20 31 28 9 
9 5
8 42 45 19 48 
17 2
10 3 
3 8
1 2 33 46 16 7 11 17 
47 3
30 11 0 
43 6
46 19 25 7 42 12 
7 7
6 22 39 3 11 43 35 
27 5
28 37 26 14 33 
33 7
4 3 5 44 38 25 27 
35 3
7 1 23 
23 5
41 15 20 34 35 
1 7
3 10 48 14 6 26 35 
31 7
41 30 22 19 26 45 29 
29 8
39 5 32 16 8 49 48 31 
41 6
23 38 37 19 31 48 
48 7
1 29 40 39 14 9 41 
28 7
22 27 19 16 37 5 13 
13 6
11 45 26 28 15 16 
46 9
6 43 49 4 39 14 36 3 5 
5 11
49 30 15 29 6 28 8 44 46 33 42 
36 6
11 45 6 32 46 18 
4 6
8 46 33 42 12 10 
16 7
49 29 28 3 13 34 39 
39 5
48 7 29 46 16 
42 9
2 26 43 4 9 15 18 5 21 
26 5
1 42 27 31 13 
32 4
34 29 36 49 
49 9
11 5 16 46 25 38 29 10 32 
6 6
46 7 36 5 1 2 
2 6
11 34 42 3 44 6 
15 7
21 10 5 23 30 42 13 
18 2
42 36 
25 4
10 49 43 33 
44 5
10 37 5 33 2 
21 3
15 38 42 
