30
8 9
6 22 12 5 3 29 25 28 7 
7 10
18 26 11 25 20 6 28 9 17 8 
28 7
6 29 25 5 7 23 8 
25 11
27 28 12 20 29 10 7 13 8 1 18 
29 14
4 2 26 11 24 8 28 17 27 6 1 0 22 25 
15 11
17 13 14 6 21 4 1 10 0 19 2 
2 15
24 20 21 17 5 14 10 15 29 1 22 23 19 6 4 
0 8
18 16 22 15 10 29 17 27 
13 7
20 15 1 9 17 6 25 
6 13
8 12 15 29 24 21 2 26 7 13 23 28 9 
17 11
23 27 9 15 0 29 7 13 18 1 2 
9 14
27 6 13 16 11 20 21 14 26 4 7 17 5 1 
4 9
1 18 2 9 24 23 10 15 29 
1 11
4 2 25 20 13 3 9 17 24 15 29 
11 5
5 9 20 7 29 
24 12
2 12 4 6 29 20 14 18 1 23 22 16 
22 12
20 18 29 0 10 8 16 26 19 2 24 27 
27 12
9 17 25 12 18 29 0 23 22 26 19 20 
19 8
20 15 10 18 23 22 2 27 
16 8
0 14 9 22 18 5 3 24 
3 6
21 18 5 1 8 16 
10 9
4 21 20 22 25 15 0 19 2 
23 10
24 5 18 4 19 2 17 28 27 6 
5 11
11 9 28 23 12 3 14 2 26 8 16 
26 7
27 9 29 7 22 6 5 
21 7
3 9 15 10 20 6 2 
14 7
15 9 16 5 24 2 12 
20 14
13 7 21 18 11 24 27 10 25 9 1 22 19 2 
18 14
25 20 12 23 3 16 27 19 17 7 24 4 22 0 
12 8
6 8 25 27 24 5 18 14 
