30
12 13
14 26 8 16 0 29 10 21 24 1 18 5 7 
7 12
16 2 22 29 10 14 20 18 1 12 24 21 
5 8
17 9 13 1 29 25 12 8 
18 14
2 23 12 3 8 14 21 20 7 28 15 27 10 19 
24 7
25 7 23 0 14 20 12 
21 14
4 12 9 7 28 17 18 10 13 29 14 26 19 16 
10 10
28 18 6 0 7 21 12 16 23 22 
16 9
21 25 7 12 3 26 10 22 27 
19 11
13 18 23 4 21 14 20 28 17 26 2 
2 7
6 25 4 7 18 1 19 
17 7
25 21 5 3 23 19 4 
20 9
8 9 29 0 18 19 13 7 24 
28 9
19 10 29 15 21 3 18 1 13 
13 7
19 20 5 23 21 11 28 
1 9
12 11 5 6 7 2 28 29 0 
15 5
25 29 18 8 28 
29 13
20 21 12 4 15 7 23 22 3 5 1 28 27 
4 6
23 29 19 2 21 17 
0 9
9 12 11 24 10 14 20 6 1 
6 8
2 1 10 0 22 23 27 9 
23 14
4 26 22 17 19 6 13 29 10 18 3 24 8 25 
3 8
29 18 16 23 28 9 17 11 
25 9
2 15 16 23 17 5 14 24 11 
14 11
12 19 26 7 22 8 0 21 24 18 25 
11 5
0 13 25 1 3 
22 8
6 27 14 7 29 10 23 16 
9 6
0 20 3 5 21 6 
8 8
12 27 23 20 14 18 5 15 
27 7
22 6 26 18 29 8 16 
26 7
14 27 19 12 21 16 23 
