100
24 11
95 8 2 35 69 34 61 59 71 99 27 
27 3
38 0 24 
99 8
1 71 24 47 56 44 30 77 
71 8
56 91 99 50 22 80 53 24 
59 3
0 18 24 
61 5
67 28 75 24 21 
34 10
14 3 83 80 41 57 24 38 67 63 
69 8
47 86 95 23 79 19 80 24 
35 8
26 87 24 13 38 54 68 31 
2 14
64 92 14 29 80 84 24 28 12 62 5 1 3 66 
8 8
18 24 41 20 67 19 52 46 
64 5
67 2 58 40 65 
65 8
32 41 84 89 77 38 72 64 
40 7
94 51 64 3 29 90 76 
58 9
32 21 19 56 30 22 72 64 12 
67 9
64 53 61 6 52 34 60 14 8 
51 4
40 74 11 12 
12 5
19 2 0 58 51 
11 3
1 51 73 
74 6
10 28 78 51 83 57 
18 4
8 60 59 10 
10 5
74 6 7 0 18 
60 9
97 67 98 76 46 18 49 41 25 
97 3
60 86 54 
54 4
23 53 35 97 
86 7
76 55 97 69 73 92 79 
13 3
68 35 32 
32 6
58 91 65 68 5 13 
68 10
13 9 84 37 1 52 32 94 96 35 
57 5
96 21 89 34 74 
83 5
38 41 31 74 34 
78 7
80 33 82 74 47 93 89 
28 11
41 80 2 74 92 14 61 16 49 56 66 
87 5
4 47 41 35 73 
73 7
52 5 20 45 87 86 11 
41 9
28 46 8 87 83 65 72 60 34 
47 7
69 78 99 25 88 44 87 
4 5
80 87 63 9 81 
81 3
1 45 4 
9 6
5 68 1 56 49 4 
63 3
75 4 34 
80 9
2 69 20 34 78 71 30 4 28 
91 4
32 66 17 71 
17 6
88 45 31 91 5 42 
66 4
84 2 91 28 
94 3
40 82 68 
82 7
78 70 98 22 36 55 94 
33 5
78 39 19 23 53 
53 4
67 71 54 33 
23 4
54 69 20 33 
19 9
12 58 69 75 62 1 52 8 33 
39 5
89 62 31 33 16 
6 5
67 98 10 0 44 
44 4
46 99 6 47 
0 7
59 72 12 6 27 15 10 
98 5
60 6 82 93 37 
37 10
43 1 68 5 3 55 98 36 96 75 
93 5
70 78 42 98 25 
89 6
39 25 65 57 78 70 
25 7
89 31 26 93 22 60 47 
42 3
30 93 17 
70 4
93 82 30 89 
77 5
20 36 65 95 99 
95 4
24 69 14 77 
36 7
77 96 75 84 37 50 82 
20 8
77 80 7 73 26 8 23 48 
15 6
55 31 85 38 0 84 
72 7
0 90 41 7 1 65 58 
88 3
17 30 47 
30 8
42 92 80 70 88 99 58 45 
84 6
66 68 2 36 65 15 
49 6
79 60 28 9 16 50 
50 3
71 36 49 
16 4
45 28 49 39 
79 5
49 86 69 26 14 
46 6
44 8 41 62 60 5 
31 6
15 25 17 83 39 35 
62 5
19 2 46 39 1 
5 8
2 73 46 9 48 17 37 32 
45 7
16 17 73 81 52 30 43 
52 7
73 45 67 19 68 8 90 
38 7
27 43 83 65 34 35 15 
26 6
35 20 25 55 7 79 
55 7
76 26 82 15 29 86 37 
22 5
71 82 3 25 58 
21 5
14 58 43 57 61 
96 5
85 57 36 68 37 
43 4
38 37 21 45 
85 3
96 15 29 
29 5
75 85 2 40 55 
3 6
40 34 1 22 2 37 
56 5
71 99 58 9 28 
1 11
99 72 62 68 3 81 19 2 11 37 9 
92 5
30 75 28 86 2 
75 8
29 63 92 36 19 61 37 76 
48 3
90 20 5 
90 5
7 48 72 40 52 
14 7
34 2 67 95 21 79 28 
76 5
55 86 60 40 75 
7 5
90 20 26 10 72 
