20
7 9
19 10 15 5 1 18 12 9 16 
16 10
10 11 18 3 1 19 2 12 8 7 
9 12
17 14 2 12 11 6 13 7 1 3 10 15 
17 7
2 9 13 1 18 5 10 
10 10
16 1 12 2 0 15 7 13 9 17 
5 6
7 14 12 3 8 17 
18 11
19 16 13 7 4 14 11 17 15 0 3 
13 8
10 9 17 11 19 18 3 1 
8 6
12 4 16 6 3 5 
3 10
2 13 5 18 6 4 11 16 8 9 
2 9
17 9 12 10 1 3 4 11 16 
11 8
16 9 1 18 3 2 13 12 
4 7
8 2 18 1 3 0 14 
14 6
9 19 5 18 4 6 
0 4
10 15 4 18 
1 11
11 10 6 2 19 4 17 9 16 7 13 
6 6
19 9 1 3 8 14 
12 8
2 9 10 5 7 8 16 11 
15 5
7 10 0 18 9 
19 7
6 18 1 14 16 7 13 
