30
22 7
6 2 20 10 4 3 9 
9 4
8 15 1 22 
3 10
28 27 10 24 6 14 23 22 7 19 
4 4
13 22 2 8 
10 6
18 3 20 14 22 23 
20 10
10 15 21 19 16 14 6 22 23 7 
2 7
28 22 23 21 4 29 13 
6 6
7 12 22 20 3 21 
1 4
11 24 21 9 
15 6
23 9 0 14 20 12 
8 4
11 9 27 4 
21 7
29 20 18 5 1 6 2 
24 5
29 3 1 25 17 
11 8
13 1 18 5 8 16 14 26 
19 5
27 20 14 29 3 
29 4
24 21 19 2 
14 10
0 10 15 19 20 7 3 18 12 11 
27 5
25 19 8 3 28 
16 4
5 18 20 11 
18 9
26 11 21 10 17 13 14 16 25 
5 4
13 16 11 21 
12 4
6 15 14 17 
7 5
6 14 20 26 3 
23 6
20 15 0 10 2 3 
28 6
3 26 2 13 27 0 
0 5
14 15 13 23 28 
13 8
4 11 0 5 18 17 28 2 
17 4
13 18 12 24 
25 3
27 24 18 
26 4
18 28 7 11 
