20
12 10
14 11 17 7 13 10 15 5 3 6 
6 12
11 3 5 7 13 9 0 10 15 12 2 14 
3 12
16 15 10 14 19 2 6 5 12 7 13 4 
15 11
3 1 18 8 16 17 13 14 12 11 6 
13 14
11 12 8 3 16 7 17 6 19 2 9 0 15 4 
7 12
6 11 16 19 10 17 12 14 3 1 5 13 
18 9
15 0 16 17 9 1 11 2 19 
19 9
8 17 7 13 10 3 5 1 18 
11 11
13 7 12 16 6 2 17 14 15 5 18 
1 7
17 15 16 7 4 19 18 
9 7
17 10 6 13 18 16 8 
17 12
9 12 8 10 15 19 11 7 13 1 18 14 
16 10
9 11 15 3 1 18 5 7 13 14 
14 12
12 11 7 0 15 4 3 5 6 8 16 17 
2 8
13 4 11 10 6 18 3 5 
5 11
11 12 0 6 16 3 4 14 7 19 2 
10 10
12 3 8 7 17 9 4 19 2 6 
4 8
2 8 13 1 5 3 10 14 
0 6
8 18 5 14 6 13 
8 9
14 0 15 10 19 4 13 17 9 
