50
43 6
47 10 5 27 44 16 
16 13
6 19 26 27 36 23 41 11 37 24 33 3 43 
27 5
43 16 8 45 36 
5 6
18 43 11 2 45 14 
14 6
7 25 34 40 23 5 
45 5
2 21 5 27 9 
9 7
21 44 36 4 26 45 2 
21 6
13 9 25 35 45 33 
3 9
11 29 0 6 49 47 16 39 1 
1 3
24 36 3 
39 4
41 29 20 3 
47 5
38 7 43 46 3 
49 6
20 3 22 36 44 46 
6 3
16 3 23 
23 5
17 16 14 10 6 
30 5
34 7 28 37 32 
32 9
24 20 26 35 13 41 12 30 28 
37 10
19 42 10 44 16 41 30 31 34 38 
28 4
17 8 30 32 
38 7
47 20 12 8 46 37 15 
34 8
30 14 12 37 8 44 35 19 
31 6
13 17 11 37 36 46 
41 5
39 32 24 37 16 
44 8
43 4 49 9 11 37 34 13 
10 5
26 43 4 37 23 
42 5
46 24 11 37 36 
46 12
42 40 0 47 49 38 25 17 31 7 22 26 
36 9
25 1 2 31 27 9 16 49 42 
17 6
22 23 46 28 31 40 
33 3
25 16 21 
40 3
46 14 17 
0 5
26 3 7 46 48 
48 4
12 19 7 0 
7 9
14 47 25 30 29 0 11 48 46 
26 6
32 9 10 0 16 46 
22 4
17 19 49 46 
25 6
7 14 21 33 46 36 
2 5
5 18 45 36 9 
4 3
44 10 9 
8 6
18 38 34 29 28 27 
35 4
21 34 32 12 
12 9
48 15 18 34 38 11 32 19 35 
18 5
8 2 5 12 29 
29 7
24 39 15 7 8 3 18 
19 7
37 12 16 48 22 34 20 
24 6
29 41 42 32 1 16 
13 4
31 21 32 44 
15 3
12 29 38 
20 5
49 32 39 38 19 
11 8
31 3 5 42 12 44 16 7 
