30
14 8
8 1 21 13 0 29 27 17 
17 8
11 27 0 15 26 14 20 25 
29 5
11 19 18 20 14 
26 5
8 17 5 18 6 
6 3
15 22 26 
18 6
8 13 29 1 5 26 
8 7
14 24 18 26 13 23 4 
4 5
19 22 15 16 8 
23 7
15 5 28 19 12 11 8 
13 6
8 7 14 20 11 18 
11 7
29 17 22 23 13 1 21 
15 8
23 6 4 2 17 21 24 3 
3 4
9 27 21 15 
24 10
8 5 21 12 7 28 27 2 19 15 
1 4
14 19 18 11 
9 8
25 3 21 19 22 10 0 27 
27 6
14 3 17 9 24 2 
0 3
14 17 9 
22 7
16 4 6 21 11 9 7 
7 6
2 13 24 16 22 28 
5 5
26 23 24 18 16 
21 10
9 2 22 14 25 3 24 11 15 10 
28 5
24 23 2 25 7 
25 5
19 21 9 28 17 
20 4
29 2 13 17 
2 8
7 12 24 21 20 15 28 27 
10 3
9 16 21 
16 5
22 10 7 4 5 
19 8
4 29 25 1 9 23 24 12 
12 4
24 23 2 19 
