50
20 5
15 19 38 39 47 
47 9
45 26 1 3 46 15 31 14 20 
39 6
44 29 3 20 13 17 
38 9
4 15 37 46 8 12 20 7 9 
19 9
6 26 42 20 34 22 23 48 25 
15 12
20 38 29 32 47 43 48 27 28 35 26 16 
16 14
12 15 23 27 41 11 26 37 24 46 33 3 36 43 
26 11
7 31 47 19 45 2 33 46 16 15 5 
28 7
48 7 32 23 30 15 37 
27 9
5 9 36 45 8 16 43 15 13 
48 9
28 23 33 0 15 7 19 42 1 
43 6
35 16 27 15 11 34 
32 11
49 28 30 12 41 13 35 45 15 0 3 
29 6
39 18 3 8 7 15 
13 10
35 3 49 42 0 44 32 27 23 39 
23 9
6 10 14 16 48 28 17 13 19 
44 8
13 39 34 11 37 9 2 35 
24 6
7 16 1 0 34 14 
14 9
47 35 9 5 22 23 40 34 24 
0 8
2 25 48 46 13 7 32 24 
1 7
47 5 3 36 24 48 12 
25 7
12 0 36 46 33 35 19 
22 6
3 14 46 49 19 6 
34 8
19 44 8 24 37 12 14 43 
7 11
26 49 46 28 48 24 11 0 29 41 38 
8 7
17 27 29 34 38 45 36 
3 12
22 1 39 16 47 49 6 32 13 41 29 35 
18 5
29 12 45 4 49 
49 10
2 32 13 41 7 46 36 22 3 18 
45 10
10 47 26 9 27 5 18 21 32 8 
12 9
16 35 32 11 25 38 34 18 1 
36 10
42 49 16 8 9 27 31 2 1 25 
4 5
18 38 9 10 33 
33 7
48 26 21 16 25 41 4 
10 7
2 45 23 11 37 4 41 
9 8
27 14 2 45 4 36 44 38 
2 8
10 0 49 44 26 9 36 42 
42 7
13 36 37 11 48 19 2 
46 12
26 22 7 31 17 25 38 49 47 0 40 16 
6 5
19 23 22 3 37 
41 8
49 16 33 37 32 3 7 10 
21 3
33 45 40 
11 7
10 7 44 16 12 42 43 
17 6
40 39 31 8 46 23 
37 11
38 34 31 28 30 41 16 44 10 42 6 
30 4
32 37 28 35 
31 6
26 46 36 37 17 47 
5 5
1 27 14 45 26 
35 11
25 13 15 43 12 32 3 30 14 40 44 
40 5
17 14 46 35 21 
