50
13 9
41 49 38 20 42 6 8 35 45 
45 5
47 3 16 46 13 
46 7
42 9 48 3 1 20 45 
20 8
5 15 13 42 11 40 16 46 
5 9
8 20 38 18 28 27 21 2 26 
26 11
14 44 37 11 15 0 32 4 49 43 5 
37 8
38 26 7 33 1 36 39 40 
40 6
35 23 49 4 20 37 
43 5
31 21 7 15 26 
0 10
4 8 21 6 7 35 26 39 23 30 
30 9
25 42 49 4 47 17 14 15 0 
17 4
24 35 44 30 
14 8
8 33 26 2 6 41 25 30 
34 9
21 6 31 25 47 49 4 23 7 
7 9
37 0 31 28 8 33 43 47 34 
22 7
36 25 9 2 35 49 42 
42 9
35 13 20 6 46 8 16 30 22 
44 8
16 19 26 41 17 38 47 49 
49 10
13 32 40 34 9 23 22 30 26 44 
12 3
39 41 23 
23 7
0 33 49 40 34 12 6 
41 8
13 47 14 8 44 10 29 12 
6 11
3 0 34 14 2 13 42 8 33 27 23 
21 7
34 0 43 5 48 9 27 
27 8
35 5 28 9 6 32 21 15 
11 6
18 1 4 26 19 20 
29 7
32 2 8 36 9 31 41 
31 11
9 43 39 34 2 19 7 10 29 1 3 
36 7
22 28 48 19 37 32 29 
15 7
25 20 30 26 47 43 27 
1 7
39 32 10 31 46 37 11 
32 10
29 49 3 1 27 8 16 36 19 26 
33 6
14 23 37 6 4 7 
47 10
45 24 15 8 44 41 7 30 34 39 
39 7
31 1 18 12 37 0 47 
16 6
44 20 45 25 32 42 
3 9
6 32 46 9 48 31 45 2 35 
35 10
13 40 25 42 22 27 17 0 3 24 
2 10
8 31 24 22 14 6 5 3 29 10 
8 14
2 38 32 6 7 42 41 48 0 13 29 5 14 47 
38 8
37 9 5 18 13 25 44 8 
9 11
38 22 46 21 49 29 31 27 28 3 18 
18 6
4 39 38 5 9 11 
28 8
36 24 4 5 27 9 48 7 
24 7
28 17 48 47 4 2 35 
48 8
19 36 24 21 3 8 46 28 
10 4
41 31 1 2 
19 7
44 36 32 48 31 11 25 
4 10
18 0 26 28 30 34 40 33 24 11 
25 9
30 22 15 14 34 38 16 35 19 
