50
42 10
29 18 47 12 6 27 28 45 34 21 
21 8
45 41 6 32 4 46 42 12 
34 6
48 6 5 24 45 42 
45 12
21 6 43 47 34 35 36 42 15 10 1 13 
28 8
11 9 49 4 43 42 46 6 
27 11
47 0 3 23 17 33 42 32 24 19 26 
6 12
46 49 36 25 21 40 34 45 19 42 48 28 
49 17
8 47 43 4 6 19 33 44 48 28 17 0 3 26 14 37 41 
43 12
26 45 0 3 22 8 46 12 38 49 9 28 
19 9
22 6 3 10 49 4 31 27 48 
14 6
20 2 0 49 24 23 
33 11
29 1 3 39 32 31 27 24 11 49 38 
44 10
0 20 38 31 8 7 49 3 5 32 
23 10
38 25 36 37 27 9 31 26 35 14 
35 9
25 5 13 23 24 37 45 2 17 
12 10
25 42 48 13 26 32 43 24 21 30 
46 15
6 24 43 5 18 28 21 10 1 9 0 22 2 8 38 
5 13
13 41 32 35 39 34 3 18 1 46 44 36 15 
9 10
43 23 22 36 28 46 10 29 39 40 
40 6
38 6 20 13 30 9 
29 9
42 33 1 36 24 37 25 38 9 
10 10
41 38 11 20 46 19 45 31 17 9 
38 14
33 44 16 7 46 43 10 1 25 23 29 15 13 40 
15 11
47 45 11 37 8 17 48 38 1 5 3 
1 12
11 33 46 29 15 36 39 2 45 38 5 47 
25 11
16 12 24 38 6 30 23 35 0 29 47 
48 8
34 6 18 12 49 7 15 19 
4 12
32 49 47 2 19 41 28 11 21 24 37 16 
41 10
10 0 5 22 21 37 17 47 49 4 
17 7
32 27 49 10 15 41 35 
37 8
23 39 29 15 41 35 49 4 
32 11
4 5 21 11 17 27 36 30 12 33 44 
30 5
25 16 40 32 12 
36 13
39 31 9 16 45 6 32 1 5 29 0 23 22 
26 10
18 23 43 49 16 24 11 12 31 27 
11 10
15 10 1 4 32 28 31 26 33 7 
24 15
46 27 33 8 16 4 26 14 34 20 35 13 29 25 12 
39 10
33 36 9 31 37 2 5 1 18 20 
20 9
16 44 10 24 2 22 14 40 39 
18 9
26 48 42 0 3 5 46 16 39 
7 5
38 13 44 48 11 
16 11
24 20 25 38 30 36 2 26 3 18 4 
22 8
19 41 46 9 31 20 43 36 
31 11
10 19 26 39 33 44 11 36 23 22 13 
0 10
27 41 44 46 14 43 49 18 25 36 
47 11
27 42 45 15 41 13 49 4 1 25 8 
2 8
46 16 14 39 20 4 1 35 
13 10
5 24 7 47 40 38 12 35 45 31 
3 10
27 5 18 19 33 44 16 49 43 15 
8 7
24 46 44 15 49 43 47 
