30
13 4
25 23 18 12 
12 12
15 22 11 24 19 2 16 5 18 27 13 25 
18 10
16 25 20 14 13 24 6 5 12 19 
15 4
12 28 1 3 
3 8
19 26 22 9 4 20 10 15 
28 6
6 17 27 15 22 11 
29 6
9 14 19 21 7 22 
22 11
12 14 2 7 28 4 24 3 5 8 29 
7 8
9 22 25 29 26 16 8 21 
21 3
9 29 7 
16 9
0 8 18 5 7 17 12 14 2 
2 5
22 6 12 1 16 
14 8
22 29 11 19 8 16 6 18 
17 6
28 16 5 1 23 24 
5 10
26 20 12 17 9 16 0 1 18 22 
25 9
0 18 24 11 23 13 7 12 4 
27 5
10 6 12 28 9 
26 8
9 4 6 3 5 1 7 10 
10 6
6 11 27 0 3 26 
1 6
15 26 2 5 11 17 
6 9
2 26 24 18 28 27 14 10 0 
8 5
16 14 20 22 7 
19 6
12 29 20 14 3 18 
0 7
25 16 11 24 5 10 6 
9 9
20 26 29 7 21 24 3 5 27 
11 7
12 10 0 14 25 1 28 
24 9
25 4 12 6 0 22 18 9 17 
4 5
26 24 3 22 25 
23 3
13 25 17 
20 6
9 19 5 3 18 8 
