50
19 6
18 0 20 39 34 48 
48 9
4 40 6 37 10 19 46 7 41 
34 5
21 19 26 35 44 
4 9
33 23 24 49 47 43 48 9 17 
17 6
45 2 5 7 28 4 
43 7
26 39 15 30 4 12 37 
24 10
32 37 15 7 22 36 4 47 14 39 
31 5
16 11 23 47 38 
38 5
20 10 49 45 31 
47 8
4 26 29 31 28 46 24 18 
28 6
16 17 5 37 47 0 
40 5
30 48 3 41 20 
20 7
38 49 3 30 19 26 40 
41 4
40 21 48 27 
0 5
19 44 36 39 28 
39 9
19 43 1 30 24 16 0 42 9 
36 8
32 22 21 24 2 13 0 46 
44 5
9 34 10 0 33 
23 6
12 4 35 31 21 15 
15 5
24 43 45 16 23 
21 5
34 41 7 23 36 
7 11
14 18 48 17 27 24 21 49 33 8 32 
46 6
16 14 36 32 47 48 
32 6
24 36 45 3 46 7 
14 8
7 12 24 18 1 46 30 22 
3 8
37 49 42 32 6 10 40 20 
26 5
35 43 47 20 34 
2 6
5 17 16 33 6 36 
6 4
48 9 2 3 
33 8
12 11 4 35 2 7 13 44 
16 6
31 28 46 2 39 15 
25 4
30 13 37 10 
10 6
44 37 48 38 25 3 
37 7
24 3 10 25 48 28 43 
27 3
8 7 41 
5 6
2 45 9 17 28 49 
45 6
5 17 32 15 29 38 
49 9
4 11 20 35 3 18 5 38 7 
8 2
27 7 
22 4
42 36 24 14 
35 6
23 26 33 1 49 34 
30 7
25 29 40 20 14 39 43 
1 4
29 39 14 35 
18 6
19 7 49 47 14 11 
12 5
33 29 23 14 43 
11 4
33 31 49 18 
9 5
5 4 6 44 39 
29 6
12 1 45 30 47 13 
13 4
25 36 33 29 
42 3
22 3 39 
