30
19 9
13 27 17 10 14 26 22 6 1 
1 8
4 18 11 13 7 0 10 19 
6 9
18 5 3 26 19 20 14 27 11 
22 7
23 19 13 7 5 14 27 
26 7
8 19 21 24 6 15 14 
14 11
12 19 26 2 6 17 18 22 23 29 16 
10 6
15 8 19 23 18 1 
15 5
10 11 26 2 12 
24 6
16 21 2 26 17 28 
21 11
17 24 29 13 7 2 26 18 3 25 8 
16 6
25 24 4 0 29 14 
29 5
21 23 16 14 4 
23 9
22 3 4 28 13 7 29 10 14 
18 6
25 6 1 21 14 10 
17 6
19 21 24 9 28 14 
2 8
25 24 11 21 4 5 14 15 
12 3
14 20 15 
13 10
19 21 11 22 23 1 3 20 28 7 
7 7
0 21 4 1 23 22 13 
28 6
9 17 23 13 24 8 
20 8
6 27 9 13 11 5 12 0 
3 6
23 25 13 9 6 21 
4 7
1 0 29 23 7 2 16 
11 9
13 8 15 27 5 1 2 20 6 
8 5
26 10 11 21 28 
9 7
20 27 28 17 3 5 25 
25 6
16 2 21 18 3 9 
5 6
11 2 22 9 20 6 
27 6
19 20 9 11 6 22 
0 5
1 7 4 16 20 
