30
4 11
16 22 0 10 3 1 13 7 28 9 12 
12 10
20 25 5 8 16 22 23 27 17 4 
9 9
1 5 15 7 8 17 23 4 6 
7 9
16 28 9 15 1 4 24 14 25 
8 13
2 6 21 10 15 12 13 28 17 9 14 5 18 
18 11
26 24 20 14 29 15 3 27 28 17 8 
14 13
6 10 0 27 17 24 2 26 5 18 1 7 8 
22 12
13 27 16 19 25 4 6 12 29 10 21 24 
24 14
6 14 22 0 1 18 7 29 15 13 2 25 16 21 
21 10
8 19 20 24 29 15 0 1 23 22 
10 12
14 4 2 28 17 11 8 16 1 0 29 22 
29 7
10 22 23 21 24 18 1 
6 9
24 8 14 20 22 23 27 9 26 
23 8
21 26 2 6 12 29 27 9 
17 8
8 25 10 18 9 12 14 2 
1 12
4 16 7 9 28 11 24 21 10 29 15 14 
15 12
26 28 9 7 24 11 21 18 1 20 8 16 
11 6
15 10 26 2 1 27 
28 13
7 13 4 10 15 0 18 3 5 1 8 16 19 
0 7
10 4 14 20 28 24 21 
27 9
6 14 12 22 23 13 11 18 3 
3 9
4 20 16 25 19 5 18 28 27 
19 6
13 22 21 26 3 28 
16 14
20 2 10 12 15 13 28 7 25 24 3 4 1 22 
5 8
8 26 3 14 12 9 28 25 
2 10
25 13 14 10 24 11 23 8 16 17 
20 9
16 25 21 18 3 12 6 0 15 
13 9
22 19 2 4 24 8 16 28 27 
25 11
20 22 17 16 2 26 24 12 3 5 7 
26 9
15 5 18 23 11 25 19 14 6 
