30
8 3
15 20 3 
3 4
29 7 1 8 
14 3
4 5 18 
18 8
0 13 7 21 26 1 14 23 
26 5
17 4 18 0 12 
12 5
6 10 13 19 26 
0 6
18 4 22 19 26 28 
22 6
9 0 7 11 24 21 
21 7
17 28 11 18 23 22 7 
24 6
29 19 1 27 9 22 
9 7
16 20 22 2 24 11 13 
13 3
18 12 9 
11 8
1 21 2 22 9 29 10 20 
1 7
11 24 18 3 15 29 17 
17 5
26 21 25 7 1 
29 6
24 11 28 3 1 25 
25 5
17 10 29 15 5 
15 6
8 10 23 20 1 25 
27 3
6 24 19 
19 5
12 6 24 27 0 
23 3
21 15 18 
20 4
9 15 8 11 
10 4
15 12 25 11 
6 4
12 27 19 2 
5 3
28 14 25 
7 7
17 18 3 22 21 16 4 
4 5
16 14 0 26 7 
16 3
4 9 7 
28 5
2 5 21 29 0 
2 4
28 9 11 6 
