30
4 5
15 17 16 3 13 
13 5
9 24 16 0 4 
3 3
25 10 4 
16 7
13 8 24 4 18 5 27 
27 10
18 29 23 26 2 14 9 28 12 16 
5 6
11 21 9 16 20 23 
24 5
13 22 16 10 9 
8 4
21 19 16 9 
22 4
24 25 15 1 
1 3
2 29 22 
15 5
7 4 17 26 22 
25 6
28 11 3 18 10 22 
29 5
27 28 1 0 21 
2 2
1 27 
9 12
23 13 7 0 10 27 5 24 14 20 8 19 
19 3
8 12 9 
20 3
17 9 5 
14 3
27 9 26 
10 7
18 3 28 9 21 24 25 
0 5
6 13 29 9 21 
7 5
26 15 9 17 6 
17 4
4 20 15 7 
26 4
7 15 27 14 
21 6
8 5 12 29 10 0 
6 3
0 18 7 
28 6
25 10 29 27 11 18 
18 8
16 11 12 25 10 27 28 6 
11 4
25 5 18 28 
12 4
19 18 27 21 
23 3
9 27 5 
