20
12 9
4 16 17 9 15 19 18 11 7 
7 8
6 3 17 19 2 11 14 12 
11 10
17 15 10 13 7 14 3 5 1 12 
18 12
9 19 2 15 16 8 12 14 13 3 1 5 
19 10
16 7 6 9 12 14 18 3 15 0 
15 13
6 11 9 17 19 16 8 18 5 3 12 14 13 
9 12
13 1 18 15 10 17 16 8 19 2 12 4 
1 7
4 9 13 11 3 18 5 
5 9
6 4 0 15 11 16 8 1 18 
13 11
2 11 9 17 4 1 18 10 15 8 16 
0 7
4 17 16 5 3 14 19 
14 10
8 0 15 10 7 18 2 19 11 4 
4 11
12 16 0 13 6 1 5 3 14 17 9 
8 8
13 14 17 9 2 5 18 15 
3 11
7 11 17 1 18 6 4 0 15 19 2 
2 9
10 6 8 14 9 13 7 18 3 
6 10
7 16 2 19 4 17 5 3 15 10 
16 12
19 4 6 12 5 18 10 0 15 13 9 17 
17 13
12 11 9 4 3 7 13 0 10 15 6 8 16 
10 8
2 9 17 16 13 11 14 6 
