30
5 11
3 19 2 20 14 17 29 10 21 7 13 
13 9
12 23 24 11 6 10 0 3 5 
21 8
11 14 20 19 18 3 5 0 
10 11
12 13 7 22 23 3 1 5 2 19 20 
14 14
15 19 26 5 21 20 18 11 16 28 7 0 1 22 
15 8
18 23 25 4 19 26 20 14 
0 9
9 6 26 7 13 20 14 11 21 
19 15
5 6 14 2 8 3 16 27 10 29 15 24 21 18 11 
26 16
16 12 25 24 8 4 20 14 27 6 15 9 0 22 23 18 
28 9
18 2 9 11 25 4 14 7 12 
18 12
15 8 24 21 19 26 28 27 14 3 22 23 
1 5
2 10 16 14 22 
20 12
5 25 4 21 15 0 10 9 17 14 2 26 
11 10
13 19 24 21 0 17 28 27 14 4 
24 7
18 13 11 23 2 19 26 
8 6
18 27 17 19 26 6 
4 12
6 15 29 20 17 28 27 2 26 11 25 22 
9 10
20 0 7 22 25 12 26 28 27 16 
6 8
4 29 0 13 23 19 26 8 
22 11
14 23 9 10 25 2 26 4 18 3 1 
23 8
22 13 24 15 10 6 26 18 
16 9
14 1 7 26 19 2 17 27 9 
27 13
8 16 25 11 18 3 9 17 4 29 26 2 19 
12 7
26 13 10 29 17 9 28 
7 10
14 29 0 10 16 5 3 9 17 28 
25 9
20 26 22 15 29 27 9 28 4 
17 10
4 12 11 2 5 7 16 8 20 27 
2 13
20 4 24 22 10 17 27 28 16 19 1 5 3 
3 10
10 22 19 2 27 5 18 21 13 7 
29 8
7 6 25 5 4 19 12 27 
