30
18 5
6 24 4 26 16 
16 5
4 19 11 8 18 
26 4
14 12 18 15 
4 10
3 1 18 8 16 10 0 13 23 2 
24 11
20 7 3 18 5 28 27 17 29 19 21 
6 4
18 0 10 13 
29 4
0 24 9 13 
13 9
9 27 20 4 21 0 29 6 12 
9 4
13 29 1 17 
0 7
29 15 10 6 2 4 13 
12 6
21 27 28 17 26 13 
21 4
12 11 24 13 
20 7
22 27 13 11 24 14 1 
27 6
12 24 20 14 25 13 
15 5
25 0 10 26 14 
14 6
26 28 27 20 5 15 
10 7
3 1 0 15 28 6 4 
25 4
23 15 27 28 
19 4
16 24 1 28 
28 6
14 12 24 10 19 25 
1 9
7 3 2 19 11 4 9 20 10 
2 5
0 17 5 1 4 
23 5
25 17 4 11 8 
8 6
4 3 22 23 7 16 
3 8
4 10 24 11 1 5 8 22 
7 6
5 1 24 11 17 8 
22 3
20 8 3 
11 8
20 16 17 1 3 21 23 7 
5 5
2 7 14 3 24 
17 7
2 7 11 24 12 23 9 
