100
17 1
53 
53 3
64 61 17 
60 1
86 
86 2
18 60 
64 2
53 75 
75 2
29 64 
2 1
22 
22 2
0 2 
77 1
80 
80 5
27 23 26 87 77 
40 1
34 
34 2
1 40 
71 1
59 
59 3
4 49 71 
72 1
85 
85 4
51 99 72 20 
79 1
88 
88 6
16 76 12 79 3 81 
56 3
52 42 62 
62 1
56 
42 2
16 56 
29 2
97 75 
24 1
89 
89 2
8 24 
52 2
56 81 
81 2
88 52 
39 1
82 
82 3
45 83 39 
16 6
45 88 95 51 33 42 
91 2
94 43 
43 2
18 91 
94 2
67 91 
48 2
33 61 
61 5
45 73 30 53 48 
98 1
96 
96 3
23 54 98 
5 1
90 
90 3
27 97 5 
99 1
85 
97 2
90 29 
83 1
82 
35 1
3 
3 3
0 88 35 
8 2
45 89 
45 6
27 16 8 61 15 82 
78 5
4 11 21 28 66 
66 1
78 
28 1
78 
21 1
78 
11 2
78 13 
4 5
41 59 37 78 46 
36 2
27 92 
92 1
36 
27 6
68 45 80 36 90 47 
0 4
3 38 50 22 
50 1
0 
38 4
1 68 0 6 
47 1
27 
54 1
96 
23 4
80 7 14 96 
67 5
63 10 94 18 31 
15 2
10 45 
31 3
67 63 70 
18 4
67 43 86 32 
10 3
15 67 1 
63 3
31 30 67 
49 2
59 69 
46 1
4 
37 4
4 58 9 93 
93 1
37 
9 1
37 
58 2
44 37 
14 2
51 23 
1 3
38 10 34 
26 3
6 80 19 
19 2
26 84 
68 3
27 41 38 
41 2
68 4 
51 3
14 16 85 
55 1
13 
13 3
11 74 55 
32 1
18 
33 2
48 16 
95 1
16 
6 2
26 38 
30 3
61 63 65 
73 2
61 25 
87 1
80 
69 1
49 
7 1
23 
65 1
30 
25 1
73 
12 2
88 57 
76 1
88 
84 1
19 
70 1
31 
57 1
12 
74 1
13 
44 2
58 20 
20 2
85 44 
