100
92 1
76 
76 2
40 92 
48 1
13 
13 3
47 53 48 
23 1
59 
59 3
68 45 23 
82 1
47 
47 4
30 13 82 43 
91 1
95 
95 3
18 79 91 
2 1
54 
54 2
96 2 
61 1
63 
63 3
33 42 61 
38 1
88 
88 2
96 38 
96 3
89 54 88 
53 1
13 
78 1
34 
34 2
18 78 
83 1
44 
44 3
74 10 83 
1 1
81 
81 2
25 1 
40 2
67 76 
4 1
31 
31 4
20 60 68 4 
39 1
36 
36 4
41 98 39 35 
12 1
20 
20 5
24 31 3 14 12 
98 1
36 
71 1
5 
5 3
29 71 22 
28 1
90 
90 2
19 28 
66 2
18 57 
57 2
66 37 
18 7
93 95 34 0 89 51 66 
70 1
94 
94 2
67 70 
67 4
26 9 40 94 
73 1
17 
17 2
3 73 
65 1
19 
19 3
93 90 65 
7 1
80 
80 4
68 97 84 7 
9 1
67 
93 4
3 18 69 19 
69 1
93 
3 7
20 93 6 99 8 87 17 
24 5
27 20 26 15 72 
72 2
24 32 
15 1
24 
26 4
24 77 33 67 
27 1
24 
64 1
52 
52 3
85 64 29 
35 1
36 
8 4
3 16 51 49 
49 1
8 
16 1
8 
29 2
52 5 
85 3
14 52 30 
51 2
8 18 
89 3
18 96 50 
0 1
18 
22 1
5 
30 2
85 47 
14 3
20 56 85 
41 3
74 75 36 
75 1
41 
74 3
77 41 44 
10 1
44 
50 1
89 
45 1
59 
68 5
31 59 46 80 58 
37 1
57 
60 1
31 
97 1
80 
62 1
6 
6 3
3 55 62 
87 1
3 
99 1
3 
55 1
6 
86 1
33 
33 3
26 63 86 
58 1
68 
46 2
68 11 
79 1
95 
56 2
14 25 
25 2
56 81 
11 1
46 
21 1
77 
77 3
26 74 21 
84 1
80 
42 1
63 
32 1
72 
43 1
47 
