50
24 4
39 34 20 33 
33 7
10 39 9 41 44 25 24 
20 5
38 5 12 24 21 
34 15
49 19 24 1 48 18 10 41 25 17 46 44 38 8 40 
29 4
22 27 17 1 
1 6
34 48 11 41 18 29 
17 4
2 29 34 13 
27 6
19 36 29 42 32 6 
6 5
0 43 27 26 37 
42 8
21 44 2 4 48 27 9 30 
35 3
25 18 28 
28 4
46 41 19 35 
18 9
10 43 35 2 22 30 40 34 1 
43 3
6 18 19 
19 5
34 40 27 28 43 
30 6
8 0 3 18 12 42 
2 7
17 26 42 11 18 5 44 
39 7
3 24 33 22 13 49 45 
45 3
15 25 39 
49 5
4 7 37 34 39 
13 7
31 48 17 14 39 40 46 
11 3
12 2 1 
12 4
30 20 11 31 
38 6
10 37 20 40 34 8 
8 4
23 30 34 38 
40 8
22 13 38 34 19 16 18 3 
37 3
49 38 6 
10 4
18 33 38 34 
41 4
28 33 34 1 
48 5
34 13 42 1 32 
36 5
21 46 27 47 15 
15 3
45 21 36 
47 5
32 36 22 21 31 
0 3
6 30 14 
14 6
9 13 16 22 4 0 
3 3
30 39 40 
16 4
4 23 14 40 
22 7
18 29 47 39 14 40 44 
44 5
42 34 33 2 22 
21 5
36 42 20 15 47 
46 5
36 28 34 4 13 
5 2
20 2 
32 4
47 4 27 48 
4 7
25 32 49 16 46 42 14 
7 2
49 26 
26 3
2 6 7 
23 3
8 16 25 
25 7
4 31 35 45 34 33 23 
31 4
13 25 47 12 
9 3
14 33 42 
