30
19 8
7 8 5 29 14 20 17 27 
27 5
29 3 8 19 25 
20 9
28 23 22 6 14 16 19 21 10 
14 10
12 28 16 7 20 26 19 15 10 0 
29 5
27 17 19 21 24 
10 10
21 4 26 0 6 22 14 20 3 18 
21 4
18 20 10 29 
16 5
22 11 14 20 5 
6 9
24 5 3 0 10 20 22 12 7 
22 11
9 13 23 3 16 4 15 10 20 2 6 
23 8
25 22 8 11 2 0 15 20 
15 7
2 12 14 0 9 22 23 
0 7
6 17 23 13 10 15 14 
2 6
12 7 15 23 22 28 
18 7
1 13 17 10 21 11 26 
7 7
4 12 19 2 26 14 6 
26 6
14 10 7 17 28 18 
28 7
24 20 14 13 2 26 3 
12 6
2 8 14 7 15 6 
24 8
13 6 28 17 25 1 3 29 
9 4
22 1 15 8 
13 9
22 28 17 18 5 0 24 11 4 
4 4
10 22 7 13 
11 8
23 16 8 3 5 18 1 13 
5 7
3 6 19 11 8 16 13 
17 7
29 0 26 19 24 18 13 
1 5
3 18 9 24 11 
8 8
12 23 19 3 5 27 9 11 
3 10
8 1 5 22 6 11 24 10 27 28 
25 3
23 24 27 
