30
4 6
23 1 18 24 27 17 
17 11
20 11 13 5 1 18 3 28 9 4 2 
24 8
19 15 22 23 16 21 20 4 
18 10
23 11 26 27 17 12 4 10 15 13 
23 9
27 4 24 18 1 14 8 22 29 
29 9
20 14 11 8 2 19 15 10 23 
22 9
3 1 24 7 16 0 2 19 23 
8 13
7 6 25 16 29 10 28 27 3 5 1 23 20 
14 6
21 6 1 23 15 29 
1 11
11 4 27 17 13 14 20 22 23 16 8 
21 9
13 6 14 20 19 26 24 27 10 
10 11
20 25 27 28 26 18 3 15 29 8 21 
27 10
23 4 18 1 16 8 21 15 10 0 
26 8
20 16 10 21 11 18 3 28 
19 9
3 13 24 21 11 6 0 29 22 
20 12
26 10 29 1 3 17 9 21 24 16 8 12 
6 9
7 14 8 21 2 19 15 0 12 
12 9
25 28 11 13 7 18 2 20 6 
16 13
1 26 15 27 28 24 11 8 7 13 25 20 22 
9 4
25 20 17 7 
3 9
22 10 5 17 8 19 26 20 25 
2 5
6 22 29 12 17 
11 9
18 1 17 12 29 15 19 26 16 
13 10
7 21 0 25 17 19 1 18 16 12 
25 9
15 10 12 9 13 8 16 5 3 
15 13
25 14 28 27 29 0 10 16 7 6 24 11 18 
7 9
13 6 15 8 16 12 22 5 9 
28 8
15 10 12 8 16 5 17 26 
5 6
25 3 7 17 28 8 
0 6
15 13 19 6 22 27 
