50
31 5
17 33 4 40 15 
15 12
21 37 33 29 0 39 14 49 3 5 31 7 
40 6
2 7 13 36 31 0 
4 6
43 31 0 25 18 42 
42 9
26 44 11 14 39 9 36 30 4 
18 7
2 16 5 3 4 11 22 
25 8
12 4 21 11 36 22 10 35 
0 7
27 13 45 32 4 15 40 
9 5
29 26 23 24 42 
24 9
35 38 27 28 17 9 16 37 21 
23 6
26 36 1 48 9 13 
26 9
42 9 20 1 3 23 30 44 2 
43 5
4 7 13 45 16 
16 8
36 41 18 46 24 43 17 20 
45 6
38 43 0 22 8 13 
13 12
3 0 33 22 23 38 34 40 2 45 28 43 
7 7
33 22 40 43 47 10 15 
22 12
20 6 3 18 25 38 13 7 41 29 45 12 
11 10
42 35 36 38 25 1 5 18 6 10 
3 10
13 6 15 29 34 38 22 26 18 48 
28 3
46 24 13 
46 8
28 27 8 16 39 34 32 2 
41 5
16 22 48 19 1 
1 7
11 2 19 26 23 14 41 
19 4
47 33 1 41 
48 8
23 38 17 37 34 3 29 41 
20 6
5 26 10 22 6 16 
6 7
3 49 22 11 20 44 33 
10 7
7 30 20 38 25 32 11 
44 4
6 42 26 29 
29 10
15 3 9 27 48 36 22 32 49 44 
12 5
21 25 14 22 27 
27 7
0 29 49 24 37 46 12 
14 6
36 1 2 12 42 15 
37 7
21 24 49 35 15 27 48 
35 6
24 11 37 25 32 8 
49 7
6 29 15 27 17 37 33 
21 7
12 15 37 24 38 25 47 
32 6
5 0 29 10 46 35 
36 10
42 29 23 47 11 25 14 40 16 33 
5 6
18 20 32 11 15 47 
39 3
46 15 42 
33 9
17 31 7 13 19 15 49 36 6 
2 8
18 1 40 34 14 46 13 26 
34 6
17 48 46 2 3 13 
38 10
45 48 8 3 13 21 24 11 10 22 
17 7
34 24 31 48 49 33 16 
30 3
10 26 42 
47 5
19 36 7 21 5 
8 4
46 38 45 35 
