100
97 3
7 48 57 
57 4
6 92 49 97 
48 7
66 70 12 97 26 16 65 
7 7
97 69 2 37 21 34 17 
82 4
51 62 19 67 
67 4
49 62 38 82 
19 9
53 15 55 82 33 84 59 17 42 
62 8
41 89 64 94 82 67 45 76 
51 7
82 2 22 28 17 4 11 
17 5
0 19 13 7 51 
13 5
0 17 27 60 99 
0 11
17 13 77 70 56 68 2 90 92 14 50 
87 3
55 85 52 
52 10
21 60 34 12 33 44 41 43 25 87 
85 6
35 34 87 29 53 96 
55 11
84 71 19 2 87 15 98 46 16 18 95 
71 7
92 55 64 45 68 95 88 
88 6
31 36 25 71 21 91 
95 9
47 58 74 46 33 55 71 20 66 
68 7
5 94 71 59 0 46 2 
45 5
99 71 62 46 26 
64 6
71 62 75 9 76 15 
92 7
86 71 90 0 57 22 32 
91 7
31 23 88 40 12 2 76 
21 3
52 88 7 
25 6
6 46 73 52 88 74 
36 5
14 4 88 44 77 
31 9
88 80 91 72 38 61 3 43 9 
39 4
99 60 14 74 
74 5
95 1 94 25 39 
14 5
59 36 94 39 0 
60 6
39 52 56 1 18 13 
99 5
45 35 16 39 13 
27 6
10 35 69 13 42 12 
94 9
76 14 62 72 68 74 63 93 49 
1 9
42 33 16 46 72 78 74 4 60 
49 5
67 63 58 94 57 
93 4
41 33 79 94 
63 8
15 33 49 47 90 94 22 83 
72 6
73 98 1 6 94 31 
76 10
6 94 91 2 24 89 64 62 75 9 
79 3
42 93 34 
33 11
77 19 35 93 40 1 5 63 95 52 24 
41 6
37 43 93 62 50 52 
15 5
63 19 90 55 64 
9 4
61 64 76 31 
75 4
44 76 64 37 
23 3
91 90 47 
47 5
95 30 23 4 63 
90 11
8 15 0 63 22 23 92 11 54 73 69 
65 5
30 83 61 78 48 
16 8
40 20 99 6 55 1 48 84 
26 3
84 48 45 
12 7
52 42 91 61 46 48 27 
70 4
48 0 29 30 
66 4
48 6 4 95 
42 8
1 79 12 96 8 27 19 40 
40 11
24 91 16 33 22 34 20 35 69 5 42 
8 5
20 90 46 42 86 
96 4
35 22 42 85 
11 4
18 90 32 51 
4 8
59 66 1 36 47 43 51 50 
28 3
2 51 34 
22 9
69 40 90 92 50 96 51 56 63 
2 12
78 28 81 7 51 43 61 55 0 91 76 68 
34 6
40 7 85 28 52 79 
73 4
72 25 54 90 
46 8
95 55 12 25 8 68 1 45 
6 8
57 30 76 16 25 72 66 81 
77 6
18 33 0 24 36 61 
44 6
75 35 37 52 36 3 
30 6
65 80 47 58 6 70 
29 6
54 50 89 37 70 85 
50 8
18 22 89 4 38 41 29 0 
56 5
80 22 83 60 0 
43 5
41 31 4 52 2 
37 5
44 41 7 75 29 
18 6
50 11 78 77 55 60 
61 9
98 65 3 12 77 2 9 31 10 
54 5
29 81 73 90 80 
59 5
4 14 19 35 68 
5 3
68 40 33 
58 3
95 30 49 
80 5
56 31 98 30 54 
98 5
72 61 55 80 24 
84 4
55 26 19 16 
20 4
8 16 40 95 
32 3
89 11 92 
89 6
32 24 50 62 29 76 
3 3
61 31 44 
38 4
10 31 67 50 
83 3
65 56 63 
24 8
89 40 98 53 77 76 33 10 
35 10
27 85 40 96 33 44 99 53 86 59 
69 5
22 7 40 90 27 
78 4
2 1 18 65 
81 4
54 2 86 6 
53 4
19 35 24 85 
86 4
92 35 81 8 
10 4
27 38 61 24 
