50
31 2
22 9 
9 5
14 40 13 8 31 
1 1
25 
25 4
20 32 45 1 
36 1
44 
44 5
49 16 15 17 36 
18 1
5 
5 3
17 11 18 
11 2
41 5 
39 2
13 30 
30 1
39 
13 3
9 21 39 
46 1
3 
3 4
15 41 4 46 
29 2
24 7 
7 6
37 14 10 29 22 2 
17 2
44 5 
38 1
35 
35 4
16 38 23 42 
8 2
23 9 
26 1
21 
21 2
13 26 
32 1
25 
37 2
7 49 
49 3
44 14 37 
20 2
16 25 
16 5
44 35 20 0 6 
23 2
8 35 
34 2
27 15 
15 4
44 48 34 3 
14 5
49 43 47 9 7 
47 1
14 
43 1
14 
40 1
9 
22 2
31 7 
48 3
15 12 33 
33 1
48 
12 1
48 
0 3
16 19 24 
24 2
29 0 
19 1
0 
42 1
35 
6 1
16 
2 1
7 
45 1
25 
28 1
41 
41 4
11 3 27 28 
27 2
34 41 
10 1
7 
4 1
3 
