100
88 3
41 12 17 
17 5
87 10 7 20 88 
12 8
63 96 88 95 55 66 75 89 
41 9
45 83 88 50 77 28 29 56 14 
14 6
65 10 32 35 73 41 
73 4
89 9 76 14 
32 12
72 28 48 86 6 55 46 8 78 15 35 14 
10 5
16 65 14 17 72 
65 8
51 76 46 14 34 90 31 10 
97 3
78 34 19 
19 9
4 1 81 97 87 77 79 21 11 
34 10
38 55 95 65 97 35 90 58 59 66 
78 8
97 68 87 32 99 9 37 39 
89 4
73 66 0 12 
75 8
5 84 36 99 55 87 0 12 
66 6
89 26 95 60 34 12 
55 12
21 34 92 51 49 75 9 32 99 12 22 69 
95 6
85 44 34 12 66 87 
96 5
61 68 1 12 57 
63 4
12 20 87 38 
39 3
43 68 78 
68 7
96 78 40 39 29 87 49 
43 8
16 93 2 9 39 98 60 57 
98 6
43 15 5 33 13 7 
7 5
69 91 17 52 98 
13 5
59 81 46 49 98 
33 10
53 27 9 31 62 3 82 98 21 56 
5 3
75 98 8 
15 11
67 9 31 51 64 98 38 22 32 24 29 
37 10
90 62 71 78 79 87 69 53 86 30 
9 9
55 33 46 64 53 43 15 73 78 
99 5
75 56 70 55 78 
87 11
3 68 78 37 19 17 75 40 29 63 95 
72 3
32 85 10 
85 5
95 46 6 72 4 
61 3
96 22 35 
35 6
25 61 84 14 34 32 
22 7
93 81 11 61 50 15 55 
38 6
2 67 34 15 63 47 
47 4
64 0 38 23 
67 8
58 15 76 54 38 18 2 45 
2 6
38 91 16 43 67 27 
83 3
41 69 50 
50 9
41 94 49 58 69 11 22 28 83 
69 10
27 44 50 81 70 7 80 83 37 55 
4 5
19 49 31 85 59 
59 6
42 11 13 34 4 94 
31 8
76 33 65 52 1 15 20 4 
49 7
91 50 55 13 4 68 46 
29 4
41 87 15 68 
40 5
52 71 68 87 45 
20 6
24 63 57 81 31 17 
48 5
52 56 32 94 24 
24 6
20 90 62 48 15 16 
94 6
50 6 0 59 48 80 
56 5
92 48 41 99 33 
52 7
40 8 48 31 7 84 0 
0 10
18 94 91 42 75 30 52 47 64 89 
84 5
80 35 75 77 52 
8 6
52 44 11 32 79 5 
77 7
3 44 41 54 19 84 42 
42 6
59 11 0 62 25 77 
54 5
28 77 67 36 21 
44 7
95 46 8 77 74 69 60 
3 4
77 87 33 81 
79 5
74 37 19 18 8 
11 8
59 8 22 57 26 19 50 42 
25 5
35 58 64 82 42 
80 3
84 69 94 
58 5
67 34 25 50 51 
90 7
34 37 24 45 27 36 65 
62 4
37 24 33 42 
74 3
79 44 60 
60 8
21 43 82 36 81 66 74 44 
46 8
32 85 9 44 65 13 86 49 
81 8
22 13 26 19 69 20 60 3 
18 5
0 93 67 92 79 
92 4
56 6 55 18 
93 6
18 1 22 43 51 28 
28 8
32 54 50 57 86 41 93 26 
51 6
65 82 55 15 93 58 
1 5
70 19 93 31 96 
82 5
51 25 33 60 71 
71 5
37 6 82 40 57 
57 6
20 28 71 11 43 96 
6 7
85 32 94 92 71 36 76 
26 4
66 81 11 28 
70 3
1 69 99 
36 5
75 54 60 90 6 
27 4
69 2 33 90 
45 4
41 90 40 67 
64 7
30 23 47 9 15 0 25 
21 5
60 55 19 33 54 
30 3
64 0 37 
23 3
64 86 47 
86 5
28 32 46 23 37 
16 5
10 91 43 2 24 
76 5
31 65 67 73 6 
53 3
33 9 37 
91 5
49 0 2 7 16 
