20
2 6
4 5 18 12 0 14 
14 8
11 3 18 8 0 19 2 17 
0 8
5 14 17 16 19 2 4 10 
12 10
7 10 11 16 2 19 5 1 9 17 
6 5
5 18 15 10 17 
17 12
5 12 4 14 16 8 0 19 9 6 7 13 
10 8
12 11 5 18 6 13 4 0 
18 9
15 10 14 19 2 1 5 6 9 
19 12
4 3 18 5 8 16 14 17 12 7 0 15 
15 5
6 18 3 5 19 
7 7
12 17 11 16 19 3 5 
8 5
3 19 14 9 17 
3 8
14 19 15 8 16 13 7 1 
1 6
13 4 12 5 18 3 
16 9
4 12 19 3 7 9 17 0 11 
11 8
4 10 9 12 14 13 7 16 
5 12
17 4 12 6 19 2 1 18 10 15 0 7 
9 7
11 16 8 4 12 17 18 
4 10
11 16 19 2 5 1 10 0 9 17 
13 5
11 1 3 10 17 
