30
19 9
11 1 3 0 10 7 13 28 17 
17 12
21 24 3 1 13 6 14 8 10 29 15 19 
12 13
9 28 6 7 25 22 23 1 3 26 29 10 15 
15 9
25 1 16 29 4 7 21 17 12 
28 7
12 21 19 14 18 1 22 
22 6
29 25 12 5 16 28 
1 8
14 8 15 19 5 12 17 28 
14 11
25 24 6 9 17 28 20 7 1 5 3 
29 7
6 12 22 16 15 10 17 
13 9
3 24 20 23 17 19 10 0 16 
16 9
11 2 23 22 15 29 0 3 13 
0 9
20 16 2 19 26 9 27 13 24 
8 12
4 6 23 25 1 3 5 17 9 26 2 10 
24 5
17 13 14 10 0 
27 4
18 3 0 25 
26 9
7 6 18 3 12 8 10 0 23 
9 7
11 0 12 7 14 23 8 
7 11
23 9 12 26 19 2 15 25 14 21 18 
18 5
27 28 26 21 7 
21 5
17 28 18 15 7 
10 11
17 13 29 12 20 24 26 19 8 6 4 
4 4
8 23 15 10 
6 7
26 12 8 14 17 29 10 
25 8
15 22 5 14 8 12 7 27 
23 8
4 16 8 12 7 13 9 26 
3 11
13 5 26 19 17 27 12 8 16 20 14 
5 8
2 1 3 22 25 8 14 11 
20 6
3 13 2 0 10 14 
2 6
5 0 20 7 16 8 
11 4
9 16 19 5 
