50
4 4
22 14 39 34 
34 7
38 1 32 49 43 4 21 
5 2
22 19 
19 6
7 30 9 29 44 5 
48 3
9 45 20 
20 4
12 30 37 48 
44 7
46 33 30 42 37 27 19 
38 4
34 28 25 10 
10 4
24 1 38 41 
46 5
8 44 40 13 45 
45 4
25 48 2 46 
33 5
27 24 11 44 7 
7 7
19 42 49 6 3 8 33 
23 6
8 11 43 41 13 12 
12 8
27 20 37 32 22 30 36 23 
13 5
27 39 46 16 23 
21 2
34 25 
25 4
45 38 42 21 
9 6
42 32 19 18 48 31 
31 8
22 18 1 6 40 28 9 26 
8 7
46 32 23 39 27 7 0 
0 2
37 8 
47 2
2 30 
30 7
12 19 20 3 44 37 47 
16 5
2 17 14 13 3 
3 4
17 30 16 7 
14 6
32 28 4 49 16 22 
17 6
3 49 36 6 16 35 
41 2
23 10 
28 3
14 38 31 
26 1
31 
40 3
15 46 31 
6 6
43 7 32 31 17 24 
37 9
12 32 0 39 20 36 30 11 44 
11 5
43 33 23 22 37 
32 8
8 12 9 14 34 37 15 6 
36 6
18 17 12 15 37 24 
24 4
33 10 6 36 
1 4
35 31 34 10 
22 7
4 12 5 27 31 11 14 
15 4
36 40 32 2 
2 5
16 47 49 15 45 
35 4
1 27 17 29 
29 2
19 35 
42 6
9 7 44 25 43 18 
18 6
49 36 31 9 42 39 
43 5
6 11 23 34 42 
49 7
18 27 17 7 2 14 34 
39 5
4 8 37 13 18 
27 8
22 49 12 35 13 33 8 44 
