20
4 12
11 14 7 13 19 2 10 0 1 3 18 9 
9 13
7 11 14 10 0 19 2 17 1 3 5 18 4 
18 11
6 12 16 8 1 3 13 7 4 15 9 
0 9
14 1 5 17 9 7 13 4 16 
2 14
11 19 6 8 16 14 4 12 9 1 17 7 15 13 
13 13
2 5 1 18 14 4 8 16 11 0 15 10 6 
14 13
6 0 10 9 13 4 5 1 2 19 12 8 16 
16 13
2 19 13 1 5 18 3 6 14 8 15 0 12 
12 11
6 5 18 17 7 15 10 2 14 8 16 
19 8
2 10 16 4 3 9 6 14 
1 14
5 18 10 9 0 2 14 15 13 6 4 7 17 16 
10 12
19 4 14 8 17 9 15 12 13 1 5 6 
6 15
12 7 17 2 19 16 8 10 13 15 18 11 5 1 14 
5 15
14 12 10 6 8 3 16 11 1 0 9 17 7 15 13 
11 11
4 17 9 15 8 6 7 13 2 5 3 
8 12
13 12 15 10 6 14 11 17 16 2 5 18 
17 11
11 7 1 5 0 10 12 2 9 8 6 
15 12
12 8 16 10 11 6 2 7 13 1 5 18 
7 13
11 4 9 17 2 12 0 15 5 1 18 3 6 
3 8
9 4 19 5 18 16 7 11 
