50
4 1
34 
34 6
1 32 49 43 4 21 
5 1
19 
19 4
9 29 44 5 
48 2
45 20 
20 2
37 48 
44 5
30 42 37 27 19 
38 2
25 10 
10 3
1 38 41 
46 3
40 13 45 
45 3
48 2 46 
33 1
7 
7 4
6 3 8 33 
23 4
11 43 13 12 
12 2
36 23 
13 5
27 39 46 16 23 
21 2
34 25 
25 3
38 42 21 
9 3
19 18 31 
31 7
22 1 6 40 28 9 26 
8 3
27 7 0 
0 2
37 8 
47 1
30 
30 4
3 44 37 47 
16 4
17 14 13 3 
3 3
30 16 7 
14 2
16 22 
17 3
6 16 35 
41 1
10 
28 1
31 
26 1
31 
40 3
15 46 31 
6 5
7 32 31 17 24 
37 7
32 0 39 20 30 11 44 
11 3
23 22 37 
32 4
34 37 15 6 
36 3
12 15 24 
24 2
6 36 
1 3
31 34 10 
22 3
31 11 14 
15 4
36 40 32 2 
2 3
49 15 45 
35 2
17 29 
29 2
19 35 
42 4
44 25 43 18 
18 3
9 42 39 
43 3
23 34 42 
49 2
2 34 
39 3
37 13 18 
27 3
13 8 44 
