100
71 2
92 48 
48 8
42 7 0 39 82 55 4 71 
82 5
48 50 0 92 14 
14 4
17 69 11 82 
24 3
74 61 89 
89 3
3 9 24 
54 3
13 44 85 
85 4
47 10 63 54 
4 4
93 79 94 48 
91 2
15 45 
45 3
77 29 91 
15 3
32 6 91 
97 2
2 83 
83 3
69 73 97 
36 4
94 10 9 23 
23 3
28 67 36 
72 1
17 
17 8
6 93 14 0 58 47 59 72 
51 3
98 75 59 
59 6
52 0 17 49 51 1 
1 4
88 8 75 59 
76 4
68 13 12 64 
64 2
67 76 
87 4
79 65 69 2 
2 7
67 97 34 38 95 30 87 
52 3
7 59 37 
37 6
12 34 19 57 52 65 
7 4
48 3 38 52 
12 4
37 76 61 5 
5 12
92 31 6 3 73 38 25 47 43 96 12 95 
53 3
21 95 29 
29 7
11 44 45 66 20 58 53 
92 4
82 5 71 30 
30 2
2 92 
65 3
87 43 37 
46 3
44 20 39 
39 5
22 70 48 74 46 
94 3
25 36 4 
41 1
40 
40 2
10 41 
10 5
50 36 85 60 40 
32 3
38 15 80 
80 3
3 69 32 
16 1
8 
8 4
58 1 44 16 
49 2
59 57 
57 3
77 37 49 
73 6
31 81 5 83 88 61 
9 4
35 99 36 89 
6 6
44 5 42 63 15 17 
79 6
75 44 87 70 4 81 
63 4
6 18 66 85 
66 5
96 63 29 77 21 
18 1
63 
77 4
57 74 45 66 
11 2
29 14 
69 4
83 87 14 80 
34 3
2 37 42 
42 6
38 48 99 6 34 86 
93 3
4 17 62 
62 2
38 93 
38 6
42 32 62 5 2 7 
25 5
94 61 5 19 98 
98 2
51 25 
19 5
90 84 37 25 13 
90 6
61 19 31 44 56 68 
68 5
76 67 13 90 22 
56 2
55 90 
44 11
54 29 78 55 6 79 60 90 46 8 26 
47 4
5 67 85 17 
0 5
82 21 59 48 17 
78 2
33 44 
95 4
33 2 53 5 
96 2
66 5 
43 3
65 5 60 
3 5
55 80 7 5 89 
61 5
90 25 12 24 73 
88 3
1 99 73 
75 5
1 79 51 35 67 
67 7
68 2 20 23 75 47 64 
22 4
39 13 99 68 
70 3
79 39 27 
27 1
70 
21 3
53 0 66 
86 4
58 55 42 28 
99 6
42 88 22 9 20 84 
84 3
19 99 55 
20 5
46 29 67 99 50 
58 4
17 8 86 29 
81 2
73 79 
50 5
10 31 82 55 20 
28 3
23 86 31 
55 9
56 3 44 50 86 13 31 48 84 
13 7
54 22 76 68 55 19 35 
74 4
77 24 39 33 
60 3
44 43 10 
26 1
44 
31 6
73 55 90 50 5 28 
33 3
95 78 74 
35 3
9 75 13 
