30
4 4
20 16 26 12 
12 10
2 6 14 9 17 11 23 22 0 4 
26 5
1 0 6 22 4 
16 9
23 8 20 3 29 0 4 9 27 
20 6
4 16 0 15 2 9 
28 7
17 8 23 21 10 2 19 
19 5
2 6 9 28 5 
10 9
11 0 2 1 18 23 8 17 28 
21 5
25 11 28 23 15 
14 10
7 2 12 27 17 15 29 24 1 18 
18 6
11 1 10 15 29 14 
24 5
8 22 9 0 14 
29 8
16 1 18 5 14 11 0 22 
15 11
0 7 8 27 6 18 3 14 20 11 21 
17 5
28 3 10 12 14 
27 7
0 15 9 14 23 7 16 
22 8
7 23 8 24 11 26 12 29 
3 5
17 16 13 5 15 
6 7
12 8 19 26 15 7 25 
0 12
20 27 26 25 24 12 5 15 10 29 23 16 
11 8
18 22 21 12 15 10 29 13 
5 5
3 0 29 7 19 
13 3
7 3 11 
23 9
16 22 12 21 28 27 0 10 7 
25 3
21 0 6 
9 7
16 24 12 19 27 20 1 
1 7
29 10 14 26 2 18 9 
7 9
14 15 13 27 5 8 22 23 6 
8 8
24 16 28 22 6 7 15 10 
2 7
19 12 28 1 10 14 20 
