30
12 4
28 7 25 5 
5 7
4 10 15 27 28 6 12 
25 5
12 17 8 16 10 
7 2
12 2 
20 3
18 27 26 
26 11
6 22 1 3 10 0 29 16 2 17 20 
27 10
22 2 6 21 5 3 20 16 0 10 
4 9
22 10 5 6 21 24 16 19 9 
9 5
0 29 3 8 4 
19 5
11 14 16 4 18 
16 9
13 0 29 25 19 26 27 28 4 
24 6
8 4 3 1 0 10 
21 5
1 4 28 27 0 
11 4
19 14 23 28 
28 10
2 12 15 29 0 16 21 11 5 22 
23 4
13 11 10 1 
18 3
20 29 19 
29 7
14 18 9 28 16 8 26 
10 9
13 4 5 1 23 26 24 27 25 
3 5
24 26 17 9 27 
6 6
0 26 4 8 27 5 
8 7
6 24 2 9 22 25 29 
1 6
26 10 15 21 24 23 
15 4
2 28 5 1 
22 5
4 26 8 27 28 
13 4
23 16 10 0 
0 9
6 16 9 27 28 26 24 21 13 
2 7
15 28 27 14 8 26 7 
17 4
3 25 26 14 
14 5
29 11 19 2 17 
