50
24 6
17 43 37 38 5 41 
41 2
46 24 
5 3
44 49 24 
38 2
7 24 
37 5
2 14 8 24 21 
43 10
29 25 13 48 27 17 24 22 36 45 
17 12
19 42 1 18 3 24 11 49 43 4 8 16 
26 2
45 22 
22 7
16 44 43 49 30 0 26 
45 8
12 4 43 26 36 21 8 31 
32 2
8 7 
7 8
38 9 6 32 4 47 36 12 
8 9
47 32 37 20 17 15 45 2 13 
49 5
30 22 33 5 17 
44 5
28 5 30 22 11 
33 3
0 49 4 
4 5
31 17 7 45 33 
0 5
33 22 27 48 1 
42 3
47 17 27 
27 5
43 11 0 15 42 
30 6
49 22 20 44 46 29 
39 2
18 46 
46 5
41 18 30 39 14 
18 4
39 46 17 11 
11 5
27 17 44 18 40 
40 2
31 11 
13 2
43 8 
36 5
45 43 7 10 25 
25 2
43 36 
10 3
14 36 28 
1 3
17 0 34 
34 3
3 1 35 
31 3
40 4 45 
15 3
8 21 27 
21 3
45 15 37 
28 2
44 10 
14 5
23 10 37 46 3 
12 2
45 7 
47 4
42 8 7 19 
6 2
7 29 
9 2
7 2 
48 2
43 0 
16 3
22 20 17 
3 4
34 14 17 23 
19 2
17 47 
2 3
37 8 9 
20 4
35 16 8 30 
29 3
43 30 6 
35 2
20 34 
23 2
14 3 
