50
4 7
20 33 21 6 27 18 15 
15 13
0 22 23 14 5 18 28 17 2 19 4 33 38 
18 9
12 4 43 15 45 19 30 46 9 
9 8
27 16 21 32 43 19 23 18 
46 4
45 21 11 18 
30 8
6 33 8 42 3 18 19 45 
19 9
30 9 27 42 10 15 1 18 32 
43 9
32 14 11 41 22 1 18 27 9 
14 10
8 43 5 12 42 15 41 13 34 48 
48 6
33 10 25 14 37 26 
34 6
38 22 13 14 39 2 
13 9
35 23 6 34 14 29 17 28 31 
42 5
30 28 19 14 29 
12 6
33 36 23 18 14 40 
2 5
15 44 11 23 34 
39 7
17 31 38 23 34 44 1 
1 9
0 33 37 19 26 45 43 39 22 
44 7
2 0 10 7 41 31 39 
23 9
16 13 12 2 31 9 17 39 15 
11 10
0 2 43 3 41 31 28 16 46 24 
24 11
32 0 38 35 31 27 17 28 37 11 7 
28 11
32 22 13 29 15 42 37 24 11 27 49 
31 14
24 21 11 44 25 32 6 41 10 13 29 23 35 39 
21 9
20 26 45 46 9 31 49 4 47 
49 3
21 41 28 
27 11
22 38 29 43 4 37 24 26 19 9 28 
37 9
24 1 29 41 7 22 27 28 48 
41 13
14 32 37 11 36 43 49 33 44 31 17 7 25 
25 4
8 48 31 41 
7 8
29 44 45 22 40 37 24 41 
17 10
39 24 0 15 23 13 41 6 35 5 
36 7
12 8 45 3 40 41 32 
40 5
38 7 36 32 12 
10 5
6 19 48 31 44 
0 9
1 11 24 38 17 15 29 44 32 
5 3
14 15 17 
35 5
13 20 24 31 17 
6 7
30 10 4 13 31 17 8 
32 13
41 24 43 47 16 8 28 9 31 19 40 0 36 
29 10
0 37 28 31 27 26 7 13 42 16 
3 6
8 38 11 30 36 45 
22 11
28 27 15 38 47 43 7 37 1 34 20 
20 5
4 21 45 35 22 
26 7
21 1 47 33 29 27 48 
38 10
3 27 22 39 34 40 8 24 0 15 
8 9
14 3 33 36 30 25 38 32 6 
16 6
9 23 11 47 32 29 
47 5
26 22 16 32 21 
33 9
30 12 4 41 48 1 8 26 15 
45 9
46 7 20 21 36 30 18 1 3 
