20
2 12
10 0 6 17 7 13 1 18 5 3 19 4 
4 12
6 11 14 7 13 3 5 18 17 9 12 2 
19 9
0 15 10 6 9 1 3 13 2 
3 11
7 17 4 6 11 19 2 5 18 15 10 
5 7
17 10 4 6 3 1 2 
18 14
17 12 11 14 2 6 4 3 16 8 13 1 9 0 
13 10
16 11 4 18 1 0 2 19 14 7 
7 9
8 4 0 3 17 14 6 2 13 
14 11
16 4 12 0 15 17 7 13 6 18 1 
15 7
19 3 0 12 14 17 9 
9 7
8 6 19 18 4 0 15 
12 10
17 6 14 4 8 11 0 15 10 18 
8 8
7 9 18 6 16 12 10 0 
0 14
19 8 16 10 14 9 15 13 17 7 2 12 11 18 
10 9
2 19 6 8 16 12 5 3 0 
11 9
4 13 17 12 3 1 18 16 0 
1 9
16 13 11 18 5 2 19 14 17 
16 8
13 14 1 18 8 0 10 11 
17 12
12 7 4 2 0 15 14 11 18 5 3 1 
6 12
4 12 9 19 2 8 7 10 3 5 18 14 
