50
33 1
45 
45 2
29 33 
5 1
15 
15 2
37 5 
4 1
12 
12 2
44 4 
37 2
22 15 
0 1
47 
47 2
10 0 
40 1
21 
21 2
30 40 
17 1
27 
27 3
39 7 17 
25 1
7 
7 2
27 25 
2 1
41 
41 4
16 11 49 2 
20 2
42 1 
1 1
20 
42 2
6 20 
24 1
31 
31 6
14 32 29 30 18 24 
22 2
8 37 
36 1
6 
6 3
43 42 36 
48 2
11 9 
9 1
48 
11 3
38 41 48 
18 1
31 
13 2
14 28 
28 1
13 
14 5
43 31 39 13 19 
29 3
31 44 45 
44 2
29 12 
49 1
41 
16 2
32 41 
35 1
32 
32 5
31 16 46 10 35 
39 4
14 34 27 26 
10 2
32 47 
3 1
43 
43 5
14 6 23 8 3 
30 2
31 21 
19 1
14 
26 1
39 
34 1
39 
46 1
32 
8 3
43 38 22 
23 1
43 
38 2
11 8 
