30
14 5
12 25 19 7 8 
8 6
7 21 11 28 16 14 
7 7
26 8 27 20 14 10 5 
19 6
13 14 22 6 12 21 
27 8
24 23 7 2 18 5 9 20 
20 8
18 7 29 21 9 27 6 12 
9 3
20 6 27 
5 7
10 16 26 1 7 21 27 
2 4
27 1 15 4 
4 4
28 10 21 2 
21 13
13 20 12 4 29 0 15 1 5 8 19 22 23 
10 11
6 5 18 4 11 24 7 28 25 15 16 
12 7
25 0 3 19 21 14 20 
6 6
3 10 22 9 19 20 
22 6
11 21 6 19 26 13 
18 7
20 27 17 24 15 10 1 
1 6
2 26 5 18 21 29 
11 8
13 22 10 15 0 8 26 3 
3 3
6 12 11 
26 6
7 28 5 1 11 22 
0 5
15 12 13 21 11 
15 7
18 25 11 21 0 10 2 
16 6
5 25 13 24 8 10 
24 5
18 16 10 27 17 
13 6
11 21 19 0 16 22 
25 5
12 14 16 15 10 
29 3
21 20 1 
28 6
26 4 17 23 8 10 
23 3
27 28 21 
17 3
18 28 24 
