50
22 8
30 21 15 29 8 44 16 33 
33 7
39 15 0 3 45 28 22 
29 4
43 26 22 15 
15 10
45 38 33 22 49 20 18 27 17 29 
46 5
14 20 36 5 12 
12 4
39 1 37 46 
5 4
42 32 46 19 
19 8
45 24 23 16 27 48 4 5 
28 7
13 30 17 48 43 33 1 
4 4
14 42 37 19 
1 4
41 13 12 28 
36 4
25 46 49 13 
13 5
1 28 32 36 34 
38 3
15 7 30 
30 4
22 28 8 38 
40 5
0 8 42 11 17 
17 6
28 27 35 37 15 40 
0 8
25 40 39 33 16 32 31 24 
24 5
19 2 49 39 0 
31 4
6 25 0 44 
32 5
23 5 0 2 13 
16 7
22 9 47 19 0 34 20 
9 5
26 6 27 16 39 
39 6
12 41 24 33 0 9 
27 8
19 15 17 9 7 44 8 42 
11 6
35 21 44 40 48 25 
25 5
36 48 31 0 11 
48 7
25 19 35 28 18 10 11 
10 4
2 7 6 48 
7 4
10 47 38 27 
41 3
1 39 6 
6 7
3 31 9 10 8 20 41 
43 2
29 28 
2 4
10 24 32 23 
23 3
32 19 2 
20 4
15 46 16 6 
3 5
6 45 34 33 42 
42 5
4 40 27 5 3 
8 5
40 6 27 22 30 
45 7
15 19 37 3 33 47 14 
14 4
4 46 45 37 
47 6
34 7 16 26 45 21 
26 4
9 29 47 49 
49 4
24 15 36 26 
34 4
47 16 3 13 
37 5
45 4 17 14 12 
21 3
22 11 47 
35 3
11 17 48 
18 2
48 15 
44 4
11 22 27 31 
