50
18 5
25 24 0 20 39 
39 9
32 6 40 41 9 23 0 25 18 
20 3
22 23 18 
0 4
17 6 39 18 
24 11
35 45 46 38 25 36 13 40 18 31 29 
25 4
18 39 24 45 
42 2
35 41 
41 6
15 14 39 19 35 42 
35 4
42 29 24 41 
49 4
37 33 32 23 
23 4
33 20 39 49 
32 4
39 49 10 48 
33 8
23 36 30 5 17 49 19 37 
37 5
49 6 33 16 28 
28 3
2 37 7 
16 2
44 37 
6 7
47 26 5 37 13 0 39 
5 5
6 33 9 14 47 
47 3
6 5 22 
14 2
41 5 
9 5
7 2 39 5 1 
34 2
17 45 
45 6
10 24 21 25 34 46 
17 4
34 0 15 33 
2 3
28 9 3 
3 3
22 36 2 
46 8
44 12 27 1 11 21 24 45 
21 4
46 44 36 45 
11 2
46 12 
1 3
31 9 46 
27 3
8 46 13 
12 4
48 46 36 11 
44 4
30 16 46 21 
19 4
29 33 4 41 
4 3
40 19 43 
29 3
19 35 24 
7 2
9 28 
15 4
36 41 17 26 
13 3
6 24 27 
8 3
27 36 38 
10 2
45 32 
36 7
15 21 24 33 8 12 3 
31 2
1 24 
22 3
3 20 47 
48 2
12 32 
40 4
4 43 39 24 
43 2
40 4 
26 2
6 15 
38 2
24 8 
30 2
44 33 
