100
23 4
0 17 98 18 
18 6
71 48 92 6 47 23 
70 6
27 75 65 22 36 95 
95 5
6 89 78 38 70 
66 8
90 46 91 29 31 53 32 11 
11 7
93 26 27 46 82 79 66 
51 2
37 24 
24 8
78 44 99 55 39 35 56 51 
91 6
66 30 6 82 76 84 
84 12
88 82 41 48 27 90 60 14 38 64 49 91 
76 2
43 91 
82 8
12 1 80 0 91 84 11 46 
98 7
8 39 12 31 36 23 30 
30 5
91 35 42 58 98 
31 6
66 62 72 56 10 98 
71 6
68 18 27 64 44 2 
2 7
87 92 68 17 73 97 71 
68 8
71 55 80 36 92 19 2 42 
42 5
30 92 33 64 68 
47 7
88 38 29 0 8 12 18 
80 9
74 85 82 93 81 19 68 5 83 
83 3
6 7 80 
75 6
6 16 38 54 70 56 
56 7
55 99 34 69 24 31 75 
60 4
84 9 0 10 
10 5
73 62 31 20 60 
77 1
17 
17 7
23 15 87 2 5 12 77 
78 3
24 20 95 
97 4
5 87 40 2 
93 6
11 22 80 62 64 32 
32 7
96 0 52 66 53 81 93 
35 7
58 1 45 14 24 30 22 
7 3
41 4 83 
63 4
87 52 44 49 
49 8
9 67 13 79 84 53 86 63 
1 6
12 27 35 99 82 72 
72 6
31 74 45 69 3 1 
52 6
57 63 32 21 37 43 
43 5
76 34 74 15 52 
37 5
45 51 53 27 52 
54 5
87 44 75 40 62 
62 12
65 31 9 12 64 92 14 39 10 93 45 54 
16 4
57 15 75 79 
79 4
9 49 11 16 
53 9
37 64 49 66 3 88 36 74 32 
92 9
62 42 18 68 2 46 96 27 28 
28 4
0 29 73 92 
64 10
84 71 46 62 53 4 58 93 67 42 
86 2
21 49 
4 6
46 14 64 7 99 94 
94 5
0 88 61 4 90 
33 2
42 90 
90 5
84 66 94 96 33 
6 8
14 95 75 91 8 18 83 26 
26 3
11 39 6 
48 6
81 18 38 84 55 87 
87 12
63 54 25 96 44 17 48 69 45 97 2 19 
38 6
75 48 47 84 95 65 
65 4
36 70 62 38 
61 5
29 25 57 94 9 
9 10
79 99 49 58 60 40 96 62 61 57 
74 5
21 80 72 43 53 
36 8
98 41 65 22 68 12 70 53 
88 6
84 94 19 45 47 53 
3 6
15 72 39 22 53 21 
89 3
96 0 95 
0 10
23 60 28 47 59 89 32 55 94 82 
96 14
89 20 21 9 29 15 92 87 12 90 67 41 8 32 
46 6
66 4 64 11 92 82 
50 2
67 85 
85 4
80 67 25 50 
59 4
29 0 55 19 
19 6
88 68 80 87 29 59 
67 6
50 96 49 64 85 55 
55 7
56 0 68 59 24 48 67 
12 9
17 1 82 36 98 96 62 81 47 
81 9
48 25 12 32 99 80 41 34 14 
20 3
10 78 96 
15 5
3 43 17 16 96 
44 7
54 45 27 24 71 63 87 
21 6
74 52 96 86 3 13 
45 8
37 44 87 88 35 58 62 72 
39 7
8 98 3 41 24 62 26 
5 4
97 13 80 17 
40 4
54 9 97 58 
58 7
13 9 35 45 30 64 40 
57 4
16 52 61 9 
73 4
10 2 28 27 
25 5
61 87 14 81 85 
27 10
13 70 92 44 1 73 71 84 11 37 
69 4
34 87 56 72 
14 8
6 62 25 84 8 4 81 35 
34 4
43 56 69 81 
41 6
7 96 84 36 39 81 
99 6
24 56 9 1 4 81 
29 8
59 61 66 47 28 19 96 8 
8 7
96 39 98 14 47 6 29 
13 5
27 58 49 5 21 
22 5
3 36 70 93 35 
