50
24 4
21 36 9 6 
6 4
41 22 34 24 
9 6
30 49 31 24 5 45 
36 8
34 24 0 33 28 48 25 35 
34 7
36 0 43 2 48 6 20 
20 5
28 23 25 41 34 
48 5
33 36 34 4 47 
2 7
7 18 8 12 11 34 31 
43 5
13 21 34 0 15 
0 14
29 41 47 28 45 30 43 36 23 16 44 5 34 14 
14 7
23 27 5 26 41 0 29 
29 4
0 17 21 14 
41 10
25 6 17 22 20 14 15 0 5 35 
26 4
22 49 14 39 
5 10
0 10 37 11 41 38 14 44 16 9 
27 5
14 11 30 25 42 
1 6
46 4 49 47 31 25 
25 9
41 16 20 18 1 17 27 11 36 
31 8
11 19 2 22 44 16 9 1 
47 5
1 39 0 48 22 
35 8
3 49 4 23 36 8 19 41 
28 6
20 22 36 30 0 13 
33 5
48 46 22 36 19 
4 7
1 35 49 16 8 13 48 
16 12
42 31 17 18 5 4 19 11 32 0 25 38 
38 6
17 37 5 3 16 12 
11 9
39 27 31 16 44 25 5 2 19 
37 6
38 5 45 19 8 15 
10 5
22 39 17 5 18 
12 6
7 40 30 45 2 38 
3 7
35 18 42 44 46 49 38 
17 7
41 46 16 38 25 29 10 
15 7
39 30 49 43 13 41 37 
21 8
24 19 22 30 43 7 29 18 
13 6
15 43 4 18 28 7 
8 7
40 2 35 4 37 23 7 
19 8
21 37 11 31 35 18 16 33 
45 4
12 37 0 9 
23 7
0 49 35 8 14 20 39 
42 6
32 16 30 22 3 27 
30 8
21 42 12 28 9 27 15 0 
18 9
3 49 25 2 19 16 10 21 13 
39 13
32 7 47 49 15 10 11 22 23 40 44 46 26 
7 6
12 2 39 21 13 8 
49 11
23 4 46 9 15 35 26 1 18 3 39 
22 12
33 10 26 42 21 28 31 6 39 40 41 47 
40 4
12 8 39 22 
32 4
39 42 16 44 
46 6
33 49 1 3 17 39 
44 7
31 5 3 0 11 39 32 
