20
18 5
16 11 15 9 3 
3 14
19 5 10 1 0 15 13 16 8 4 14 12 18 11 
9 9
17 11 6 13 19 16 18 12 0 
11 15
5 12 10 15 7 8 18 16 3 0 9 14 6 19 4 
10 11
16 17 15 14 12 4 19 13 1 3 11 
7 7
17 14 13 11 1 5 6 
8 9
11 4 3 0 2 19 13 14 16 
16 14
8 5 3 2 6 19 12 4 14 18 11 9 0 10 
14 11
11 19 12 1 3 5 7 10 15 16 8 
13 8
4 2 9 3 7 0 10 8 
19 12
2 11 14 17 9 16 8 10 15 3 1 5 
0 10
11 3 1 4 17 9 16 8 13 6 
1 10
14 7 5 3 4 12 0 10 19 2 
6 9
5 11 9 16 15 0 12 7 4 
4 11
13 11 2 8 16 3 1 10 0 15 6 
12 11
11 14 16 9 3 5 1 2 10 15 6 
5 9
11 6 14 16 7 12 1 3 19 
15 10
10 11 6 14 4 2 19 12 18 3 
2 9
19 15 4 13 8 16 12 1 17 
17 6
9 7 10 0 19 2 
