20
12 5
11 5 1 17 16 
16 8
19 11 3 17 9 8 12 10 
17 10
2 10 18 1 16 8 12 13 11 9 
1 9
6 14 5 7 12 0 15 17 19 
7 8
15 11 9 3 1 18 6 8 
8 9
0 6 16 14 11 18 9 17 7 
6 8
1 18 3 2 15 8 4 7 
18 9
17 5 6 11 2 13 7 8 0 
3 7
15 16 5 6 11 7 2 
9 9
5 8 16 7 4 15 10 0 17 
11 11
12 7 13 18 3 5 16 8 17 2 4 
13 9
4 2 11 5 18 17 0 15 14 
2 9
19 17 13 6 14 5 18 3 11 
5 12
4 9 13 14 18 3 1 12 2 19 11 0 
0 7
8 13 19 9 1 18 5 
19 6
2 16 0 4 5 1 
10 4
15 17 9 16 
14 5
5 1 2 8 13 
15 8
4 10 9 6 7 13 3 1 
4 7
15 5 19 13 9 11 6 
