30
13 8
6 4 12 16 24 1 23 25 
25 8
18 16 29 4 2 22 13 17 
23 5
15 10 13 1 5 
1 9
12 26 2 15 10 27 13 7 23 
24 8
4 8 9 11 5 18 13 14 
16 7
18 4 17 25 21 13 6 
15 8
9 6 14 4 3 1 23 22 
22 10
26 12 3 21 11 20 14 25 0 15 
4 13
20 16 13 27 18 25 29 0 15 10 24 21 6 
14 10
19 5 7 20 6 15 22 11 24 12 
29 10
4 25 0 28 9 27 5 3 21 8 
8 3
24 10 29 
21 8
5 12 16 17 2 29 4 22 
3 9
5 2 19 22 15 29 10 6 20 
5 9
2 14 6 28 3 21 24 29 23 
27 10
12 4 17 20 7 2 19 26 1 29 
9 6
24 15 0 29 7 18 
28 4
5 2 29 7 
7 7
14 0 27 9 28 18 1 
10 9
20 23 12 8 1 3 4 26 2 
2 11
19 12 17 27 28 25 21 5 3 1 10 
18 9
16 7 25 4 0 11 24 17 9 
0 10
20 26 22 18 4 29 17 9 7 11 
11 7
17 18 14 19 24 22 0 
6 7
13 15 5 3 14 4 16 
20 7
4 22 10 0 14 27 3 
19 6
14 2 11 3 27 12 
12 9
21 1 27 13 22 10 14 2 19 
26 5
22 1 27 0 10 
17 8
2 16 18 11 21 0 27 25 
