50
15 5
26 46 41 13 49 
49 8
3 18 26 15 48 9 46 4 
13 4
7 4 43 15 
41 7
35 5 15 20 22 17 6 
42 6
7 3 22 30 16 32 
32 4
48 39 16 42 
16 8
32 21 11 19 4 18 31 42 
30 7
27 9 28 12 42 37 21 
22 8
41 39 6 31 21 42 2 26 
3 5
49 46 44 42 18 
4 6
14 13 44 8 16 49 
46 6
15 17 3 49 44 33 
9 6
44 24 31 49 23 30 
26 5
15 2 14 49 22 
18 5
16 19 25 49 3 
20 3
33 41 25 
25 7
8 33 10 28 17 18 20 
21 7
16 29 7 43 30 22 19 
31 7
1 9 16 44 22 19 11 
6 3
10 22 41 
39 7
32 40 22 11 10 47 7 
17 6
10 29 25 38 46 41 
2 4
22 26 12 8 
8 7
25 23 37 4 35 2 40 
12 3
2 45 30 
44 6
4 46 0 3 9 31 
0 7
47 28 45 36 44 5 34 
45 3
0 37 12 
33 5
25 20 36 46 48 
19 6
16 18 35 31 37 21 
7 4
42 13 21 39 
47 4
35 0 39 1 
10 5
37 25 6 17 39 
11 6
38 16 31 27 14 39 
40 2
39 8 
27 3
30 11 14 
37 7
10 30 8 19 45 5 38 
35 5
47 41 19 8 23 
29 2
21 17 
43 3
34 21 13 
38 4
5 11 37 17 
5 5
14 38 41 37 0 
48 4
32 49 36 33 
36 5
48 28 33 0 24 
1 2
31 47 
14 5
11 4 26 5 27 
28 5
25 24 0 30 36 
23 3
9 8 35 
24 3
28 9 36 
34 2
43 0 
