30
16 4
20 3 22 24 
24 4
11 21 16 2 
22 5
19 2 26 17 16 
3 8
25 17 16 20 13 26 6 1 
12 4
23 14 13 26 
26 7
10 23 22 20 18 3 12 
13 11
4 28 15 12 21 19 2 5 3 23 20 
15 5
0 4 13 7 14 
14 7
12 19 18 4 15 28 21 
7 6
4 2 0 10 15 6 
20 10
11 16 4 3 1 19 26 13 28 9 
23 5
12 28 26 19 13 
2 6
28 9 7 13 22 24 
21 5
5 8 24 13 14 
29 4
0 8 6 4 
4 6
13 7 14 20 15 29 
6 9
11 17 5 3 18 8 7 10 29 
8 5
21 29 25 18 6 
9 5
10 2 27 18 20 
18 8
14 1 8 9 17 26 6 0 
27 4
11 28 9 19 
1 5
11 20 18 3 5 
5 6
21 25 13 6 17 1 
17 6
6 22 3 5 18 0 
19 7
20 14 13 22 23 27 25 
10 5
9 7 26 6 11 
28 6
13 2 27 23 20 14 
11 7
20 24 27 1 6 0 10 
25 4
3 5 8 19 
0 6
15 29 11 7 18 17 
