100
53 1
79 
79 7
42 35 49 53 76 66 29 
63 4
7 17 43 36 
36 6
60 43 86 96 81 63 
71 2
92 74 
74 4
67 45 11 71 
34 1
76 
76 4
89 79 33 34 
24 1
70 
70 4
82 45 25 24 
5 2
44 96 
96 7
12 92 36 2 32 13 5 
72 1
39 
39 5
27 84 56 50 72 
97 4
57 14 33 42 
42 4
79 73 69 97 
18 1
45 
45 4
70 1 18 74 
91 1
15 
15 4
23 55 0 91 
78 1
11 
11 4
74 80 46 78 
77 2
58 95 
95 4
3 92 88 77 
83 1
1 
1 2
45 83 
88 3
69 61 95 
51 1
64 
64 7
22 75 85 55 82 54 51 
40 1
98 
98 4
89 92 40 10 
48 1
90 
90 4
52 86 93 48 
14 4
56 97 99 60 
60 6
50 56 87 36 35 14 
41 1
7 
7 4
81 63 10 41 
17 2
63 30 
30 4
16 61 17 6 
6 1
30 
33 3
97 67 76 
58 3
37 77 4 
4 2
86 58 
61 4
23 88 65 30 
84 5
28 3 55 39 73 
73 4
50 93 42 84 
25 2
23 70 
9 1
21 
21 3
10 50 9 
2 1
96 
12 4
29 96 94 43 
43 4
46 63 36 12 
29 2
12 79 
99 3
14 82 47 
47 1
99 
82 4
64 99 59 70 
59 2
82 26 
10 3
21 98 7 
92 4
96 71 98 95 
89 4
76 75 27 98 
27 3
39 89 52 
75 3
64 89 0 
87 4
60 57 31 38 
38 1
87 
31 2
80 87 
57 2
97 87 
81 4
7 36 46 44 
86 5
90 36 37 28 4 
8 2
44 32 
32 4
96 8 3 80 
35 5
60 79 67 68 62 
62 1
35 
68 1
35 
67 4
74 33 35 19 
54 2
80 64 
55 4
19 84 64 15 
85 2
46 64 
22 3
50 94 64 
56 5
69 14 39 60 23 
50 6
22 60 39 73 16 21 
65 2
94 61 
94 3
12 22 65 
23 4
25 61 15 56 
26 3
93 16 59 
93 3
26 73 90 
0 2
15 75 
66 2
80 79 
49 2
79 20 
13 1
96 
80 5
66 54 31 32 11 
3 3
84 95 32 
16 3
30 26 50 
20 1
49 
69 3
88 56 42 
19 3
55 46 67 
28 2
84 86 
37 2
58 86 
44 3
8 5 81 
52 2
90 27 
46 5
85 81 19 43 11 
