30
8 7
25 3 9 27 21 29 10 
10 8
15 14 4 22 23 19 16 8 
21 11
8 25 18 26 2 13 7 29 11 24 17 
20 5
3 11 13 17 9 
9 8
11 16 8 19 12 3 28 20 
13 9
16 21 12 26 28 20 3 23 22 
11 11
7 21 20 2 18 1 5 9 27 29 15 
24 7
3 1 25 17 26 21 16 
16 9
9 13 2 23 10 29 0 4 24 
26 11
28 12 3 23 13 29 15 6 24 21 19 
17 5
20 29 28 24 21 
19 6
9 6 22 26 14 10 
14 6
4 10 28 6 19 12 
22 7
10 4 5 7 13 2 19 
6 6
27 14 19 26 5 18 
4 11
14 5 1 18 16 2 7 22 23 10 0 
0 5
27 12 16 4 7 
29 12
17 7 25 5 3 26 2 8 16 23 11 21 
18 7
4 11 21 3 5 1 6 
27 5
0 12 8 6 11 
3 12
24 20 8 26 29 18 1 28 9 13 25 23 
23 10
16 26 15 10 29 7 13 28 4 3 
25 7
8 29 28 3 24 21 2 
12 8
26 13 27 9 1 0 15 14 
15 6
1 10 23 12 26 11 
28 9
3 25 26 2 14 13 23 17 9 
1 8
15 4 12 7 24 11 3 18 
7 8
22 23 1 4 11 21 29 0 
5 7
4 29 6 18 22 2 11 
2 9
22 28 16 29 5 4 21 11 25 
