50
13 5
32 17 41 23 39 
39 11
43 28 48 3 18 44 36 0 29 13 21 
23 9
4 33 21 13 10 0 45 35 38 
15 8
34 8 36 30 17 2 3 43 
43 5
37 40 39 38 15 
3 7
39 31 24 16 0 15 6 
2 7
6 15 38 25 34 17 11 
17 5
5 12 13 15 2 
24 4
32 3 36 26 
26 6
42 0 28 1 18 24 
36 13
47 15 6 25 21 24 11 9 48 28 40 39 35 
25 4
33 6 36 2 
11 10
32 10 27 7 46 35 19 2 30 36 
34 9
15 37 4 45 2 20 7 5 1 
38 12
8 0 29 43 1 23 19 35 2 45 9 28 
6 5
25 36 0 2 3 
35 11
42 49 46 11 19 38 32 31 18 23 36 
0 11
38 3 6 26 9 27 22 23 10 39 41 
10 10
4 40 44 8 0 11 21 23 42 12 
21 6
7 36 23 10 39 9 
9 10
1 36 38 19 0 7 4 49 48 21 
29 6
38 1 46 33 39 4 
4 6
23 9 27 34 10 29 
33 7
7 25 23 42 12 37 29 
46 9
35 30 42 12 29 40 20 11 49 
49 4
19 35 9 46 
42 7
10 35 26 40 33 46 47 
47 7
16 19 18 42 36 22 14 
18 6
44 35 26 20 39 47 
28 7
39 20 26 45 36 38 8 
32 8
11 24 13 7 35 19 44 40 
40 7
43 41 36 10 42 46 32 
44 6
18 10 39 30 32 27 
19 10
9 38 41 32 49 47 11 30 35 45 
27 4
11 4 0 44 
20 5
37 28 18 46 34 
37 7
45 20 34 43 33 16 48 
12 6
16 33 46 17 48 10 
48 7
39 14 9 36 37 45 12 
30 7
15 14 11 46 44 16 19 
8 6
5 38 14 15 10 28 
45 7
23 37 28 48 38 34 19 
1 5
9 26 29 38 34 
7 8
33 21 11 32 9 14 34 5 
5 6
17 8 34 14 41 7 
41 6
5 13 19 40 14 0 
22 2
0 47 
14 7
30 8 5 7 41 48 47 
31 3
35 3 16 
16 6
12 47 30 31 3 37 
