20
10 8
11 19 2 12 9 15 5 18 
18 9
16 4 11 13 7 1 5 0 10 
15 11
16 4 2 19 17 1 5 3 7 13 10 
9 7
19 1 3 0 10 13 11 
6 4
12 5 17 7 
7 10
2 5 18 0 15 12 6 16 4 17 
17 10
19 2 4 3 5 16 6 12 15 7 
19 10
11 17 9 16 10 15 5 3 1 14 
14 4
4 8 12 19 
1 7
9 11 18 16 15 2 19 
3 7
8 12 17 9 15 19 11 
8 6
4 5 3 14 13 11 
11 11
10 0 2 19 13 18 1 3 9 16 8 
13 9
12 16 8 9 18 5 11 15 0 
4 6
8 14 17 18 15 7 
0 6
11 5 18 9 7 13 
5 12
8 6 17 10 0 15 18 7 13 12 19 2 
2 7
7 11 17 10 15 1 5 
16 8
11 15 18 1 19 17 13 7 
12 8
6 10 14 17 13 7 3 5 
