50
37 7
42 12 46 16 20 40 25 
25 10
22 46 35 41 5 27 4 6 24 37 
24 8
49 40 34 33 25 38 22 9 
9 6
31 38 40 29 26 24 
38 8
9 12 24 0 10 15 47 43 
43 9
34 26 27 33 15 29 7 11 38 
23 4
44 27 20 4 
4 8
11 15 44 7 48 25 36 23 
21 7
2 40 5 11 41 22 30 
30 7
17 8 44 16 29 22 21 
31 6
9 2 16 33 22 36 
36 3
4 22 31 
33 10
12 43 24 1 18 2 17 31 10 0 
0 6
7 38 29 10 33 14 
2 10
1 6 21 31 28 7 10 49 35 33 
1 12
12 33 8 2 26 45 3 5 6 32 48 17 
17 9
46 33 8 19 7 13 22 30 1 
32 6
22 16 20 3 18 1 
6 9
2 20 39 16 47 25 5 1 28 
18 4
32 19 33 8 
8 7
30 20 17 35 1 18 42 
48 7
35 27 49 47 4 1 5 
5 8
21 45 6 29 1 40 25 48 
26 7
19 12 43 46 1 15 9 
42 10
10 14 35 37 41 22 12 3 16 8 
35 11
42 48 25 39 20 44 8 45 2 10 11 
15 10
16 13 43 4 34 39 38 10 29 26 
28 5
2 47 10 29 6 
41 7
42 21 10 25 39 44 45 
45 4
35 5 1 41 
44 8
47 4 16 23 30 35 41 20 
40 10
9 13 24 21 37 12 16 29 5 49 
20 13
6 32 29 37 11 34 27 23 8 16 44 35 19 
19 8
26 11 18 17 39 14 20 34 
14 7
16 49 19 42 12 10 0 
49 6
24 46 48 2 14 40 
29 10
5 43 9 28 30 20 40 0 15 12 
12 10
33 26 1 37 42 38 47 14 40 29 
13 4
40 17 15 10 
10 14
3 42 41 2 38 13 15 35 47 33 28 0 22 14 
27 7
46 23 20 48 25 43 47 
47 9
38 44 46 6 10 12 48 28 27 
11 7
21 20 22 19 35 4 43 
46 9
25 17 27 26 37 49 47 39 16 
16 14
44 22 15 40 20 31 46 7 14 37 42 6 30 32 
3 5
32 39 1 42 10 
7 7
0 2 17 16 43 4 22 
22 14
21 39 36 7 17 31 24 11 16 10 42 30 32 25 
39 8
6 3 19 35 15 46 41 22 
34 5
43 24 15 20 19 
