50
48 2
15 17 
17 3
33 3 48 
15 3
48 9 27 
24 3
47 12 28 
28 10
22 29 42 35 8 3 18 31 9 24 
12 9
42 24 9 27 30 36 18 34 20 
31 5
49 44 28 41 25 
25 6
5 13 0 14 27 31 
41 6
40 7 32 29 26 31 
44 4
31 33 4 3 
13 4
46 45 25 5 
5 8
25 36 19 26 35 7 13 1 
45 3
8 13 18 
46 4
13 7 2 0 
0 6
29 10 26 25 33 46 
2 8
6 32 37 46 27 3 43 49 
7 4
5 41 46 22 
8 4
33 45 28 1 
1 4
33 8 5 11 
37 2
2 9 
9 7
15 28 38 12 19 37 32 
18 8
38 33 23 14 19 45 12 28 
19 6
10 27 9 21 5 18 
14 4
23 18 25 42 
33 12
42 17 27 23 18 1 3 21 8 44 0 10 
10 9
11 19 26 20 40 29 0 33 23 
21 8
38 19 33 29 39 22 49 43 
3 8
11 33 44 28 17 35 2 42 
23 5
14 36 18 33 10 
27 9
19 2 25 4 49 16 33 12 15 
30 2
12 22 
22 5
28 21 47 7 30 
6 3
16 2 39 
39 5
4 21 40 6 38 
42 7
12 33 4 47 28 3 14 
35 4
28 3 5 36 
11 3
10 3 1 
38 5
18 43 21 9 39 
40 3
41 10 39 
4 4
42 39 27 44 
20 2
10 12 
43 3
2 38 21 
36 4
23 5 12 35 
16 4
6 34 27 49 
49 5
21 31 27 2 16 
29 5
0 10 28 21 41 
26 4
5 10 0 41 
32 3
41 2 9 
47 3
24 42 22 
34 2
16 12 
