20
8 6
14 15 7 18 9 2 
2 9
11 12 19 0 18 1 9 6 8 
9 11
13 8 16 14 11 6 10 0 19 2 1 
0 6
14 6 2 9 17 13 
13 6
9 11 0 1 18 3 
17 9
6 7 1 18 4 12 10 15 0 
1 12
12 13 11 16 18 19 2 6 17 9 15 10 
19 7
1 5 11 10 15 2 9 
6 10
4 16 18 1 17 9 12 2 0 15 
11 9
4 1 14 19 2 15 13 9 16 
14 9
8 7 11 0 15 10 5 3 9 
16 6
10 1 6 9 12 11 
10 10
19 15 16 7 17 9 12 1 5 14 
3 3
4 14 13 
12 8
1 2 17 15 10 6 7 16 
5 6
19 14 15 10 4 7 
7 8
17 14 15 10 8 18 5 12 
4 6
6 11 17 18 3 5 
15 11
10 8 7 17 19 11 12 1 5 14 6 
18 8
4 8 17 1 6 2 7 13 
