30
20 9
5 14 4 8 2 24 29 6 23 
23 6
13 11 15 0 17 20 
6 10
7 18 11 15 10 0 12 28 20 16 
29 6
18 8 25 20 14 0 
24 10
22 12 19 2 26 10 3 20 27 13 
2 12
26 25 5 1 18 14 20 17 28 0 24 21 
8 11
16 25 21 12 29 7 20 1 22 4 17 
4 7
27 20 25 15 0 7 8 
1 10
12 25 28 17 27 2 19 8 18 11 
11 9
19 22 23 10 15 17 6 12 1 
18 9
17 6 13 2 29 10 15 0 1 
19 8
24 11 14 0 1 5 27 9 
27 10
17 14 4 16 12 1 13 24 21 19 
17 8
2 11 18 1 27 9 23 8 
22 9
3 13 14 28 11 24 21 26 8 
26 9
14 2 3 28 24 25 0 15 22 
21 7
5 8 13 7 22 2 27 
28 9
9 1 3 25 26 2 22 6 12 
14 9
5 20 27 22 26 19 2 12 29 
9 8
5 3 16 28 17 19 7 13 
13 10
7 23 22 16 18 3 27 9 21 24 
16 8
8 7 13 5 3 27 9 6 
7 8
6 13 9 21 16 8 4 25 
25 10
8 1 28 4 29 0 10 2 26 7 
10 8
18 6 15 0 11 24 12 25 
12 11
8 1 5 3 27 28 14 24 11 10 6 
0 11
23 19 2 26 4 10 15 29 18 25 6 
15 9
23 6 11 4 10 0 5 18 26 
3 9
22 26 12 24 9 28 16 5 13 
5 10
9 15 14 20 21 12 16 3 2 19 
