30
11 4
18 19 2 6 
6 2
17 11 
20 8
0 8 14 28 26 1 3 4 
4 4
18 2 20 14 
3 6
21 26 2 14 20 16 
1 2
13 20 
26 7
25 3 5 18 20 23 10 
27 3
12 14 9 
9 5
23 0 10 18 27 
13 7
1 2 24 21 12 0 15 
15 3
25 24 13 
12 3
27 29 13 
21 5
3 5 7 13 24 
2 5
3 11 4 22 13 
29 3
14 12 8 
8 6
20 16 17 18 25 29 
22 7
23 16 5 14 17 2 19 
19 3
11 25 22 
17 7
28 10 8 18 5 22 6 
18 8
11 7 4 26 17 9 16 8 
24 4
13 28 15 21 
23 5
22 25 26 9 28 
28 5
5 17 24 20 23 
0 4
9 20 13 7 
7 4
18 21 10 0 
5 5
26 22 21 28 17 
10 6
14 16 17 9 26 7 
14 8
3 10 29 20 25 22 27 4 
25 6
15 26 19 23 14 8 
16 5
10 8 22 18 3 
