50
18 4
3 38 30 46 
46 4
27 41 1 18 
30 6
42 1 18 37 2 47 
38 8
28 14 45 4 10 18 33 23 
29 8
13 2 48 23 39 40 43 12 
12 5
44 33 42 48 29 
43 7
23 28 9 5 47 42 29 
40 4
33 26 28 29 
39 8
26 37 9 41 1 32 15 29 
23 11
47 43 20 33 16 22 29 0 9 5 38 
48 13
21 28 26 2 22 12 49 44 33 29 0 15 14 
24 5
26 4 11 33 36 
36 4
15 47 22 24 
33 10
40 32 49 23 24 38 12 2 19 48 
2 8
33 37 48 30 29 15 35 26 
26 6
24 48 13 40 39 2 
15 5
36 44 39 48 2 
25 8
42 20 41 16 21 1 45 35 
35 6
2 14 1 25 32 11 
1 6
46 7 35 30 39 25 
21 6
48 19 0 10 41 25 
16 7
32 31 25 19 23 4 3 
10 3
20 38 21 
4 5
24 28 31 38 16 
41 5
25 46 39 20 21 
32 5
33 16 8 39 35 
42 7
44 25 30 34 43 12 3 
44 6
15 42 12 19 48 37 
37 7
3 39 28 2 45 30 44 
19 9
3 6 31 21 14 16 44 33 22 
34 4
45 42 22 7 
7 3
1 27 34 
22 7
27 48 28 23 36 19 34 
14 5
5 38 35 19 48 
45 6
34 3 38 25 8 37 
28 11
38 4 43 40 11 37 48 17 31 22 13 
3 8
17 45 19 18 5 37 16 42 
8 5
13 45 49 32 6 
6 4
19 49 5 8 
49 6
33 8 6 9 48 0 
27 5
20 46 7 13 22 
20 5
25 27 23 10 41 
11 3
24 28 35 
9 5
49 43 17 39 23 
5 5
14 3 43 23 6 
0 4
48 23 21 49 
47 4
23 36 30 43 
31 5
19 16 13 4 28 
13 6
8 29 26 31 28 27 
17 3
3 9 28 
