50
48 2
7 36 
36 3
23 40 48 
43 5
12 45 20 34 47 
47 10
6 27 9 35 40 22 29 1 18 43 
18 1
47 
38 3
6 29 11 
11 4
13 20 31 38 
19 3
35 33 1 
1 4
20 47 9 19 
24 5
10 12 41 44 46 
46 7
12 13 27 20 22 23 24 
44 2
24 6 
6 6
2 20 38 47 4 44 
12 5
43 9 46 24 29 
29 6
0 26 38 47 12 16 
13 4
11 46 31 27 
27 8
47 46 33 45 0 3 32 13 
16 1
29 
37 2
45 35 
35 5
33 19 47 37 14 
22 2
46 47 
7 4
10 28 48 32 
32 2
27 7 
10 5
7 23 24 28 33 
33 6
35 45 19 27 28 10 
39 2
17 15 
15 7
30 45 42 5 8 49 39 
31 3
8 13 11 
20 10
1 0 6 25 8 46 11 43 4 30 
49 1
15 
8 6
31 41 26 15 20 34 
5 1
15 
42 5
14 26 9 15 25 
45 7
43 33 37 27 15 41 2 
30 4
15 4 40 20 
4 4
30 20 17 6 
3 1
27 
0 5
20 2 29 25 27 
14 2
42 35 
40 3
47 30 36 
9 4
12 42 47 1 
28 3
7 10 33 
23 3
10 36 46 
41 4
34 8 24 45 
17 2
39 4 
2 5
0 6 26 45 21 
25 3
0 20 42 
21 2
2 26 
34 3
41 43 8 
26 5
29 42 2 8 21 
