50
9 7
8 38 30 36 42 24 26 
26 3
43 8 9 
24 9
30 2 45 6 44 46 9 5 34 
42 9
3 25 38 12 43 48 31 9 41 
36 6
19 0 17 9 18 37 
30 8
3 9 37 24 19 39 8 46 
43 10
40 26 35 16 44 42 29 10 27 47 
47 8
32 27 45 38 21 4 43 12 
27 11
22 12 31 48 14 37 11 47 43 38 1 
10 8
35 20 29 48 43 41 23 22 
29 8
25 10 0 19 12 43 7 44 
44 9
23 7 3 33 43 40 24 29 19 
35 13
10 15 39 19 45 49 43 1 3 18 32 33 16 
49 8
34 4 22 25 35 45 28 16 
16 7
18 48 22 25 35 43 49 
28 7
17 19 23 49 18 5 41 
45 11
47 49 22 13 19 35 24 0 15 46 40 
41 7
25 46 8 37 10 28 42 
31 6
27 34 39 40 42 33 
12 10
25 27 8 33 46 42 47 29 14 39 
38 6
47 42 19 32 9 27 
3 6
30 42 44 8 46 35 
5 7
4 34 14 28 19 8 24 
8 9
9 30 12 41 0 3 5 26 39 
19 12
29 28 36 30 25 38 45 35 14 5 33 44 
14 9
12 5 32 17 27 19 4 23 15 
34 6
49 31 5 15 7 24 
32 9
47 17 14 37 15 22 23 38 35 
7 6
44 37 34 29 2 25 
0 8
36 8 13 45 15 29 6 11 
1 6
35 39 20 27 48 21 
11 3
48 27 0 
37 10
33 30 36 2 27 32 7 41 13 4 
48 8
40 42 16 27 11 21 10 1 
33 9
37 23 20 12 44 46 19 35 31 
18 6
28 40 16 46 36 35 
39 9
31 1 40 35 2 30 25 12 8 
4 9
5 15 6 49 47 14 22 37 46 
13 5
0 22 17 45 37 
2 5
23 24 37 39 7 
46 12
41 15 22 30 33 18 3 45 24 17 4 12 
6 5
25 23 4 24 0 
25 11
19 12 42 29 6 49 22 39 16 41 7 
22 12
27 23 15 10 25 16 46 49 4 45 13 32 
20 4
10 15 33 1 
17 8
28 40 14 32 21 36 13 46 
23 10
10 22 44 33 2 28 21 14 6 32 
15 10
4 46 22 32 34 14 20 35 45 0 
40 9
43 18 48 17 31 44 39 21 45 
21 6
47 23 48 17 40 1 
