100
97 5
16 34 58 86 9 
9 7
88 22 74 48 84 80 97 
86 4
85 97 70 10 
58 7
92 18 91 15 63 97 23 
34 5
97 96 8 33 88 
16 7
97 7 41 54 61 0 91 
77 3
25 59 88 
88 8
9 13 34 82 67 0 52 77 
59 4
51 25 77 13 
25 9
77 69 74 59 66 80 13 39 10 
98 4
56 96 5 82 
82 4
15 88 8 98 
5 5
45 13 28 17 98 
96 10
1 65 30 23 34 90 98 56 78 75 
56 5
8 96 98 20 32 
39 4
66 94 25 67 
67 6
85 88 22 26 39 1 
94 5
39 49 52 99 21 
66 6
39 60 25 54 57 4 
91 5
58 55 35 44 16 
0 7
33 16 21 62 72 88 26 
61 4
1 51 4 16 
54 8
31 42 90 18 66 2 16 7 
41 11
78 84 24 73 81 93 16 46 68 62 50 
7 6
19 15 16 54 65 83 
32 6
57 28 21 11 35 56 
35 5
18 65 91 40 32 
11 4
83 28 31 32 
21 9
65 81 32 94 92 90 15 0 33 
28 12
10 38 72 32 43 49 11 84 52 5 3 40 
57 9
15 70 64 53 32 55 65 66 33 
20 3
90 56 43 
43 5
23 18 28 13 20 
90 9
54 20 21 78 8 96 76 17 27 
10 6
76 28 17 14 25 86 
70 4
44 18 86 57 
85 10
52 50 67 2 86 47 78 3 46 13 
13 12
48 85 89 59 26 5 25 88 95 43 14 79 
51 6
14 6 59 61 2 76 
1 5
96 61 38 27 67 
26 8
13 67 73 0 87 31 12 76 
22 9
36 55 63 76 9 67 81 38 18 
50 4
85 55 69 41 
69 7
23 3 83 25 50 93 84 
55 9
18 22 65 57 30 50 91 87 75 
23 5
62 69 43 58 96 
62 3
23 0 41 
24 4
47 78 83 41 
83 5
69 11 78 24 7 
78 14
96 72 29 76 63 3 85 41 90 64 83 24 65 73 
47 4
24 85 15 68 
46 6
53 99 92 60 41 85 
3 6
4 28 85 69 2 78 
2 6
74 85 3 89 51 54 
52 8
85 28 40 19 94 88 95 44 
18 8
35 70 54 55 58 43 22 36 
38 5
71 1 28 87 22 
81 3
21 41 22 
76 9
72 10 15 22 26 99 78 51 90 
63 6
22 78 93 31 74 58 
36 3
22 75 18 
75 6
49 30 36 96 55 37 
37 4
30 40 87 75 
30 6
84 37 96 75 72 55 
49 5
94 75 27 28 60 
99 6
27 46 76 42 94 19 
80 3
25 15 9 
15 10
82 57 58 47 76 74 7 80 21 40 
8 9
95 56 79 6 82 14 90 34 53 
40 7
33 37 31 28 52 35 15 
74 6
2 15 29 63 25 9 
17 5
90 65 10 93 5 
45 3
5 93 65 
84 9
30 65 28 9 41 60 14 89 69 
48 4
93 13 68 9 
31 6
40 54 6 26 11 63 
93 6
48 17 69 45 63 41 
60 6
84 71 46 92 66 49 
92 6
46 33 19 58 21 60 
71 3
38 79 60 
19 5
7 92 52 99 29 
33 8
0 40 34 92 21 57 42 27 
14 6
51 8 84 68 13 10 
68 6
65 14 48 41 47 6 
27 6
49 99 73 90 1 33 
72 5
76 78 30 0 28 
29 3
78 74 19 
64 5
57 78 79 53 44 
65 14
57 45 68 79 12 21 84 96 35 87 78 55 17 7 
73 4
27 41 78 26 
79 5
65 64 8 71 13 
12 3
65 53 26 
87 6
65 55 38 37 26 53 
4 4
3 66 53 61 
44 4
70 91 52 64 
53 7
57 64 4 46 8 12 87 
42 3
54 99 33 
89 3
13 2 84 
6 4
51 8 31 68 
95 3
8 13 52 
