100
52 1
2 
2 3
75 33 52 
34 3
7 6 97 
97 4
83 33 74 34 
89 1
65 
65 11
47 28 68 66 63 61 69 73 94 39 89 
9 2
75 74 
74 3
4 97 9 
16 2
83 29 
29 3
13 59 16 
32 2
37 82 
82 4
57 5 49 32 
40 1
38 
38 5
35 26 56 14 40 
5 4
48 18 82 11 
11 2
59 5 
0 2
33 10 
10 2
26 0 
33 5
0 39 97 2 58 
77 1
75 
75 9
59 44 9 58 47 2 93 77 90 
18 4
31 70 5 3 
3 3
51 1 18 
25 1
84 
84 4
95 71 99 25 
64 1
36 
36 6
83 92 60 13 80 64 
78 2
79 80 
80 5
26 23 36 78 79 
4 3
74 45 81 
81 2
68 4 
15 3
8 55 1 
1 4
3 42 46 15 
48 2
5 95 
95 5
21 84 31 48 44 
88 2
83 39 
39 4
55 33 65 88 
60 2
36 17 
17 4
6 7 92 60 
7 5
41 20 34 12 17 
94 2
65 57 
57 2
82 94 
24 1
93 
93 3
43 75 24 
70 2
18 8 
8 3
15 63 70 
66 2
65 51 
51 3
66 3 53 
54 1
28 
28 7
87 65 22 83 31 54 6 
98 2
68 46 
46 2
98 1 
68 5
65 35 19 81 98 
49 2
87 82 
23 1
80 
41 3
7 73 21 
21 4
95 87 41 71 
6 5
43 34 17 28 45 
31 3
18 28 95 
83 8
16 56 88 36 28 97 67 92 
22 2
14 28 
87 6
28 13 49 43 21 12 
42 3
1 63 91 
91 2
42 30 
63 5
65 42 86 8 96 
79 3
78 55 80 
26 3
38 80 10 
71 5
90 21 84 47 72 
72 1
71 
47 4
62 65 71 75 
92 4
17 12 36 83 
53 1
51 
45 2
4 6 
96 1
63 
86 2
63 20 
56 3
13 83 38 
67 2
83 55 
19 2
58 68 
35 4
73 68 38 50 
12 3
92 87 7 
73 3
35 41 65 
61 2
65 27 
30 1
91 
43 4
6 93 37 87 
13 5
36 56 87 29 76 
50 2
35 69 
27 1
61 
14 2
22 38 
69 2
65 50 
44 3
75 95 62 
37 3
43 32 59 
59 5
29 11 37 75 85 
58 3
19 75 33 
76 1
13 
90 2
71 75 
62 2
47 44 
55 4
39 15 79 67 
99 1
84 
20 2
7 86 
85 1
59 
