30
4 11
20 7 15 0 17 28 11 21 3 23 16 
16 8
6 7 13 14 9 19 4 25 
23 7
6 17 25 4 10 8 19 
3 12
5 25 28 17 9 27 4 8 0 15 10 20 
21 12
14 20 12 26 4 10 29 0 28 9 27 13 
11 7
13 22 20 4 19 26 28 
28 14
15 4 17 9 12 14 26 10 11 24 21 6 3 25 
17 9
3 2 19 4 23 22 28 14 0 
22 9
11 0 19 1 17 12 25 6 7 
7 6
4 20 16 8 24 22 
6 12
16 25 28 27 5 18 29 10 2 26 23 22 
25 9
28 20 6 12 23 22 3 1 16 
12 9
2 26 21 24 22 15 27 28 25 
1 8
29 8 9 14 22 25 5 18 
19 6
0 11 17 22 23 16 
9 10
24 21 0 13 1 3 28 27 16 8 
8 7
27 9 1 3 18 7 23 
27 10
13 14 6 8 3 12 9 24 21 0 
13 7
16 27 9 5 2 11 21 
18 5
24 6 8 0 1 
15 8
4 28 26 12 29 10 3 5 
24 10
14 18 5 9 28 27 10 12 7 2 
26 9
12 6 15 10 21 11 5 28 20 
20 10
4 25 7 11 21 2 26 0 10 3 
5 8
14 24 6 1 3 26 13 15 
10 12
28 21 24 20 14 3 0 29 15 26 23 6 
14 11
5 1 2 16 24 21 27 17 28 0 10 
29 5
1 6 21 15 10 
2 7
12 17 6 14 20 13 24 
0 12
19 22 4 14 20 9 27 17 10 21 3 18 
