50
22 11
3 18 48 30 21 15 29 8 44 16 33 
33 7
39 15 0 3 45 28 22 
29 5
47 43 26 22 15 
15 12
41 45 38 33 22 49 20 18 27 17 10 29 
46 6
8 14 20 36 5 12 
12 6
17 7 39 1 37 46 
5 4
42 32 46 19 
19 9
14 45 24 23 16 27 48 4 5 
28 8
13 30 17 48 43 16 33 1 
4 5
34 14 42 37 19 
1 4
41 13 12 28 
36 4
25 46 49 13 
13 5
1 28 32 36 34 
38 4
35 15 7 30 
30 4
22 28 8 38 
40 8
45 35 0 8 42 11 9 17 
17 8
12 6 28 27 35 37 15 40 
0 8
25 40 39 33 16 32 31 24 
24 5
19 2 49 39 0 
31 4
6 25 0 44 
32 5
23 5 0 2 13 
16 10
7 22 28 9 47 2 19 0 34 20 
9 7
3 26 6 27 16 40 39 
39 6
12 41 24 33 0 9 
27 9
6 19 15 17 9 7 44 8 42 
11 7
10 35 21 44 40 48 25 
25 5
36 48 31 0 11 
48 8
22 25 19 35 28 18 10 11 
10 6
15 11 2 7 6 48 
7 7
34 16 12 10 47 38 27 
41 5
15 42 1 39 6 
6 9
3 27 17 31 9 10 8 20 41 
43 2
29 28 
2 6
16 34 10 24 32 23 
23 3
32 19 2 
20 4
15 46 16 6 
3 7
22 9 6 45 34 33 42 
42 6
41 4 40 27 5 3 
8 6
46 40 6 27 22 30 
45 8
15 19 37 3 33 47 40 14 
14 5
4 46 19 45 37 
47 7
29 34 7 16 26 45 21 
26 4
9 29 47 49 
49 4
24 15 36 26 
34 7
2 4 47 16 3 7 13 
37 5
45 4 17 14 12 
21 3
22 11 47 
35 5
40 38 11 17 48 
18 3
22 48 15 
44 4
11 22 27 31 
