30
13 6
16 25 11 6 28 9 
9 11
8 18 1 6 12 4 28 27 14 13 21 
28 7
14 13 16 8 9 17 15 
6 9
2 9 17 1 10 0 29 13 4 
11 10
12 3 4 13 24 15 10 29 19 22 
25 4
3 13 4 27 
15 5
22 8 11 10 28 
10 13
14 12 23 27 4 11 24 6 18 1 7 15 0 
29 4
27 1 11 6 
1 7
9 6 3 5 29 10 2 
27 10
14 16 22 29 10 0 7 18 25 9 
18 8
10 16 8 26 2 9 27 5 
7 7
19 21 5 3 27 17 10 
0 8
12 21 2 4 27 6 20 10 
22 8
15 23 17 27 4 5 21 11 
19 5
7 16 17 11 24 
24 7
12 11 17 10 8 2 19 
17 12
24 26 19 8 16 7 3 5 6 22 23 28 
16 9
18 13 23 14 19 27 28 17 12 
4 11
14 20 21 11 9 10 0 25 22 6 26 
3 9
25 11 26 2 17 23 1 5 7 
5 8
2 12 1 3 18 7 22 17 
2 10
0 6 26 5 3 18 1 14 21 24 
26 9
17 3 18 12 20 14 2 21 4 
8 6
15 18 9 17 28 24 
21 8
4 14 0 7 2 26 9 22 
14 10
4 20 10 21 27 28 9 16 26 2 
12 9
23 0 10 24 11 5 9 26 16 
20 4
14 4 26 0 
23 6
12 22 10 16 3 17 
