30
29 5
1 9 19 13 10 
10 7
20 27 21 7 23 22 29 
24 6
25 19 14 16 1 22 
22 12
14 9 8 16 4 6 26 2 18 25 24 10 
20 8
10 14 11 8 16 13 7 12 
12 10
6 0 1 21 25 16 2 9 17 20 
14 9
22 20 11 24 27 25 3 5 1 
1 6
29 12 24 14 7 5 
25 9
4 24 12 9 15 26 22 14 13 
26 8
19 13 25 9 16 8 22 23 
23 11
16 4 13 7 3 18 5 10 0 27 26 
8 10
11 22 20 15 17 27 28 7 13 26 
16 11
7 15 0 12 17 22 23 24 20 2 26 
9 12
21 29 15 22 25 7 18 12 19 26 17 27 
17 9
8 16 3 9 12 21 11 15 0 
27 8
10 8 4 6 14 5 23 9 
18 7
23 22 3 2 19 9 21 
5 6
7 14 27 23 3 1 
7 10
11 2 9 23 16 8 10 20 5 1 
19 10
9 24 13 26 2 29 15 18 4 6 
6 7
12 27 22 4 19 0 15 
4 7
25 23 22 6 19 27 28 
13 8
23 20 29 11 8 19 26 25 
2 8
7 12 21 11 22 16 19 18 
15 7
25 16 8 19 9 17 6 
3 6
14 23 11 17 5 18 
21 6
12 2 10 9 17 18 
11 9
8 14 20 3 2 7 13 28 17 
0 5
12 16 6 23 17 
28 3
11 8 4 
