50
42 8
47 12 6 27 28 45 34 21 
21 7
41 6 32 4 46 42 12 
34 5
6 5 24 45 42 
45 9
47 34 35 36 42 15 10 1 13 
28 6
9 4 43 42 46 6 
27 7
17 33 42 32 24 19 26 
6 5
21 34 19 42 28 
49 12
37 3 0 17 48 44 33 14 26 19 4 43 
43 9
0 3 22 8 46 12 38 49 28 
19 8
22 6 3 10 49 4 27 48 
14 4
0 49 24 23 
33 6
32 27 24 11 49 38 
44 8
38 31 8 7 49 3 5 32 
23 6
36 37 9 31 35 14 
35 9
25 5 13 23 24 37 45 2 17 
12 8
42 48 13 26 32 43 21 30 
46 10
8 22 0 10 21 9 28 18 5 43 
5 10
35 39 34 3 18 1 46 44 36 15 
9 8
23 22 36 28 46 10 29 40 
40 4
20 13 30 9 
29 4
37 25 38 9 
10 6
20 46 19 45 17 9 
38 8
13 1 15 29 43 16 44 33 
15 9
47 45 37 8 17 48 38 5 3 
1 7
36 39 2 45 38 5 47 
25 4
35 0 29 47 
48 5
12 49 7 15 19 
4 11
49 47 2 19 41 28 11 21 24 37 16 
41 5
22 21 37 17 4 
17 6
27 49 10 15 41 35 
37 8
23 39 29 15 41 35 49 4 
32 8
21 11 27 36 30 12 33 44 
30 3
40 32 12 
36 9
9 16 45 32 1 5 0 23 22 
26 5
49 16 11 12 27 
11 6
4 32 31 26 33 7 
24 9
13 35 20 34 14 4 8 33 27 
39 7
31 37 2 5 1 18 20 
20 6
10 24 2 22 40 39 
18 6
0 3 5 46 16 39 
7 4
13 44 48 11 
16 7
38 36 2 26 3 18 4 
22 8
19 41 46 9 31 20 43 36 
31 6
39 44 11 23 22 13 
0 7
46 14 43 49 18 25 36 
47 8
42 45 15 13 4 1 25 8 
2 6
16 39 20 4 1 35 
13 9
24 7 47 40 38 12 35 45 31 
3 8
5 18 19 44 16 49 43 15 
8 6
24 46 44 15 43 47 
