50
43 15
28 10 39 21 20 5 1 13 47 35 2 6 25 32 31 
10 15
3 43 4 44 20 13 29 40 39 48 41 27 9 32 30 
39 15
45 11 5 12 43 30 3 16 42 10 26 14 28 46 7 
47 11
25 44 35 43 0 34 20 31 17 5 1 
5 14
1 43 47 39 19 49 2 15 8 16 25 23 26 37 
1 11
27 29 37 46 40 32 49 43 47 25 5 
18 5
13 14 25 48 24 
24 10
36 13 8 15 35 19 42 17 31 18 
48 14
15 29 0 22 23 37 21 18 11 45 33 7 10 27 
25 13
27 47 43 26 11 7 8 34 23 5 18 1 38 
14 12
34 39 15 27 19 45 42 12 18 38 11 49 
29 11
1 22 36 10 0 15 40 34 35 19 48 
19 15
4 16 17 9 29 15 5 8 24 23 30 41 34 14 45 
34 20
14 19 16 45 41 49 46 7 28 38 30 25 23 9 22 0 40 29 47 35 
20 12
45 44 32 42 11 40 13 10 0 27 43 47 
27 14
13 28 48 35 45 20 26 14 10 8 6 32 25 1 
0 12
48 29 13 37 36 47 2 26 34 20 42 12 
13 12
24 18 10 0 43 20 22 23 27 28 17 7 
46 9
30 32 1 3 9 39 34 41 35 
35 13
29 6 24 43 4 47 12 42 34 28 31 27 46 
41 12
49 11 3 19 17 33 8 46 44 10 34 6 
17 9
15 41 13 24 37 4 47 49 19 
16 14
44 19 39 34 23 8 5 4 2 49 22 9 30 32 
2 9
0 43 32 5 23 30 45 31 16 
22 12
29 7 13 37 40 34 48 28 31 36 8 16 
8 11
22 32 27 24 37 19 16 25 5 41 49 
49 13
37 41 5 1 34 14 31 17 12 38 16 44 8 
38 9
37 42 14 34 9 31 49 33 25 
33 11
6 36 41 26 11 21 9 48 28 38 4 
31 16
6 43 42 22 38 24 37 7 3 49 2 45 47 35 30 32 
7 10
42 44 39 34 22 36 25 48 31 13 
28 15
35 27 13 39 34 12 11 33 44 9 22 43 36 30 45 
23 12
16 15 5 19 2 13 30 36 34 9 48 25 
26 11
27 45 25 39 36 33 44 0 37 42 5 
15 11
44 23 21 24 29 14 19 45 5 17 48 
45 14
39 32 2 19 26 14 34 20 48 28 31 27 15 4 
11 12
41 32 6 33 25 28 48 39 20 14 40 12 
30 15
44 37 2 6 19 39 34 46 28 31 23 16 3 4 10 
37 13
49 38 0 1 5 3 8 31 17 48 22 30 26 
21 5
15 33 48 43 4 
9 10
38 23 19 10 16 46 33 34 40 28 
40 11
1 34 20 22 12 29 10 9 32 6 11 
36 10
24 33 29 0 7 6 26 22 23 28 
6 13
33 31 27 35 11 43 12 42 3 30 36 40 41 
44 12
16 20 28 47 49 32 26 15 10 7 41 30 
12 10
35 28 14 40 39 0 49 11 6 32 
3 9
41 39 46 42 37 6 30 31 10 
4 10
17 19 45 35 30 32 10 16 33 21 
32 16
11 46 45 2 12 27 10 1 4 43 44 8 16 31 20 40 
42 12
7 39 20 14 0 3 6 38 24 35 26 31 
