20
3 8
2 11 4 5 16 9 17 0 
0 7
5 3 12 13 9 16 8 
17 8
10 14 8 12 7 4 18 3 
16 7
0 7 1 5 3 18 8 
5 9
13 6 8 16 0 15 18 3 9 
4 8
14 1 3 10 15 13 17 11 
8 11
5 1 12 19 2 17 9 15 0 16 6 
18 8
17 14 5 12 11 19 2 16 
9 6
2 7 0 8 3 5 
15 8
8 4 13 7 1 5 2 19 
2 10
9 3 18 1 15 10 7 8 12 14 
11 6
14 12 3 1 18 4 
12 10
8 11 18 1 7 0 10 19 2 17 
1 10
16 8 4 13 12 15 10 11 6 2 
14 6
4 18 11 17 13 2 
7 10
6 16 9 17 12 10 15 2 19 13 
10 7
17 12 4 1 13 7 2 
13 9
19 5 1 4 10 15 0 14 7 
19 7
18 6 8 15 12 13 7 
6 5
7 19 5 1 8 
