30
8 6
24 12 3 18 13 7 
7 4
29 4 5 8 
18 4
14 2 4 8 
3 9
12 13 6 25 21 2 19 4 8 
29 6
12 7 27 2 21 15 
15 5
20 13 27 10 29 
21 6
6 3 5 26 4 29 
13 10
15 6 8 11 28 9 17 3 5 2 
2 8
20 11 18 3 27 29 10 13 
5 6
0 6 21 26 7 13 
12 8
14 3 29 22 8 27 28 25 
25 6
24 6 12 22 3 1 
28 7
13 6 14 26 12 9 17 
4 8
10 7 16 11 21 18 3 23 
23 1
4 
9 8
26 10 6 13 24 28 27 16 
16 7
6 0 1 4 17 9 19 
27 8
12 6 2 9 24 15 29 0 
22 4
12 10 25 6 
6 12
16 13 21 3 5 19 26 9 27 28 25 22 
1 2
16 25 
17 4
16 13 28 14 
26 7
6 21 11 5 9 28 20 
0 4
5 16 14 27 
14 5
12 18 0 28 17 
10 6
4 9 15 22 2 20 
20 5
11 2 26 15 10 
19 3
6 3 16 
11 6
24 13 20 4 2 26 
24 5
8 11 25 9 27 
