50
43 3
47 40 9 
9 2
46 43 
24 1
48 
48 3
31 11 24 
8 1
31 
31 3
47 48 8 
29 1
18 
18 5
5 35 45 44 29 
46 5
30 16 9 25 21 
49 1
30 
30 4
32 46 49 12 
42 2
20 6 
6 7
20 40 36 22 5 15 42 
33 2
15 10 
10 3
36 33 27 
38 2
3 17 
17 1
38 
3 3
5 38 28 
27 3
47 14 10 
35 3
18 23 40 
40 4
43 6 19 35 
23 1
35 
47 5
1 43 22 27 31 
13 2
15 20 
20 4
42 6 22 13 
15 4
33 6 13 19 
19 3
40 15 41 
44 1
18 
45 1
18 
5 4
6 18 3 14 
11 1
48 
14 2
27 5 
41 2
19 2 
22 5
20 6 47 0 7 
7 1
22 
0 1
22 
1 2
47 37 
37 2
2 1 
36 5
4 6 32 26 10 
26 1
36 
32 3
36 30 34 
4 2
39 36 
39 1
4 
16 1
46 
21 1
46 
28 1
3 
12 1
30 
34 1
32 
2 2
41 37 
25 1
46 
