20
19 13
14 2 11 8 4 5 1 3 9 17 0 13 7 
7 11
4 8 9 17 3 1 6 11 15 2 19 
13 11
14 17 8 15 0 10 4 2 19 3 5 
0 11
4 12 10 11 8 13 19 3 1 5 14 
17 11
3 13 7 12 2 19 14 15 11 8 6 
3 14
12 14 13 5 18 2 0 1 9 7 17 19 6 8 
6 11
11 14 8 16 12 7 9 17 1 3 18 
18 8
4 16 3 15 10 12 11 6 
12 12
4 14 2 6 16 8 17 0 10 5 18 3 
14 12
19 13 11 12 6 16 9 17 1 3 15 0 
5 11
19 2 1 3 12 16 8 15 0 13 9 
1 12
14 9 6 19 2 3 5 16 7 4 10 0 
4 14
16 8 10 7 15 13 18 11 2 19 1 0 9 12 
16 13
11 2 9 6 14 12 8 15 10 18 5 1 4 
2 13
17 19 11 12 7 13 4 5 3 1 10 16 8 
9 12
6 19 14 4 7 8 16 11 10 1 3 5 
10 11
4 11 0 15 13 12 16 2 9 1 18 
11 14
18 8 16 7 17 4 6 19 2 9 0 10 15 14 
8 15
2 12 4 5 17 7 13 15 9 0 3 16 11 19 6 
15 11
14 11 10 5 18 16 8 17 4 13 7 
