30
24 9
2 19 26 8 9 17 27 22 21 
21 12
22 10 29 0 5 18 1 7 24 27 17 28 
22 11
17 28 27 5 18 25 21 24 11 10 15 
27 11
20 2 26 4 16 23 22 17 9 21 24 
17 17
3 19 13 25 24 21 12 23 11 18 5 26 8 27 22 0 9 
8 16
3 5 25 23 12 14 26 19 11 24 17 7 13 29 9 0 
26 10
15 18 2 27 17 9 16 8 23 24 
19 8
17 8 24 18 4 6 12 2 
28 5
12 22 10 4 21 
4 8
18 25 23 19 27 28 6 16 
10 8
7 21 28 18 22 15 29 0 
23 11
14 1 18 13 7 4 6 27 17 26 8 
16 7
6 1 0 27 12 26 4 
9 12
13 6 24 11 15 8 18 12 26 17 27 14 
2 7
24 27 26 19 15 3 18 
14 12
23 8 11 20 12 15 29 25 1 3 7 9 
7 12
12 29 10 0 8 18 1 23 21 13 6 14 
3 8
8 17 6 2 5 1 18 14 
1 11
25 23 16 12 14 7 18 3 5 11 21 
25 9
1 0 4 12 22 14 13 8 17 
29 7
7 21 14 8 0 10 6 
12 12
7 25 5 1 16 8 28 9 17 14 20 19 
20 5
15 27 14 12 11 
11 9
0 1 13 9 17 8 14 20 22 
6 9
3 16 9 23 19 15 29 7 4 
15 10
18 5 20 14 10 26 2 9 6 22 
13 8
17 9 8 11 23 25 7 18 
18 16
4 21 19 2 26 5 3 1 9 22 23 15 13 17 7 10 
0 10
25 8 16 5 7 17 11 21 29 10 
5 10
21 8 12 17 22 15 0 3 1 18 
