50
4 5
40 9 11 22 18 
18 4
9 1 3 4 
9 7
12 4 16 37 3 18 23 
23 6
12 11 7 1 28 9 
43 7
15 1 21 26 2 46 16 
16 7
39 42 9 46 15 24 43 
48 6
29 26 8 46 27 17 
17 6
36 15 5 3 24 48 
20 1
6 
6 4
1 12 11 20 
44 2
39 26 
26 7
43 48 11 1 3 30 44 
12 7
34 27 9 6 3 23 22 
22 10
25 4 30 3 13 7 41 29 45 12 
31 2
32 40 
40 8
4 46 14 29 7 36 28 31 
3 10
38 12 36 22 9 27 17 26 1 18 
2 4
47 43 8 14 
14 5
40 11 1 2 42 
25 4
22 34 10 35 
35 4
46 10 11 25 
10 7
30 42 28 1 35 38 25 
46 9
40 35 48 16 29 36 43 49 32 
32 7
7 37 31 27 0 29 46 
27 8
8 12 3 32 48 49 37 24 
24 5
27 28 17 8 16 
49 5
36 46 29 27 37 
28 8
42 1 15 10 40 30 23 24 
41 2
7 22 
42 5
28 10 16 39 14 
37 9
13 32 36 29 27 9 11 5 49 
29 9
48 45 37 40 46 36 22 32 49 
36 8
17 49 3 29 37 33 46 40 
1 10
18 3 43 28 6 10 19 26 23 14 
19 3
7 33 1 
45 5
29 47 30 22 8 
7 9
19 32 11 15 41 23 22 40 47 
13 8
5 37 21 11 33 22 38 34 
0 4
32 39 21 15 
15 9
43 17 28 7 38 16 33 0 39 
34 3
12 25 13 
38 6
3 13 21 11 15 10 
33 4
36 13 19 15 
39 6
16 44 42 11 0 15 
11 12
4 37 26 35 7 13 23 14 39 38 5 6 
5 4
13 17 37 11 
8 5
27 48 24 2 45 
47 4
45 2 7 21 
21 5
13 0 38 43 47 
30 5
10 28 22 45 26 
