30
24 14
2 21 10 27 11 18 3 16 25 17 28 7 19 6 
19 11
28 9 0 15 12 8 11 24 18 5 1 
21 11
16 20 14 28 13 5 18 3 26 2 24 
11 12
29 14 2 19 23 4 12 24 7 13 18 3 
27 8
4 23 3 6 7 13 24 2 
28 9
3 19 2 23 6 24 21 16 10 
10 7
22 8 24 2 14 17 28 
16 17
21 12 13 15 28 8 23 9 0 22 14 3 5 18 4 6 24 
9 9
16 3 4 14 17 19 26 2 13 
13 9
16 11 21 27 9 14 20 15 29 
2 13
4 20 26 7 15 10 24 11 21 23 28 27 9 
26 10
2 21 7 25 17 9 1 3 0 29 
17 8
12 14 24 26 0 10 15 9 
14 14
4 16 22 9 7 17 10 13 29 20 21 11 18 23 
1 7
15 25 22 3 20 26 19 
20 12
8 22 2 21 29 0 15 14 18 1 7 13 
22 11
10 14 20 23 6 8 16 7 1 5 18 
18 9
15 19 20 14 16 11 24 21 22 
5 7
21 29 4 19 16 8 22 
7 13
20 14 11 24 27 2 26 8 6 3 23 22 12 
6 9
24 16 25 27 28 22 7 0 15 
15 11
13 18 1 20 29 2 19 16 8 17 6 
0 8
17 25 26 19 6 20 12 16 
12 8
17 16 11 29 0 19 3 7 
3 11
9 28 27 1 7 12 26 24 21 11 16 
29 9
20 14 12 11 5 15 13 26 25 
25 7
1 24 8 6 26 0 29 
8 10
20 23 22 25 5 7 16 19 10 15 
4 7
2 5 11 27 9 16 14 
23 9
14 22 11 27 28 7 2 8 16 
