50
24 10
13 26 33 44 21 36 48 27 9 6 
6 12
28 48 31 16 8 7 41 22 14 20 34 24 
9 11
8 30 47 49 31 21 24 5 2 35 45 
36 12
42 1 40 34 24 0 33 27 28 48 25 35 
34 10
5 38 36 0 43 19 2 48 6 20 
20 11
18 6 19 15 29 4 28 23 25 41 34 
48 10
6 24 7 35 33 22 36 34 4 47 
2 10
35 41 7 18 8 12 11 34 9 31 
43 8
42 44 8 13 21 34 0 15 
0 16
29 41 47 28 45 25 30 43 36 23 3 16 44 5 34 14 
14 10
6 47 23 27 5 26 7 41 0 29 
29 9
4 3 46 32 0 17 21 20 14 
41 15
8 11 35 2 45 5 15 14 20 0 22 17 27 6 25 
26 9
24 37 1 15 22 4 49 14 39 
5 14
34 16 44 38 14 37 41 10 35 11 18 9 0 1 
27 11
3 47 41 14 37 24 11 36 30 25 42 
1 11
5 11 26 36 15 46 4 49 47 31 25 
25 12
0 41 8 16 20 3 18 1 17 27 11 36 
31 12
42 13 32 6 11 19 2 22 44 16 9 1 
47 10
45 1 14 40 39 0 9 27 48 22 
35 14
10 41 19 8 36 23 30 4 2 49 3 5 9 48 
28 12
6 38 12 11 40 20 23 22 36 30 0 13 
33 10
15 13 24 37 11 48 46 22 36 19 
4 12
29 23 40 20 1 26 35 49 16 8 13 48 
16 16
40 38 0 25 32 6 19 4 5 11 18 7 17 31 42 12 
38 9
34 49 28 17 37 5 3 16 12 
11 14
12 19 2 5 1 25 44 16 33 31 28 39 27 41 
37 13
32 27 17 40 38 3 5 26 45 19 33 8 15 
10 8
42 35 30 22 39 17 5 18 
12 13
11 42 8 16 28 18 7 39 40 30 45 2 38 
3 14
38 25 49 17 46 44 18 35 37 22 0 29 42 27 
17 11
3 39 37 41 44 46 16 38 25 29 10 
15 14
20 41 13 43 49 39 22 1 30 32 37 26 44 33 
21 13
46 9 42 24 45 19 22 30 43 13 7 29 18 
13 15
45 21 7 28 31 18 4 43 49 15 40 30 8 33 24 
8 15
41 7 23 37 4 43 35 2 13 40 6 32 25 9 12 
19 12
20 34 7 21 37 11 31 35 18 46 16 33 
45 10
32 22 13 41 47 12 21 37 0 9 
23 10
28 30 0 4 49 35 8 14 20 39 
42 13
10 43 21 12 32 16 36 30 22 18 3 31 27 
30 13
46 35 23 13 21 42 12 28 9 27 10 15 0 
18 14
13 20 21 44 19 25 2 49 16 3 5 12 10 42 
39 15
12 26 44 23 22 11 10 40 15 49 47 17 46 7 32 
7 11
6 48 12 19 2 14 39 21 13 16 8 
49 14
39 3 18 26 35 13 15 1 9 46 4 23 38 32 
22 17
48 45 44 47 15 40 39 6 31 28 21 26 41 42 10 33 3 
40 11
4 47 28 37 13 12 16 8 39 36 22 
32 11
37 45 49 31 15 29 39 42 8 16 44 
46 10
30 21 19 29 33 49 1 3 17 39 
44 13
43 22 17 31 18 5 3 15 0 24 11 39 32 
