30
9 5
22 8 7 12 29 
29 9
5 0 7 13 26 2 20 24 9 
12 8
0 7 21 1 9 17 2 26 
26 3
29 2 12 
17 5
20 11 24 12 23 
8 6
9 2 3 22 7 16 
16 5
13 2 20 18 8 
7 8
25 20 18 9 12 29 15 8 
22 7
14 9 4 15 24 11 8 
3 6
28 27 10 24 1 8 
28 4
3 25 4 10 
10 7
18 3 15 27 28 6 4 
27 7
13 3 10 24 20 14 25 
25 6
7 21 15 18 28 27 
14 6
22 24 21 27 20 5 
24 9
22 14 11 3 18 27 17 29 19 
4 7
19 22 21 28 10 0 13 
6 3
13 18 10 
15 5
22 25 18 7 10 
11 5
17 22 1 24 21 
21 7
4 25 2 13 14 12 11 
1 5
12 5 3 2 11 
18 11
6 7 23 16 25 19 2 10 15 0 24 
19 3
4 18 24 
2 9
13 16 8 21 26 12 29 18 1 
23 2
18 17 
0 4
12 29 18 4 
13 8
6 27 16 2 20 21 29 4 
5 3
1 29 14 
20 7
27 17 7 13 16 29 14 
