100
12 3
57 88 44 
44 6
20 77 79 12 9 86 
88 9
81 3 79 12 76 16 28 21 15 
57 2
12 29 
25 3
73 24 31 
31 3
70 67 25 
24 3
89 8 25 
73 4
25 61 39 67 
65 2
30 92 
92 4
36 65 61 98 
30 4
65 63 61 82 
7 2
23 28 
28 4
78 64 88 7 
23 6
96 14 7 80 19 75 
87 3
80 64 58 
58 2
37 87 
64 5
75 28 61 83 87 
80 6
77 87 26 23 27 68 
67 6
31 18 94 10 63 73 
39 4
82 8 52 73 
61 10
48 53 64 30 73 45 82 55 68 92 
6 2
38 20 
20 5
44 85 77 6 91 
38 4
6 0 68 66 
33 2
16 5 
5 5
90 54 35 93 33 
16 8
42 33 51 95 88 45 71 0 
74 2
13 32 
32 3
18 50 74 
13 4
55 74 11 45 
45 10
82 15 61 8 16 27 93 53 13 95 
11 3
13 78 34 
55 2
13 61 
51 3
85 16 82 
82 10
39 83 66 45 97 61 63 4 51 30 
85 5
20 98 72 99 51 
41 3
4 68 71 
71 5
59 4 47 41 16 
68 5
38 61 41 80 27 
4 8
46 78 37 59 71 41 82 18 
27 8
47 90 36 80 45 68 79 48 
76 2
88 46 
46 4
4 63 96 76 
1 3
34 10 75 
75 4
64 29 23 1 
10 3
1 67 35 
34 5
40 14 1 62 11 
14 2
23 34 
84 2
19 56 
56 4
62 42 77 84 
19 5
84 26 54 23 42 
63 5
67 30 82 54 46 
37 5
93 9 58 4 79 
9 4
37 78 44 29 
29 4
75 9 97 57 
78 6
66 28 9 21 11 4 
93 4
37 5 43 45 
43 2
91 93 
79 5
88 44 62 37 27 
96 4
98 54 23 46 
49 3
69 59 22 
22 5
2 0 54 94 49 
59 5
71 49 4 72 90 
69 3
49 26 3 
54 6
96 63 77 22 5 19 
18 4
32 86 4 67 
86 3
60 18 44 
15 2
45 88 
97 3
29 90 82 
66 5
78 82 99 81 38 
83 3
82 64 17 
89 3
24 8 62 
62 5
56 79 34 40 89 
8 5
89 24 45 26 39 
98 3
96 92 85 
52 2
81 39 
81 3
52 88 66 
42 4
56 16 19 72 
72 3
85 42 59 
26 5
19 69 80 77 8 
77 7
80 54 50 26 44 20 56 
50 5
0 70 77 32 2 
0 4
22 50 38 16 
95 2
16 45 
21 2
78 88 
3 4
35 69 88 36 
99 2
85 66 
47 2
27 71 
36 3
92 27 3 
17 2
53 83 
53 3
17 61 45 
40 3
34 60 62 
60 2
86 40 
91 3
43 94 20 
2 2
22 50 
94 3
91 67 22 
48 2
61 27 
35 3
3 5 10 
90 4
5 97 27 59 
70 2
31 50 
