50
38 7
30 28 9 39 44 25 45 
45 4
23 18 20 38 
25 7
2 28 31 17 9 39 38 
44 11
29 49 35 34 14 39 3 7 13 32 38 
39 7
19 43 25 38 44 27 17 
9 7
18 4 19 38 25 30 8 
30 10
38 8 13 36 43 32 9 5 18 40 
8 5
42 2 30 9 6 
6 3
13 23 8 
2 12
31 11 41 34 36 3 1 25 46 8 19 26 
42 5
8 12 32 13 4 
48 4
17 13 20 33 
33 9
41 37 21 0 40 20 36 4 48 
20 8
19 45 27 48 33 0 40 34 
13 11
7 18 3 6 48 27 42 44 30 24 37 
15 3
43 24 40 
40 9
34 20 5 33 23 30 41 35 15 
24 6
14 31 19 15 13 47 
43 6
15 39 23 30 11 1 
31 8
32 46 25 11 24 21 2 0 
0 7
41 7 32 46 33 31 20 
21 9
34 33 16 3 18 26 31 29 23 
37 7
14 33 32 5 18 7 13 
7 7
22 13 0 44 11 37 3 
18 10
9 28 13 1 37 21 45 19 14 30 
32 11
31 37 14 23 30 10 0 41 42 44 26 
27 9
20 39 13 19 16 28 22 36 49 
3 9
1 5 21 16 44 2 13 7 22 
41 9
0 32 2 33 16 47 49 11 40 
11 9
31 26 2 12 43 7 41 36 46 
49 3
44 27 41 
47 6
35 41 1 5 17 24 
16 5
3 41 27 23 21 
28 6
25 38 29 18 27 4 
4 5
9 28 46 33 42 
14 7
34 37 24 32 18 44 12 
19 12
2 35 26 10 9 27 20 39 36 12 24 18 
1 5
47 43 3 18 2 
22 4
7 34 27 3 
34 9
21 22 44 2 35 29 40 14 20 
17 5
48 25 5 47 39 
26 6
19 2 10 11 21 32 
46 6
31 2 0 10 4 11 
36 7
10 2 19 30 33 11 27 
10 5
36 32 19 26 46 
5 7
37 40 17 30 23 47 3 
35 5
19 47 44 34 40 
23 8
40 45 5 43 16 32 6 21 
12 5
29 42 11 19 14 
29 5
28 44 12 34 21 
