100
18 2
29 92 
92 7
97 30 76 25 12 1 18 
14 3
47 43 3 
3 7
39 14 67 45 17 28 9 
12 5
10 63 0 75 92 
64 5
47 30 1 7 41 
41 2
86 64 
73 2
62 28 
28 5
76 61 83 3 73 
0 2
12 34 
34 4
6 26 61 0 
82 5
51 98 52 15 87 
87 3
56 52 82 
48 2
72 93 
93 7
5 60 67 65 77 89 48 
24 3
85 43 37 
37 3
85 89 24 
43 5
14 30 52 53 24 
98 2
82 59 
59 5
77 74 60 98 13 
61 8
28 40 34 36 68 62 16 10 
52 6
43 57 82 2 87 50 
15 6
77 71 49 55 82 38 
38 5
85 5 97 42 15 
54 1
76 
76 8
6 28 53 23 92 79 21 54 
63 5
12 89 36 22 88 
88 3
13 91 63 
70 4
51 57 66 5 
5 5
93 38 86 84 70 
66 2
70 26 
26 5
34 56 30 77 66 
25 2
84 92 
44 1
86 
86 6
79 47 5 41 96 44 
27 5
29 79 47 58 20 
20 4
2 57 83 27 
10 8
79 77 12 45 1 61 8 33 
33 2
81 10 
42 1
38 
80 2
30 2 
2 6
20 67 81 52 29 80 
9 1
3 
97 3
92 38 22 
22 2
63 97 
32 2
56 31 
31 2
85 32 
16 2
61 89 
89 5
63 71 37 16 93 
96 5
17 78 21 86 4 
4 3
69 75 96 
53 6
36 75 85 67 76 43 
47 8
14 27 83 64 86 58 81 19 
19 3
79 47 8 
1 5
10 64 58 92 17 
17 6
96 72 6 65 3 1 
21 2
96 76 
79 6
10 27 86 49 76 19 
23 3
39 68 76 
39 3
23 49 3 
49 4
15 79 36 39 
90 3
7 11 40 
40 6
61 46 83 90 51 56 
11 4
90 36 30 35 
35 2
50 11 
30 8
92 43 64 80 11 6 94 26 
36 7
6 61 53 49 11 63 91 
29 3
27 18 2 
81 4
56 33 47 2 
67 4
3 53 93 2 
85 5
37 24 53 31 38 
75 5
8 12 53 4 74 
65 2
93 17 
6 6
76 34 78 36 30 17 
56 6
87 81 26 94 32 40 
51 4
70 40 82 99 
83 4
28 47 40 20 
46 2
40 71 
71 5
77 15 89 46 72 
57 4
52 20 70 91 
91 3
36 88 57 
45 4
10 8 3 7 
7 5
8 90 64 99 45 
60 5
93 8 84 59 62 
62 3
73 61 60 
68 2
23 61 
78 3
96 6 55 
55 3
15 77 78 
84 3
60 25 5 
77 8
10 15 74 71 59 93 26 55 
72 3
48 17 71 
74 5
77 75 58 69 59 
13 2
88 59 
69 3
4 95 74 
58 4
1 47 27 74 
50 2
35 52 
99 2
7 51 
8 6
7 60 10 75 45 19 
94 3
56 30 95 
95 2
69 94 
