50
33 3
47 9 45 
45 2
29 33 
5 1
15 
15 4
9 7 37 5 
4 1
12 
12 2
44 4 
37 2
22 15 
0 1
47 
47 4
33 31 10 0 
40 1
21 
21 2
30 40 
17 1
27 
27 3
39 7 17 
25 1
7 
7 3
15 27 25 
2 2
48 41 
41 5
39 16 11 49 2 
20 2
42 1 
1 1
20 
42 2
6 20 
24 1
31 
31 7
47 14 32 29 30 18 24 
22 2
8 37 
36 1
6 
6 3
43 42 36 
48 3
2 11 9 
9 3
33 15 48 
11 3
38 41 48 
18 1
31 
13 3
32 14 28 
28 1
13 
14 5
43 31 39 13 19 
29 4
31 44 26 45 
44 2
29 12 
49 1
41 
16 2
32 41 
35 1
32 
32 6
13 31 16 46 10 35 
39 5
41 14 34 27 26 
10 2
32 47 
3 1
43 
43 5
14 6 23 8 3 
30 2
31 21 
19 1
14 
26 2
29 39 
34 2
8 39 
46 1
32 
8 4
34 43 38 22 
23 1
43 
38 2
11 8 
