50
38 2
14 33 
33 6
49 22 24 17 31 38 
9 4
21 49 18 6 
6 6
12 2 15 0 5 9 
46 2
45 43 
43 2
5 46 
48 1
4 
4 3
8 49 48 
49 6
9 14 33 23 19 4 
35 1
30 
30 2
24 35 
27 3
2 29 34 
34 2
47 27 
20 2
29 13 
13 5
41 21 36 40 20 
37 2
23 14 
14 3
49 38 37 
23 5
29 49 47 21 37 
18 2
9 1 
1 3
42 47 18 
5 2
6 43 
19 4
21 2 16 49 
42 6
8 39 1 47 45 21 
21 5
13 23 9 19 42 
45 4
42 16 46 44 
47 6
2 1 34 42 10 23 
29 5
23 20 27 28 12 
12 4
29 40 6 32 
28 3
2 8 29 
17 2
33 7 
7 3
22 11 17 
0 1
6 
40 3
12 26 13 
26 3
40 36 25 
15 1
6 
41 2
13 3 
3 3
24 10 41 
8 3
4 42 28 
2 6
22 47 19 27 28 6 
10 2
47 3 
11 2
44 7 
22 4
39 2 33 7 
39 2
42 22 
16 2
45 19 
31 1
33 
24 3
3 33 30 
32 1
12 
25 1
26 
36 2
13 26 
44 2
11 45 
