30
1 8
20 8 2 10 24 17 5 3 
3 4
16 17 11 1 
17 5
23 26 3 1 7 
24 10
8 26 9 21 22 5 1 14 0 29 
22 7
5 10 27 24 26 19 16 
16 6
11 13 6 3 26 22 
19 5
27 18 25 13 22 
27 6
19 8 21 22 23 0 
9 5
25 0 24 7 13 
13 8
4 16 12 10 0 5 19 9 
7 8
29 17 9 6 20 25 21 11 
0 8
23 13 18 24 9 27 10 15 
15 5
23 11 8 2 0 
10 7
6 13 22 2 5 1 0 
28 1
23 
23 10
25 15 0 14 21 17 27 28 2 4 
20 6
11 26 7 1 5 18 
18 5
2 19 0 20 12 
14 3
23 24 5 
5 9
22 6 24 26 13 1 10 20 14 
26 7
20 5 24 22 17 16 6 
6 8
10 12 5 8 16 7 26 21 
29 3
7 24 8 
21 6
7 12 27 24 23 6 
4 2
13 23 
2 6
25 18 1 10 15 23 
11 5
16 20 15 3 7 
25 6
8 23 9 2 19 7 
12 4
6 13 21 18 
8 7
25 27 6 24 1 15 29 
