20
5 11
16 2 13 11 9 17 18 1 3 4 15 
15 6
13 9 8 14 10 5 
4 12
6 17 13 14 19 2 11 0 10 3 1 5 
3 13
17 14 6 4 11 1 5 18 16 8 10 0 7 
8 8
14 19 1 3 0 15 9 17 
17 16
3 7 12 14 8 10 5 2 6 19 18 11 4 0 1 9 
19 10
4 9 17 18 1 13 2 8 0 6 
9 9
17 1 5 18 8 19 2 15 10 
10 8
7 3 4 15 2 17 9 16 
0 10
8 4 7 13 12 17 1 18 3 19 
12 7
11 13 7 0 16 14 17 
1 12
6 0 8 9 17 5 18 3 19 2 11 4 
11 11
2 12 16 17 14 4 7 18 5 3 1 
2 11
11 6 16 19 4 9 17 10 18 5 1 
18 10
11 2 19 13 0 9 17 5 1 3 
16 8
7 14 11 2 5 3 12 10 
7 9
17 0 10 16 13 12 11 6 3 
14 10
3 11 16 8 4 6 12 15 17 13 
6 9
4 17 1 3 13 7 14 2 19 
13 10
18 5 7 12 4 19 6 0 15 14 
