30
8 4
3 27 21 10 
10 6
15 14 4 23 19 8 
21 10
8 25 18 26 2 13 7 29 24 17 
20 3
11 13 9 
9 5
19 12 3 28 20 
13 9
16 21 12 26 28 20 3 23 22 
11 6
20 2 1 5 27 15 
24 5
25 17 26 21 16 
16 7
13 2 23 29 0 4 24 
26 9
3 23 13 29 15 6 24 21 19 
17 3
28 24 21 
19 6
9 6 22 26 14 10 
14 5
10 28 6 19 12 
22 5
4 5 7 13 19 
6 5
27 14 19 26 18 
4 8
18 16 2 7 22 23 10 0 
0 3
16 4 7 
29 7
25 3 26 2 16 23 21 
18 5
4 21 5 1 6 
27 4
12 8 6 11 
3 8
8 26 29 1 9 13 25 23 
23 10
16 26 15 10 29 7 13 28 4 3 
25 6
29 28 3 24 21 2 
12 6
13 27 9 1 15 14 
15 5
10 23 12 26 11 
28 7
25 2 14 13 23 17 9 
1 5
12 7 11 3 18 
7 6
22 23 1 4 21 0 
5 4
18 22 2 11 
2 8
28 16 29 5 4 21 11 25 
