50
18 11
28 15 20 36 30 23 37 24 19 26 2 
2 10
10 7 43 27 30 39 3 5 18 25 
24 15
31 37 7 8 16 34 20 18 48 29 27 10 0 22 19 
23 11
21 42 31 27 22 30 36 34 45 18 44 
20 13
49 40 28 6 10 3 18 21 24 19 35 26 25 
25 10
8 0 34 40 20 6 41 12 22 2 
26 12
4 32 18 36 31 9 28 17 20 40 41 33 
37 9
18 24 10 49 42 8 17 32 38 
38 9
43 21 37 3 44 8 45 17 14 
32 11
26 40 30 36 31 28 3 1 37 7 16 
17 12
33 9 1 34 37 47 29 10 38 26 19 30 
5 9
14 21 46 22 35 45 2 15 6 
6 9
20 44 36 7 27 48 29 25 5 
15 7
4 42 36 30 46 18 5 
22 13
5 19 24 29 47 49 23 30 27 48 25 44 46 
9 7
36 17 46 49 26 13 41 
41 6
21 8 3 25 26 9 
13 6
11 45 0 28 9 8 
8 14
25 24 37 21 38 33 1 47 43 34 13 40 41 10 
0 13
25 33 44 35 45 40 12 42 13 24 11 27 28 
45 9
4 42 5 13 0 23 38 27 31 
46 12
5 35 9 48 44 34 14 30 22 15 4 43 
48 9
46 24 6 49 43 4 42 3 22 
30 14
46 17 28 2 22 23 36 15 29 27 10 32 11 18 
49 10
20 42 9 48 16 44 22 37 21 1 
47 8
40 17 7 22 36 16 8 4 
29 10
14 39 12 24 6 30 22 17 27 7 
19 6
18 20 24 22 7 17 
28 11
13 39 20 4 32 18 3 30 26 10 0 
3 9
33 32 20 41 38 2 28 48 27 
7 9
12 47 6 32 2 19 21 24 29 
33 8
3 17 0 21 12 16 8 26 
40 12
20 44 8 32 11 25 0 43 4 47 42 26 
36 11
9 18 14 6 32 26 15 30 23 43 47 
16 10
31 21 24 33 47 49 4 43 34 32 
1 6
14 17 31 8 32 49 
43 13
36 38 40 14 42 2 35 48 31 8 44 46 16 
14 7
5 1 36 43 29 46 38 
34 11
25 39 17 10 35 11 24 23 8 46 16 
44 11
40 6 0 46 27 43 49 38 11 22 23 
42 12
23 45 37 49 4 43 48 10 15 0 40 39 
4 11
45 26 42 40 15 10 28 48 46 16 47 
27 11
44 6 22 30 23 45 2 24 29 0 3 
12 6
7 33 0 29 25 21 
39 6
28 34 35 2 29 42 
10 13
30 42 8 11 37 24 20 34 28 17 2 35 4 
35 9
46 5 31 20 39 34 0 10 43 
21 12
23 5 41 7 20 8 16 33 38 11 49 12 
31 9
24 16 32 1 23 43 26 35 45 
11 8
13 40 34 30 21 10 0 44 
