100
2 7
46 64 47 9 25 73 42 
42 7
94 58 80 19 2 72 8 
73 7
69 2 19 43 1 3 36 
25 9
47 68 63 98 20 2 26 55 77 
9 7
22 91 93 2 82 78 90 
47 14
80 76 44 27 64 25 61 97 67 2 87 83 21 82 
64 8
2 47 95 16 31 55 91 71 
46 3
2 44 17 
71 4
31 54 64 16 
16 7
64 13 29 72 61 38 71 
54 7
34 43 86 65 71 78 84 
31 5
83 71 48 64 51 
82 8
89 21 61 50 93 9 47 83 
83 5
31 47 92 82 97 
93 8
9 29 36 3 18 6 82 35 
50 8
6 82 29 91 80 41 52 38 
61 11
16 33 63 87 65 23 82 47 49 85 5 
21 5
18 47 34 82 0 
89 7
82 60 98 65 84 77 58 
34 6
55 85 54 21 14 36 
36 5
59 66 93 73 34 
14 3
55 94 34 
85 7
32 34 80 0 18 61 51 
55 5
14 34 64 25 1 
94 7
42 62 72 20 14 80 7 
49 4
81 61 41 66 
66 5
19 27 36 57 49 
41 8
23 7 27 96 50 49 79 15 
81 4
49 52 80 20 
60 6
53 89 11 84 33 63 
63 7
75 76 61 25 24 52 60 
33 4
35 60 61 59 
84 6
91 60 30 89 26 54 
11 6
86 68 5 60 69 57 
53 5
60 0 91 48 95 
5 4
35 29 61 11 
29 9
50 90 20 65 16 93 5 74 70 
35 12
33 37 24 5 18 97 93 51 7 90 98 15 
48 5
31 30 4 53 39 
39 6
32 19 40 92 51 48 
4 3
48 80 6 
30 6
79 17 48 76 84 37 
6 8
77 50 17 93 56 87 23 4 
80 8
94 99 42 85 50 81 4 47 
52 6
81 65 50 43 63 7 
7 6
78 41 51 35 94 52 
43 7
73 54 62 23 52 70 27 
65 13
28 74 75 86 89 29 19 97 61 54 52 88 99 
78 5
7 95 88 9 54 
88 6
40 91 19 65 75 78 
95 9
70 64 58 53 67 97 32 99 78 
3 3
79 93 73 
1 4
56 44 73 55 
19 8
66 10 88 65 42 44 39 73 
69 4
73 11 32 12 
40 3
88 39 99 
99 6
15 95 65 22 80 40 
91 9
84 68 88 13 9 8 50 64 53 
0 4
76 85 53 21 
76 5
30 0 63 56 47 
58 5
68 95 42 10 89 
77 3
6 89 25 
98 5
18 68 25 35 89 
28 3
65 15 87 
87 9
18 47 22 79 6 62 61 28 96 
15 6
99 20 35 28 59 41 
86 6
11 8 54 65 51 27 
59 4
36 15 10 33 
20 8
94 51 15 29 67 81 25 37 
27 7
47 43 86 67 68 66 41 
51 10
7 20 39 35 45 56 86 12 85 31 
8 3
86 91 42 
37 5
70 35 23 30 20 
67 6
18 95 27 17 47 20 
72 4
16 42 12 94 
62 6
94 32 45 87 43 74 
23 6
41 97 43 61 37 6 
56 5
1 79 51 76 6 
17 7
30 13 6 70 10 46 67 
18 10
38 92 98 35 67 93 21 87 10 85 
26 3
70 84 25 
70 7
95 26 96 37 17 43 29 
68 7
44 58 91 27 11 25 98 
24 3
32 63 35 
32 6
39 24 85 95 62 69 
12 4
79 51 69 72 
79 8
12 45 3 30 56 87 41 13 
75 3
63 88 65 
74 4
22 65 29 62 
45 4
79 51 62 10 
44 5
19 46 68 1 47 
96 3
70 87 41 
97 7
13 47 95 65 23 35 83 
22 4
9 74 87 99 
13 5
97 16 17 91 79 
90 3
29 35 9 
10 7
57 18 19 45 58 59 17 
92 3
18 83 39 
38 3
18 16 50 
57 3
10 66 11 
