30
18 6
9 6 24 4 26 16 
16 5
4 19 11 8 18 
26 5
22 14 12 18 15 
4 11
21 3 1 18 8 16 10 0 13 23 2 
24 11
20 7 3 18 5 28 27 17 29 19 21 
6 4
18 0 10 13 
29 4
0 24 9 13 
13 9
9 27 20 4 21 0 29 6 12 
9 7
13 15 29 18 1 28 17 
0 7
29 15 10 6 2 4 13 
12 7
20 21 27 28 17 26 13 
21 10
4 17 25 15 2 23 12 11 24 13 
20 9
12 22 17 27 13 11 24 14 1 
27 6
12 24 20 14 25 13 
15 7
21 9 25 0 10 26 14 
14 6
26 28 27 20 5 15 
10 8
8 3 1 0 15 28 6 4 
25 6
21 11 23 15 27 28 
19 4
16 24 1 28 
28 8
9 23 14 12 24 10 19 25 
1 9
7 3 2 19 11 4 9 20 10 
2 6
21 0 17 5 1 4 
23 7
25 28 17 4 21 11 8 
8 7
10 4 3 22 23 7 16 
3 8
4 10 24 11 1 5 8 22 
7 6
5 1 24 11 17 8 
22 4
26 20 8 3 
11 9
25 20 16 17 1 3 21 23 7 
5 5
2 7 14 3 24 
17 9
20 2 7 21 11 24 12 23 9 
