50
33 1
49 
49 8
41 37 14 38 47 23 48 33 
43 3
44 12 1 
1 4
47 43 0 22 
39 1
44 
44 6
16 43 29 15 24 39 
11 1
47 
47 7
49 19 1 3 13 40 11 
22 4
0 48 27 1 
32 2
45 46 
46 5
24 48 6 32 41 
26 1
10 
10 5
24 21 5 8 26 
37 3
49 3 34 
34 1
37 
3 3
47 37 36 
41 3
5 49 46 
28 1
29 
29 5
44 14 38 9 28 
0 3
27 22 1 
17 2
45 7 
7 3
35 18 17 
40 2
47 2 
2 1
40 
19 3
35 5 47 
5 6
41 19 10 16 25 4 
4 2
5 45 
25 2
5 35 
16 3
44 5 15 
14 4
29 49 38 20 
20 1
14 
38 6
6 27 49 24 29 14 
18 3
35 23 7 
8 1
10 
21 3
23 45 10 
24 4
38 10 46 44 
35 4
7 18 19 25 
27 5
0 22 38 12 31 
31 2
6 27 
12 2
43 27 
9 2
29 30 
15 2
44 16 
13 1
47 
42 1
48 
48 5
22 23 49 46 42 
23 4
21 48 49 18 
36 1
3 
30 1
9 
45 4
17 32 21 4 
6 3
31 38 46 
