30
13 4
28 4 19 0 
0 12
14 15 8 27 17 11 21 22 6 2 3 13 
19 4
13 21 23 22 
22 8
18 21 28 9 0 7 26 19 
26 6
22 20 2 18 3 21 
21 7
22 0 3 5 18 19 26 
14 4
0 6 11 25 
25 5
15 28 9 4 14 
18 7
26 22 27 9 10 20 21 
11 5
24 0 14 8 12 
12 4
9 16 4 11 
8 5
6 7 15 0 11 
5 3
21 16 4 
4 7
13 12 3 5 15 29 25 
16 6
2 17 12 7 5 20 
7 4
10 16 8 22 
9 5
12 18 25 22 27 
27 6
0 29 18 3 17 9 
1 1
6 
6 5
8 14 0 10 1 
28 5
13 25 22 2 17 
17 5
20 16 0 27 28 
3 7
21 4 26 27 29 0 23 
2 6
23 16 26 28 0 24 
10 3
7 18 6 
20 4
17 26 18 16 
23 3
19 2 3 
29 3
27 3 4 
15 4
8 25 0 4 
24 2
11 2 
