50
5 2
35 14 
14 4
32 48 41 5 
31 1
3 
3 2
24 31 
22 4
36 24 43 0 
0 4
25 10 22 27 
8 5
12 25 46 49 10 
10 8
25 28 13 23 21 0 8 44 
44 2
6 10 
12 6
40 29 47 43 8 33 
33 6
48 26 6 4 37 12 
20 2
21 28 
28 4
10 45 26 20 
43 6
9 22 30 12 18 38 
38 6
25 45 2 23 1 43 
16 3
1 32 47 
47 3
12 19 16 
19 4
21 11 47 32 
4 3
33 39 34 
34 2
45 4 
39 2
4 48 
48 10
33 6 29 45 24 37 36 9 14 39 
11 5
7 36 30 19 46 
46 6
7 8 11 40 29 42 
30 3
43 2 11 
36 6
22 1 48 11 24 25 
9 4
48 43 49 7 
37 3
2 48 33 
45 4
34 38 48 28 
18 2
43 35 
35 4
7 23 5 18 
32 3
14 16 19 
26 2
33 28 
41 1
14 
42 3
23 2 46 
29 6
1 49 6 48 12 46 
40 3
12 17 46 
21 4
19 25 20 10 
23 6
42 17 38 35 10 13 
7 5
46 11 35 25 9 
1 4
36 29 16 38 
2 6
37 30 42 38 15 6 
27 2
17 0 
6 6
48 33 44 29 15 2 
24 4
48 22 36 3 
25 7
10 0 38 8 21 7 36 
15 3
6 2 17 
49 3
29 8 9 
17 4
27 23 40 15 
13 2
10 23 
