30
23 7
27 20 3 16 19 4 0 
0 9
2 9 4 22 23 1 18 24 10 
4 9
14 13 12 24 0 16 8 23 25 
19 8
27 8 23 1 3 11 25 15 
16 8
26 25 7 4 17 9 22 23 
3 7
15 23 28 17 19 2 13 
21 8
14 25 2 5 1 9 24 11 
11 8
8 15 29 24 21 19 28 27 
24 5
25 4 11 21 0 
9 7
28 25 6 0 21 2 16 
1 6
13 19 0 12 21 8 
5 7
6 10 28 7 21 26 18 
2 5
0 21 25 9 3 
25 12
27 9 16 29 22 7 24 21 18 19 2 4 
14 6
4 26 21 7 22 10 
20 6
23 7 18 17 10 6 
6 4
5 9 10 20 
10 7
27 5 8 6 0 20 14 
17 10
3 18 29 28 7 20 16 8 12 26 
18 7
20 8 25 0 22 5 17 
15 7
3 11 26 19 29 22 7 
8 8
18 1 19 11 4 27 17 10 
12 3
4 1 17 
22 7
16 25 15 0 29 14 18 
29 9
15 25 11 17 28 27 22 7 13 
26 5
16 14 15 5 17 
7 8
20 14 5 16 25 17 29 15 
13 4
4 1 3 29 
27 7
23 25 19 8 10 29 11 
28 6
9 17 3 5 29 11 
