30
29 5
13 18 3 14 19 
19 7
5 1 2 24 12 17 29 
14 6
26 29 9 17 1 23 
3 3
13 15 29 
18 7
4 13 29 1 5 26 22 
13 9
29 10 20 11 3 18 22 4 16 
16 5
24 21 15 5 13 
4 8
18 2 28 17 8 13 0 24 
22 8
20 11 9 7 13 26 6 18 
11 8
9 22 23 13 1 21 6 15 
20 8
22 8 21 13 7 27 17 0 
10 8
9 28 0 21 13 7 1 2 
15 5
16 0 24 11 3 
24 5
16 27 19 15 4 
0 6
10 15 5 9 4 20 
8 4
20 23 4 17 
17 7
7 4 14 20 25 19 8 
28 4
4 7 10 5 
2 6
23 19 4 27 10 25 
5 7
6 0 19 18 16 28 27 
27 5
20 9 24 2 5 
6 4
5 26 22 11 
26 5
25 14 18 6 22 
1 5
18 11 10 19 14 
21 4
20 11 10 16 
23 5
2 11 8 14 9 
9 8
12 11 14 22 23 10 0 27 
7 6
20 22 17 28 10 12 
12 3
9 19 7 
25 3
26 2 17 
