30
9 6
25 0 10 22 1 3 
3 6
28 17 9 29 15 6 
22 12
8 16 2 26 14 20 9 21 4 0 10 23 
10 7
6 26 11 22 9 5 14 
0 8
6 21 11 22 15 29 9 4 
1 5
4 8 9 29 21 
21 10
14 0 6 11 8 2 26 22 12 1 
29 5
12 3 1 18 0 
23 5
6 15 5 17 22 
4 9
14 1 5 19 22 24 0 13 7 
20 7
25 6 11 22 13 26 19 
26 6
20 5 22 10 25 21 
16 7
18 11 14 22 17 28 8 
17 9
18 3 23 13 15 19 2 11 16 
11 12
6 19 8 16 20 0 10 21 24 28 17 18 
2 7
22 13 6 28 17 24 21 
19 7
24 11 6 17 7 4 20 
15 5
23 12 0 17 3 
13 6
2 4 18 17 24 20 
14 6
4 21 22 16 8 10 
5 6
6 4 26 27 23 10 
6 12
23 11 21 20 12 0 10 25 2 19 5 3 
7 3
18 19 4 
18 7
17 27 16 13 7 11 29 
28 7
27 12 3 11 2 8 16 
24 5
19 2 11 4 13 
8 9
22 28 27 1 14 12 11 21 16 
25 4
20 9 6 26 
12 7
6 15 29 8 21 28 27 
27 5
8 28 18 5 12 
