30
23 8
27 14 20 3 16 19 4 0 
0 12
14 7 2 9 4 22 23 1 18 24 15 10 
4 9
14 13 12 24 0 16 8 23 25 
19 10
12 27 16 8 23 1 3 11 25 15 
16 10
10 19 26 25 7 4 17 9 22 23 
3 7
15 23 28 17 19 2 13 
21 8
14 25 2 5 1 9 24 11 
11 10
22 1 8 15 29 24 21 19 28 27 
24 6
28 25 4 11 21 0 
9 7
28 25 6 0 21 2 16 
1 7
13 19 0 12 11 21 8 
5 7
6 10 28 7 21 26 18 
2 6
26 0 21 25 9 3 
25 12
27 9 16 29 22 7 24 21 18 19 2 4 
14 9
4 26 21 13 7 23 22 0 10 
20 6
23 7 18 17 10 6 
6 4
5 9 10 20 
10 10
7 27 18 5 16 8 6 0 20 14 
17 10
3 18 29 28 7 20 16 8 12 26 
18 9
20 8 25 10 29 0 22 5 17 
15 8
3 11 26 19 0 29 22 7 
8 8
18 1 19 11 4 27 17 10 
12 4
19 4 1 17 
22 8
11 16 25 15 0 29 14 18 
29 10
18 15 25 11 17 28 27 22 7 13 
26 6
2 16 14 15 5 17 
7 10
20 14 5 16 25 17 10 0 29 15 
13 5
14 4 1 3 29 
27 7
23 25 19 8 10 29 11 
28 7
9 17 3 5 29 24 11 
