50
31 3
43 23 1 
1 5
19 22 32 8 31 
23 8
11 18 45 34 36 30 27 31 
43 8
13 44 8 31 48 45 2 42 
48 9
38 18 3 42 4 43 49 6 24 
24 8
33 18 34 20 27 48 29 22 
6 5
33 25 29 48 27 
49 2
44 48 
4 8
12 18 7 19 16 48 10 15 
42 7
18 37 40 0 15 48 43 
3 9
16 48 28 26 2 25 38 7 41 
15 5
11 30 36 42 4 
36 4
23 15 35 26 
30 8
20 11 28 27 2 23 15 29 
35 5
36 7 10 34 39 
39 5
11 22 27 2 35 
34 8
41 46 8 23 24 11 35 10 
10 6
13 4 8 35 17 34 
27 9
47 39 29 24 2 23 30 6 44 
44 6
32 38 49 43 27 46 
2 8
25 5 3 39 30 27 43 7 
29 10
47 33 27 17 22 30 6 24 12 14 
33 6
24 29 6 8 16 12 
12 8
4 22 38 25 0 29 8 33 
16 3
3 4 33 
8 7
12 10 46 33 1 43 34 
0 6
5 13 12 42 40 45 
40 4
42 47 0 25 
38 6
22 12 48 44 3 21 
21 3
20 11 38 
46 6
13 32 14 34 8 44 
25 8
2 19 3 12 13 41 6 40 
14 2
46 29 
17 4
10 29 47 37 
7 8
3 13 35 19 2 32 4 47 
47 6
29 22 7 27 17 40 
32 7
20 44 46 7 37 1 28 
19 6
9 25 1 4 7 22 
41 4
34 37 25 3 
28 5
45 26 30 3 32 
26 5
3 20 28 9 36 
22 9
38 39 12 47 29 24 19 1 5 
13 8
43 46 25 7 9 10 0 45 
45 5
43 28 23 0 13 
9 3
13 19 26 
5 3
0 2 22 
37 4
42 41 32 17 
20 6
32 30 26 21 24 18 
18 6
42 48 4 24 23 20 
11 6
15 21 23 30 39 34 
