50
31 1
34 
34 3
2 20 31 
24 2
16 3 
3 2
0 24 
44 2
16 18 
18 4
39 10 29 44 
12 3
45 15 7 
7 1
12 
15 3
6 1 12 
22 1
17 
17 3
48 38 22 
20 1
34 
43 1
14 
14 2
2 43 
38 1
17 
28 1
6 
6 3
30 15 28 
41 1
32 
32 2
30 41 
5 1
37 
37 7
33 8 16 39 40 49 5 
48 3
13 17 35 
35 1
48 
13 3
1 33 48 
29 2
10 18 
10 2
29 18 
39 3
37 4 18 
9 1
4 
4 3
39 21 9 
21 1
4 
11 2
27 25 
25 1
11 
27 2
40 11 
1 2
13 15 
36 1
46 
46 3
33 36 19 
33 5
37 8 46 13 30 
0 4
16 2 23 3 
23 1
0 
2 3
0 14 34 
16 5
44 24 37 0 47 
40 2
37 27 
19 1
46 
47 1
16 
30 5
33 32 6 45 26 
8 2
37 33 
49 1
37 
26 2
30 42 
42 1
26 
45 2
12 30 
