30
12 7
13 16 8 29 21 24 18 
18 10
11 14 9 17 23 4 3 1 13 12 
24 11
14 3 2 26 19 27 9 10 29 12 16 
29 11
4 22 12 13 28 17 24 21 0 26 6 
1 6
6 18 20 10 26 23 
23 13
11 7 14 4 15 3 18 5 1 2 28 27 25 
26 9
2 28 16 1 11 24 0 29 4 
10 5
25 27 5 1 24 
20 5
19 0 1 17 9 
9 6
16 18 25 24 20 22 
22 5
21 16 6 29 9 
25 8
3 10 15 8 17 9 27 23 
16 11
9 12 14 22 3 19 26 13 15 21 24 
27 12
7 2 5 3 25 21 24 10 15 14 23 17 
19 6
16 20 28 11 24 15 
11 8
23 14 7 26 19 18 3 5 
5 7
10 27 23 13 7 11 2 
3 11
23 18 25 16 0 24 11 28 17 27 7 
13 7
17 12 16 5 18 29 7 
4 6
29 17 18 6 23 26 
14 10
18 16 23 11 24 15 0 17 28 27 
28 8
3 23 0 29 14 26 19 6 
15 7
14 25 16 23 19 7 27 
6 6
1 8 22 4 29 28 
0 7
28 26 20 14 3 29 8 
8 6
7 12 6 21 25 0 
17 11
4 13 25 2 20 14 29 21 18 3 27 
21 7
22 12 16 8 27 17 29 
7 8
8 23 11 27 15 5 3 13 
2 6
26 24 23 17 27 5 
