50
19 10
21 37 26 30 6 5 18 16 44 46 
46 16
36 38 2 19 35 23 22 24 17 31 20 18 3 27 10 25 
18 12
49 15 11 46 28 36 30 19 35 6 5 39 
6 13
47 21 32 42 35 45 19 36 30 3 18 27 9 
23 11
36 49 32 11 3 42 7 41 26 31 46 
24 12
12 4 36 31 46 21 37 1 5 40 14 20 
17 14
41 29 13 44 48 46 28 1 9 32 36 4 35 12 
27 16
45 9 11 47 5 3 44 8 46 28 29 15 32 6 49 2 
20 13
26 14 40 7 12 16 44 46 15 11 37 24 38 
47 6
6 3 40 14 49 27 
49 15
9 47 16 8 33 7 45 14 37 18 11 23 41 42 27 
14 13
8 20 0 45 49 47 24 7 41 48 28 32 3 
40 11
32 24 20 25 31 28 15 29 36 4 47 
3 11
5 37 46 4 47 6 27 10 22 23 14 
16 11
41 20 15 31 9 48 19 35 4 49 1 
1 12
38 17 9 7 13 15 37 11 24 12 4 16 
4 14
36 3 16 44 1 9 17 34 29 40 10 41 45 24 
35 13
36 12 17 6 32 38 46 16 7 13 37 11 18 
21 11
29 19 33 6 11 37 24 7 25 34 30 
30 11
13 6 33 8 29 15 18 19 26 39 21 
34 8
0 2 41 4 11 21 22 36 
25 14
33 21 48 26 5 22 13 29 40 43 10 42 7 46 
7 14
39 20 21 14 37 8 11 48 1 9 25 49 35 23 
31 12
8 16 46 40 39 11 37 24 42 15 26 23 
26 14
20 31 28 22 23 25 30 5 11 19 45 33 43 13 
41 17
16 42 11 48 45 17 23 12 15 29 2 49 4 14 34 38 32 
42 9
41 25 49 29 11 31 23 6 32 
11 17
31 20 21 35 26 38 41 27 42 12 23 34 49 43 1 18 7 
39 7
37 0 31 30 43 18 7 
5 11
12 25 19 26 15 44 48 27 3 18 24 
28 9
36 2 26 15 18 17 27 14 40 
15 19
33 37 16 8 18 48 28 31 41 27 40 20 5 22 0 1 32 30 43 
44 14
48 17 5 8 20 0 27 10 4 36 43 19 37 12 
43 10
44 12 11 25 38 15 39 13 26 2 
2 8
46 41 28 27 34 0 10 43 
13 10
17 30 32 26 35 1 25 29 0 43 
22 8
34 3 46 15 25 38 45 26 
38 13
12 43 1 41 35 36 22 37 11 46 33 8 20 
9 9
17 27 16 7 36 49 4 1 6 
36 18
23 18 44 45 38 34 40 29 10 9 46 17 28 12 24 6 35 4 
37 15
39 38 48 31 7 24 21 20 49 19 35 3 1 44 15 
45 11
22 36 27 48 26 6 14 4 49 8 41 
12 14
24 44 1 5 20 8 38 36 43 11 35 41 10 17 
32 13
23 35 6 17 27 41 13 33 40 14 42 0 15 
8 12
14 15 7 49 30 31 27 44 33 45 12 38 
33 10
30 21 26 15 0 49 25 38 32 8 
48 11
5 14 45 41 7 17 15 16 44 25 37 
10 8
12 4 44 46 36 25 3 2 
0 9
32 14 34 39 33 44 15 2 13 
29 11
21 25 42 36 30 40 17 27 41 13 4 
