50
33 10
6 16 26 40 39 20 14 3 1 4 
4 8
24 35 39 20 28 32 33 43 
1 3
26 33 17 
14 11
27 42 30 8 33 11 37 0 29 45 2 
26 12
36 5 1 41 39 49 47 46 33 15 12 48 
16 10
30 33 49 47 10 12 6 45 2 11 
29 6
3 27 28 9 14 12 
12 14
49 26 29 0 20 25 30 36 27 7 16 18 48 11 
9 6
41 39 18 22 23 29 
28 7
17 29 7 47 4 19 2 
13 7
0 41 24 49 47 30 36 
36 9
26 38 18 44 12 0 10 32 13 
47 10
22 30 32 28 48 2 26 13 8 16 
24 11
4 6 32 34 13 35 2 5 42 21 11 
41 7
6 13 45 26 3 9 48 
48 7
47 42 12 23 22 26 41 
3 8
43 33 29 21 37 11 34 41 
2 8
37 24 47 7 44 16 14 28 
19 8
42 8 10 28 38 5 11 20 
7 13
12 42 2 32 6 39 40 20 34 28 31 43 49 
20 12
40 30 33 44 17 31 37 4 25 7 12 19 
11 16
5 43 10 23 22 44 12 19 35 14 37 24 16 3 8 38 
5 8
18 30 0 26 19 11 24 49 
38 7
31 39 36 49 19 35 11 
10 8
31 42 6 19 16 21 11 36 
15 9
49 34 39 0 45 26 8 44 6 
6 14
32 15 44 16 33 43 10 41 42 34 45 24 7 17 
44 11
8 25 2 20 30 23 36 15 11 27 6 
0 8
37 14 13 5 15 36 43 12 
39 11
21 4 7 38 33 26 15 22 9 27 34 
34 7
24 6 32 15 7 3 39 
49 14
5 18 26 37 7 46 16 38 25 30 12 13 15 40 
43 11
7 3 30 11 21 46 6 17 0 4 45 
32 10
6 24 34 47 4 7 45 18 36 25 
27 6
31 29 14 39 12 44 
23 7
45 40 18 44 48 9 11 
18 7
49 5 9 23 36 32 12 
25 8
44 20 49 32 22 12 31 17 
30 14
22 46 16 44 49 47 43 12 37 14 20 40 13 5 
37 10
0 2 46 3 20 14 30 21 11 49 
31 7
27 10 20 7 38 25 46 
17 7
6 28 20 43 25 21 1 
42 8
19 10 6 46 48 14 24 7 
21 8
39 3 43 24 37 10 17 8 
46 8
45 26 37 42 43 49 31 30 
40 8
49 20 7 23 22 30 33 8 
22 8
30 47 48 9 40 39 25 11 
45 10
14 23 15 46 16 41 35 6 32 43 
35 5
4 45 24 11 38 
8 8
44 47 19 15 11 21 14 40 
