20
8 8
0 4 19 2 5 1 16 13 
13 10
10 11 7 6 5 19 17 9 4 8 
16 13
0 10 15 5 18 1 19 2 8 7 17 11 6 
1 8
19 18 14 8 16 4 0 15 
19 11
2 8 16 18 1 4 9 17 6 13 10 
10 11
7 13 9 0 15 16 2 19 11 4 14 
6 10
12 14 4 13 19 5 3 18 0 16 
0 13
4 8 16 10 15 11 6 1 18 3 5 12 2 
18 10
7 19 14 1 15 0 12 17 6 16 
3 6
4 6 5 15 0 9 
15 9
10 0 11 18 1 3 16 14 4 
4 15
5 7 17 13 15 10 3 0 1 11 2 14 8 19 6 
14 10
6 18 1 17 9 4 2 12 15 10 
11 10
13 2 9 4 5 0 10 15 12 16 
9 8
10 19 14 17 11 13 5 3 
5 12
4 6 9 17 2 8 16 11 7 13 3 0 
7 8
10 4 5 18 12 13 16 2 
17 9
13 14 19 12 9 4 5 18 16 
2 11
19 12 11 5 10 0 14 4 8 16 7 
12 8
6 2 7 18 17 11 14 0 
