30
28 7
22 10 15 4 9 17 25 
25 7
8 5 29 12 20 28 11 
17 8
14 12 26 10 28 22 4 8 
9 9
28 5 3 26 20 14 10 0 15 
4 6
16 24 7 22 28 17 
15 7
22 20 28 9 24 6 7 
22 8
15 10 4 3 28 17 20 14 
7 9
23 21 24 29 15 4 1 5 2 
24 9
4 7 11 8 6 10 15 3 1 
1 7
7 26 8 23 12 24 29 
29 6
23 3 1 26 7 25 
12 8
14 17 3 5 1 6 25 21 
23 6
29 7 16 1 21 27 
8 7
25 26 24 16 5 1 17 
26 8
19 1 29 17 9 27 8 20 
0 5
13 9 19 18 6 
10 11
20 22 2 19 28 27 17 9 24 11 13 
14 8
12 5 17 9 27 22 2 13 
20 6
22 10 15 9 25 26 
3 8
12 29 5 19 2 9 22 24 
5 12
21 12 8 25 14 6 18 3 9 27 13 7 
6 6
5 24 15 0 16 12 
18 3
5 0 16 
19 4
3 26 0 10 
13 8
0 10 16 21 11 5 2 14 
11 5
21 24 13 10 25 
27 5
10 26 14 23 5 
2 5
10 7 13 3 14 
16 6
4 23 13 8 6 18 
21 6
5 13 7 11 23 12 
