50
13 5
20 42 6 8 45 
45 2
46 13 
46 6
42 48 3 1 20 45 
20 5
13 42 11 40 46 
5 5
28 27 21 2 26 
26 7
11 15 0 32 49 43 5 
37 3
36 39 40 
40 4
23 4 20 37 
43 3
7 15 26 
0 5
7 35 26 39 30 
30 7
49 4 47 17 14 15 0 
17 3
35 44 30 
14 2
25 30 
34 4
25 4 23 7 
7 8
0 31 28 8 33 43 47 34 
22 1
42 
42 7
13 20 6 46 8 16 22 
44 4
41 17 38 49 
49 3
30 26 44 
12 2
41 23 
23 4
40 34 12 6 
41 4
8 44 29 12 
6 5
13 42 33 27 23 
21 2
5 27 
27 7
5 28 9 6 32 21 15 
11 6
18 1 4 26 19 20 
29 4
36 9 31 41 
31 4
7 29 1 3 
36 3
37 32 29 
15 4
30 26 43 27 
1 4
10 31 46 11 
32 5
27 8 16 36 26 
33 3
6 4 7 
47 3
7 30 39 
39 3
37 0 47 
16 3
25 32 42 
3 4
46 31 2 35 
35 4
17 0 3 24 
2 3
5 3 10 
8 7
48 41 7 13 42 32 38 
38 3
25 44 8 
9 4
29 27 28 18 
18 2
9 11 
28 5
5 27 9 48 7 
24 1
35 
48 3
8 46 28 
10 2
1 2 
19 2
11 25 
4 5
30 34 40 33 11 
25 5
14 34 38 16 19 
