30
14 16
17 2 13 11 19 6 20 25 23 3 0 22 1 9 10 27 
11 8
12 3 0 28 4 20 14 13 
10 13
22 1 18 5 21 29 0 13 27 28 9 14 25 
0 11
18 8 7 24 11 10 22 23 14 17 28 
19 7
25 28 20 14 16 21 15 
6 10
4 15 7 16 9 28 27 26 14 5 
20 8
18 5 19 2 16 14 11 24 
25 11
19 4 23 22 27 7 5 14 29 15 10 
23 10
3 22 25 4 13 27 15 0 14 12 
22 10
17 23 25 10 0 29 18 1 14 16 
3 9
23 26 2 12 1 5 14 11 24 
1 11
10 4 22 3 18 7 13 14 28 9 27 
9 10
6 12 14 16 13 28 17 10 1 18 
27 8
10 21 25 14 18 1 23 6 
26 6
3 2 4 6 7 17 
17 9
22 14 0 29 8 13 7 9 26 
7 11
24 0 15 25 6 18 1 13 17 2 26 
4 11
15 6 25 23 13 26 5 1 18 11 16 
2 10
3 18 5 26 24 14 20 16 7 29 
29 8
25 22 10 13 28 17 8 2 
16 10
9 18 5 19 2 6 15 20 22 4 
24 10
7 28 0 15 18 3 12 2 20 8 
5 11
4 28 2 10 3 25 20 13 16 8 6 
8 7
12 5 28 17 0 29 24 
13 13
14 4 23 15 29 10 7 9 17 5 18 1 11 
18 15
22 0 9 1 24 16 13 7 12 4 27 10 21 20 2 
21 6
28 27 15 10 18 19 
12 8
8 3 18 9 28 11 24 23 
28 13
1 5 19 8 9 6 12 21 24 11 29 10 0 
15 10
4 23 6 7 13 25 21 24 16 19 
