50
4 9
13 36 33 44 8 11 47 3 18 
18 9
7 14 0 3 11 31 28 9 4 
47 10
17 39 30 23 22 7 43 4 21 0 
11 11
23 38 39 14 20 19 4 1 18 0 29 
19 9
33 46 27 48 7 43 25 11 29 
29 11
25 41 9 17 31 36 23 2 19 3 11 
25 9
31 30 32 29 8 33 35 19 24 
48 10
7 38 19 31 28 34 8 46 3 5 
5 8
21 15 20 8 26 48 31 41 
46 11
32 43 19 35 45 34 39 20 48 44 33 
8 13
13 45 14 3 1 5 4 25 38 32 27 48 24 
34 11
39 7 45 36 48 49 15 10 46 16 37 
28 12
43 42 2 26 18 39 7 31 48 9 17 30 
24 12
14 49 3 22 30 35 33 8 25 7 9 27 
27 9
8 19 49 23 15 21 24 32 9 
7 13
23 36 19 35 18 1 34 43 47 33 48 28 24 
35 6
25 46 7 24 3 26 
9 13
40 12 36 38 29 15 24 21 37 18 3 28 27 
3 17
8 21 33 4 9 31 17 2 35 32 48 18 23 13 29 40 24 
38 6
40 48 9 11 8 6 
6 9
44 33 12 1 13 36 23 40 38 
32 14
21 15 13 27 8 46 36 23 26 16 3 1 25 49 
2 10
28 22 49 26 45 10 29 1 3 40 
40 11
38 9 12 49 33 37 20 2 3 1 6 
10 5
13 36 2 39 34 
16 4
1 42 32 34 
42 7
28 43 22 23 33 16 12 
0 8
17 11 18 20 36 30 49 47 
21 9
44 3 5 32 12 41 9 27 47 
22 9
24 17 33 1 14 2 26 42 47 
23 15
7 11 43 47 45 12 6 32 42 27 3 29 13 39 44 
30 9
25 33 24 0 14 31 17 28 47 
39 8
23 10 11 34 46 28 47 1 
33 13
19 6 42 3 22 30 4 49 40 25 24 7 46 
15 8
34 14 5 45 9 27 32 44 
44 10
6 12 46 23 26 21 37 4 49 15 
20 8
12 45 5 0 46 40 11 13 
45 14
26 49 2 34 20 23 36 17 46 8 41 12 13 15 
43 10
7 28 17 42 46 37 47 19 26 23 
26 11
37 28 44 22 5 43 49 32 2 45 35 
1 11
22 16 8 41 7 2 6 32 11 40 39 
36 12
37 9 17 7 45 4 10 0 29 6 32 34 
37 8
36 26 43 49 44 9 40 34 
13 10
8 10 4 23 45 3 6 32 14 20 
49 13
0 32 27 24 37 33 44 45 2 26 40 14 34 
41 7
45 14 21 12 29 1 5 
31 8
25 30 28 48 18 3 5 29 
17 10
47 43 0 29 3 22 36 30 45 28 
14 10
18 15 8 49 24 11 22 30 41 13 
12 10
44 9 6 21 40 20 45 23 41 42 
