50
46 2
42 18 
18 7
5 30 21 15 14 28 46 
41 1
49 
49 3
15 3 41 
28 1
18 
19 2
8 11 
11 2
47 19 
37 1
45 
45 4
3 24 37 36 
0 1
38 
38 4
24 0 39 34 
40 1
42 
42 10
5 46 44 32 7 26 27 43 23 40 
17 1
9 
9 3
16 17 6 
34 1
38 
24 4
5 32 45 38 
22 1
33 
33 3
14 48 22 
36 2
1 45 
1 2
36 5 
5 6
24 18 3 1 42 16 
48 1
33 
43 2
21 42 
4 1
27 
27 2
42 4 
31 2
7 2 
2 1
31 
7 2
42 31 
23 1
42 
21 2
43 18 
20 2
3 35 
35 1
20 
3 5
45 5 47 49 20 
32 3
42 24 29 
25 1
16 
16 4
5 9 25 39 
12 2
10 14 
14 4
18 13 33 12 
44 3
42 47 8 
8 2
19 44 
47 4
3 44 10 11 
26 1
42 
10 2
12 47 
15 2
49 18 
30 2
6 18 
29 1
32 
13 1
14 
39 2
38 16 
6 2
30 9 
