100
91 1
23 
23 2
47 91 
14 1
51 
51 4
97 7 11 14 
82 1
2 
2 2
85 82 
49 1
1 
1 2
81 49 
87 1
20 
20 2
15 87 
25 1
27 
27 2
46 25 
47 4
92 98 16 23 
39 1
41 
41 2
93 39 
61 1
16 
16 2
47 61 
38 1
46 
46 3
42 38 27 
5 2
56 72 
72 2
66 5 
88 1
13 
13 3
79 81 88 
53 1
19 
19 2
26 53 
63 1
62 
62 2
52 63 
68 1
9 
9 3
42 54 68 
34 1
18 
18 2
44 34 
86 1
96 
96 2
32 86 
15 2
32 20 
40 1
81 
81 5
13 99 70 40 1 
73 1
17 
17 2
28 73 
75 1
44 
44 5
89 37 18 35 75 
77 1
64 
64 2
36 77 
48 1
79 
79 5
76 80 13 95 48 
54 1
9 
36 3
52 33 64 
33 1
36 
52 3
92 36 62 
78 2
97 90 
90 1
78 
97 10
31 89 78 0 32 6 26 51 4 42 
59 1
66 
66 5
83 72 43 69 59 
50 1
95 
95 5
79 60 50 56 29 
67 1
76 
76 4
26 67 79 65 
24 1
7 
7 2
51 24 
28 3
83 17 84 
84 1
28 
83 7
31 85 28 71 3 66 12 
93 2
32 41 
85 2
83 2 
56 2
5 95 
80 1
79 
10 1
74 
74 2
3 10 
35 2
44 94 
37 1
44 
89 2
97 44 
29 1
95 
99 1
81 
12 1
83 
32 4
97 93 15 96 
45 1
92 
92 4
26 45 52 47 
57 1
11 
11 3
51 30 57 
31 2
97 83 
42 4
97 46 9 22 
4 1
97 
26 5
97 19 92 76 58 
6 2
97 21 
0 1
97 
21 1
6 
58 1
26 
22 1
42 
98 1
47 
71 1
83 
3 3
83 74 8 
65 1
76 
69 1
66 
60 2
95 55 
70 1
81 
43 1
66 
55 1
60 
8 1
3 
94 1
35 
30 1
11 
