50
9 8
38 1 28 42 35 19 22 30 
30 4
34 46 44 9 
22 10
39 42 44 16 33 4 47 38 25 9 
19 10
39 49 7 26 15 10 11 24 9 5 
35 10
16 40 41 13 9 24 10 5 45 2 
42 8
22 43 9 39 14 38 33 26 
25 9
48 18 4 14 34 2 22 46 37 
38 5
45 22 42 9 17 
47 9
12 11 21 41 45 40 20 23 22 
4 10
25 16 41 20 31 0 15 36 22 49 
33 10
44 1 3 22 2 15 13 7 12 42 
17 6
49 31 36 11 38 15 
43 5
26 42 48 15 39 
39 12
42 16 7 22 32 19 45 28 27 48 5 43 
15 8
34 33 46 4 49 43 19 17 
48 12
28 25 41 29 24 21 39 20 43 6 3 18 
37 7
0 6 26 18 16 14 25 
46 11
3 30 24 34 15 29 45 41 49 25 27 
2 8
25 10 0 27 33 18 35 12 
12 7
36 44 33 47 34 24 2 
18 11
25 6 24 37 23 36 41 2 8 28 48 
27 7
39 10 5 45 2 23 46 
0 6
37 34 14 4 28 2 
10 5
27 20 2 35 19 
5 5
27 39 19 35 16 
16 13
22 31 4 37 1 5 3 39 20 34 45 35 26 
13 5
49 33 40 14 35 
14 9
44 25 0 24 37 42 7 13 45 
7 7
19 39 14 20 21 44 33 
21 5
44 45 48 7 47 
20 8
45 16 4 47 10 6 48 7 
29 5
3 40 46 48 11 
11 6
47 41 19 45 17 29 
40 10
3 44 29 26 35 49 47 13 41 31 
49 8
17 13 40 19 26 15 46 4 
34 9
25 0 15 23 30 46 16 44 12 
3 9
29 40 8 46 16 33 48 31 1 
1 4
9 33 16 3 
44 12
26 21 12 7 8 33 22 23 30 40 14 34 
23 7
41 44 18 34 27 28 47 
24 13
14 41 36 18 28 48 35 45 19 8 46 12 6 
6 8
26 18 37 24 20 48 36 32 
8 5
44 24 3 18 32 
45 12
35 38 21 11 24 39 20 14 27 47 16 46 
28 7
39 48 9 24 18 0 23 
41 10
23 48 24 11 35 18 4 47 46 40 
36 7
12 24 4 18 32 6 17 
26 9
6 37 19 43 49 40 44 16 42 
31 5
17 16 4 3 40 
32 4
39 36 6 8 
