50
20 9
48 0 13 3 1 30 22 45 35 
35 13
18 49 2 26 16 6 11 23 38 25 39 34 20 
22 12
19 16 47 38 15 30 23 48 40 20 32 13 
1 11
3 42 36 45 49 4 47 33 14 20 7 
13 12
26 49 32 20 40 39 36 22 5 18 27 17 
17 10
43 32 46 33 30 25 5 42 40 13 
27 6
21 30 44 46 13 34 
18 11
35 2 26 6 29 10 31 21 24 37 13 
39 11
30 35 2 6 32 25 13 0 15 14 8 
40 7
13 45 48 17 22 25 6 
43 10
17 38 47 14 36 23 29 15 32 11 
11 6
9 48 37 35 26 43 
32 12
46 13 17 31 14 39 30 22 0 29 49 43 
15 9
22 30 31 9 48 39 44 12 43 
29 6
18 33 45 23 43 32 
23 9
29 41 35 36 22 9 28 48 43 
36 10
23 13 2 1 38 25 4 43 46 10 
14 13
32 26 9 31 43 3 1 12 42 0 16 44 39 
47 8
31 37 41 22 43 0 5 1 
8 6
7 28 25 0 5 39 
5 9
2 38 47 48 17 13 41 8 12 
0 12
7 26 33 8 38 25 20 39 14 47 42 32 
25 13
16 8 17 35 2 39 40 4 49 38 0 36 7 
4 9
36 6 25 38 46 16 10 24 1 
24 8
26 38 33 16 46 4 18 7 
10 8
28 26 2 12 18 41 4 36 
16 15
12 7 38 25 19 35 45 48 4 2 49 21 24 14 22 
38 17
34 5 24 16 44 43 36 7 30 25 4 22 9 0 6 2 35 
31 8
15 47 14 32 3 18 19 7 
7 12
30 0 16 8 26 34 21 24 38 25 1 31 
19 13
26 49 33 16 44 22 30 48 31 9 37 21 3 
44 9
41 27 38 15 6 19 45 49 14 
30 13
7 22 20 39 34 15 19 45 17 27 32 33 38 
9 8
21 11 14 15 23 38 19 12 
6 10
4 35 18 38 41 39 40 44 33 48 
2 13
49 28 18 5 36 10 39 38 25 41 35 26 16 
46 7
4 32 24 33 17 27 36 
33 11
34 24 0 29 46 28 17 19 1 6 30 
49 10
32 42 13 2 35 19 25 1 16 44 
45 12
12 29 26 3 1 20 40 30 16 44 37 21 
42 7
49 1 3 17 14 0 26 
26 17
24 0 13 14 37 2 45 19 35 3 11 18 28 7 42 41 10 
3 8
31 20 14 1 45 26 19 42 
48 10
11 15 5 20 40 16 19 22 23 6 
37 7
34 47 11 45 26 19 18 
21 8
7 12 9 27 18 16 19 45 
12 10
16 45 14 21 10 15 28 9 41 5 
34 8
33 37 38 30 7 35 28 27 
41 9
44 47 23 5 26 2 10 6 12 
28 8
10 8 33 12 23 34 2 26 
