20
10 12
14 13 7 11 15 0 1 18 3 12 16 2 
2 14
10 12 7 13 5 19 4 18 11 3 16 14 1 9 
16 14
5 10 1 0 11 12 2 4 19 6 8 7 17 14 
12 16
5 14 2 19 17 7 4 8 16 13 15 10 0 1 11 18 
3 12
11 14 8 13 7 10 18 2 19 4 17 9 
0 10
19 17 18 16 8 10 11 14 12 13 
7 13
11 14 17 10 1 18 5 3 13 2 8 16 12 
13 12
6 17 12 18 3 1 7 14 19 2 10 0 
18 13
0 10 13 7 12 11 14 5 3 2 6 17 9 
5 10
11 12 15 7 17 2 18 1 16 14 
19 10
0 15 16 6 2 13 3 1 12 11 
4 9
11 15 8 16 2 12 17 9 3 
6 8
13 16 8 15 19 14 18 17 
17 15
6 12 14 18 11 5 7 15 13 3 16 4 0 1 9 
14 16
10 7 17 15 13 6 5 18 9 0 1 16 3 8 12 2 
11 14
19 2 12 18 5 3 16 9 0 10 15 17 7 4 
1 12
10 16 8 7 13 9 17 14 2 19 5 12 
9 10
11 14 17 2 15 4 1 3 18 8 
15 10
5 4 19 6 11 10 9 17 14 12 
8 10
4 16 6 1 3 14 0 12 9 7 
