100
60 7
42 13 32 99 43 78 21 
21 7
41 65 89 19 82 55 60 
43 7
29 60 98 39 9 93 16 
28 6
48 91 41 86 57 54 
54 7
94 36 26 69 67 77 28 
57 5
0 52 71 28 20 
86 6
11 49 23 46 32 28 
41 10
21 56 29 28 77 61 50 88 83 45 
64 8
80 25 63 15 9 47 23 30 
30 2
0 64 
23 4
59 82 86 64 
47 3
7 0 64 
9 9
77 73 15 43 53 64 46 33 55 
15 6
38 98 64 51 9 67 
25 5
32 82 64 97 35 
76 9
16 62 18 89 53 73 67 65 31 
31 4
1 65 46 76 
65 10
21 52 10 17 31 34 14 46 76 51 
67 6
95 18 54 76 15 58 
73 4
10 76 9 89 
1 5
32 96 31 19 70 
70 3
77 69 1 
19 9
8 21 79 77 87 81 1 49 4 
96 6
91 12 1 68 50 61 
45 3
42 90 41 
90 7
63 27 45 24 37 40 34 
20 7
3 16 81 88 57 63 24 
71 5
57 40 94 6 37 
92 2
6 56 
56 7
37 8 99 41 27 48 92 
6 7
93 16 71 92 94 32 85 
85 5
97 72 6 46 95 
32 12
60 1 78 8 46 82 55 6 86 48 25 72 
94 6
71 27 0 6 54 50 
33 9
16 22 84 3 62 48 9 27 53 
53 3
9 76 33 
27 7
89 56 94 90 33 93 69 
62 4
76 33 24 37 
3 6
20 66 58 33 87 77 
24 7
80 99 35 48 62 90 20 
63 6
5 64 87 90 20 12 
81 7
66 20 69 19 26 13 22 
46 8
86 13 65 44 31 9 85 32 
37 8
69 29 56 87 79 71 62 90 
40 6
44 90 87 68 71 52 
50 8
59 96 26 2 69 49 94 41 
0 10
89 47 57 30 75 12 42 91 94 18 
91 6
28 96 7 2 0 49 
49 8
95 19 86 4 13 55 50 91 
2 5
82 16 91 50 38 
7 5
47 52 17 91 69 
75 9
12 98 0 87 55 99 36 84 5 
5 3
63 98 75 
84 7
22 4 33 77 75 35 80 
36 3
34 54 75 
99 5
24 60 39 56 75 
55 9
72 12 32 9 75 49 51 34 21 
87 9
63 29 40 75 17 19 37 78 3 
51 7
98 34 93 15 55 82 65 
82 6
2 21 32 23 25 51 
93 7
6 72 27 51 43 22 18 
18 4
76 67 93 0 
22 6
33 61 84 11 81 93 
79 4
14 19 37 74 
69 11
37 68 83 80 7 70 81 54 50 44 27 
44 9
40 89 69 74 77 8 46 88 95 
13 5
60 49 46 81 59 
89 7
27 21 44 76 0 66 73 
42 5
60 45 26 0 59 
59 6
50 23 34 13 11 42 
58 4
29 3 34 67 
34 12
77 59 51 58 90 35 97 36 65 95 55 38 
80 4
64 69 24 84 
35 5
4 34 24 84 25 
77 9
9 70 34 84 19 54 41 44 3 
52 7
29 65 57 7 48 8 40 
8 6
19 56 32 11 44 52 
48 6
33 28 24 32 56 52 
66 5
3 95 81 26 89 
26 7
54 50 42 4 11 81 66 
95 7
49 67 66 12 34 44 85 
17 3
65 7 87 
68 5
69 39 40 78 96 
4 5
84 49 35 26 19 
11 5
86 26 22 8 59 
83 2
69 41 
38 3
15 34 2 
16 8
33 76 14 20 6 2 43 10 
72 4
93 85 55 32 
78 6
60 14 32 87 68 97 
10 4
73 14 65 16 
98 5
75 5 15 51 43 
39 3
99 68 43 
12 7
75 55 95 88 96 0 63 
97 4
25 85 34 78 
14 5
79 16 78 10 65 
74 2
44 79 
88 4
20 44 12 41 
29 6
37 52 43 58 87 41 
61 3
41 22 96 
