30
8 5
21 29 15 2 26 
26 6
11 21 9 27 28 8 
15 5
17 19 5 1 8 
1 7
27 6 25 11 24 22 15 
13 9
22 7 25 12 18 3 20 2 19 
19 10
17 18 16 25 6 15 13 7 4 14 
20 3
27 28 13 
3 2
17 13 
18 7
24 19 2 25 13 9 5 
12 6
28 7 13 23 24 11 
25 7
19 17 21 13 5 18 1 
29 3
8 22 9 
9 9
7 4 6 18 17 10 29 26 2 
21 7
4 8 16 22 26 25 11 
11 7
26 4 23 1 28 12 21 
23 8
14 22 11 6 0 10 12 28 
28 7
12 20 24 11 2 26 23 
22 7
13 23 0 10 29 21 1 
2 6
13 0 18 8 28 9 
10 6
7 14 22 23 9 27 
17 8
19 4 15 25 3 5 16 9 
24 6
28 16 12 18 1 0 
0 6
22 23 2 24 16 6 
16 5
19 24 21 17 0 
5 4
25 15 17 18 
6 5
19 23 1 9 0 
14 3
23 10 19 
4 5
21 11 17 9 19 
7 6
12 10 13 27 9 19 
27 5
20 1 7 26 10 
