50
33 1
49 
49 5
38 47 23 48 33 
43 1
1 
1 4
47 43 0 22 
39 1
44 
44 2
24 39 
11 1
47 
47 7
49 19 1 3 13 40 11 
22 1
1 
32 1
46 
46 4
48 6 32 41 
26 1
10 
10 5
24 21 5 8 26 
37 2
3 34 
34 1
37 
3 3
47 37 36 
41 1
46 
28 1
29 
29 3
38 9 28 
0 1
1 
17 1
7 
7 2
18 17 
40 2
47 2 
2 1
40 
19 1
47 
5 4
10 16 25 4 
4 2
5 45 
25 2
5 35 
16 2
5 15 
14 2
38 20 
20 1
14 
38 5
27 49 24 29 14 
18 2
23 7 
8 1
10 
21 2
45 10 
24 3
38 10 44 
35 1
25 
27 3
38 12 31 
31 1
27 
12 1
27 
9 2
29 30 
15 1
16 
13 1
47 
42 1
48 
48 3
49 46 42 
23 2
49 18 
36 1
3 
30 1
9 
45 2
21 4 
6 1
46 
