50
19 3
45 48 36 
36 6
9 39 30 21 24 19 
43 6
49 2 30 34 8 16 
16 9
48 11 26 35 13 7 4 47 43 
20 6
46 47 15 39 2 35 
35 6
32 3 16 9 17 20 
46 3
45 20 22 
22 3
49 15 46 
48 6
16 27 6 26 19 15 
15 9
11 20 29 45 26 4 18 22 48 
47 3
20 16 45 
45 8
8 46 41 15 1 19 2 47 
7 5
28 31 23 30 16 
26 7
1 48 6 12 16 44 15 
32 4
35 4 49 34 
34 5
27 44 43 18 32 
9 8
36 8 35 2 40 5 13 6 
6 7
0 26 12 30 48 9 21 
5 5
17 9 0 29 10 
10 2
17 5 
29 7
24 11 15 31 4 49 5 
8 9
45 30 9 43 4 13 11 33 44 
44 3
34 26 8 
33 2
1 8 
37 2
30 14 
14 4
12 24 37 41 
18 7
1 31 24 49 15 34 23 
23 3
39 7 18 
1 6
18 26 45 42 39 33 
39 7
13 36 23 20 0 1 38 
42 3
49 1 27 
24 7
18 29 36 30 14 12 13 
25 1
49 
49 7
43 18 32 42 22 29 25 
2 5
43 9 20 45 3 
3 3
13 35 2 
4 6
32 13 16 8 29 15 
31 4
18 7 29 28 
28 2
7 31 
11 5
27 8 16 15 29 
13 7
39 3 4 8 16 9 24 
12 5
6 14 26 24 17 
30 8
8 43 36 37 24 6 41 7 
27 4
34 48 11 42 
41 4
45 30 14 40 
40 4
17 9 38 41 
17 5
40 5 10 12 35 
38 3
40 39 0 
0 4
6 5 39 38 
21 2
36 6 
