50
35 4
29 13 37 45 
45 9
15 10 4 6 44 46 41 19 35 
37 7
3 25 32 35 47 49 48 
27 4
31 8 46 11 
11 5
21 42 48 27 29 
46 4
27 36 42 45 
42 6
11 46 12 4 13 26 
36 4
22 46 43 49 
8 4
32 27 2 15 
15 6
9 19 26 45 7 8 
2 6
30 8 19 5 39 24 
4 5
49 42 45 10 1 
1 2
49 4 
10 9
20 18 25 4 17 44 33 45 13 
28 5
38 41 17 39 3 
3 5
37 7 49 28 0 
39 6
34 17 28 32 2 41 
17 7
14 39 44 10 28 22 5 
41 5
31 28 5 45 39 
5 4
2 41 17 23 
23 4
47 16 6 5 
29 4
35 44 11 21 
21 3
11 0 29 
44 9
24 17 10 29 45 19 20 40 30 
47 5
37 23 22 9 7 
7 3
3 47 15 
9 3
24 15 47 
22 5
36 17 47 49 6 
16 3
18 23 19 
19 9
15 43 26 45 2 38 25 44 16 
18 5
31 25 10 16 43 
13 6
35 40 48 10 42 12 
33 3
12 10 48 
25 4
37 18 10 19 
24 4
48 9 44 2 
26 3
19 15 42 
12 5
49 33 42 13 38 
48 10
40 20 34 13 30 33 24 11 37 43 
40 3
48 13 44 
43 5
36 38 19 48 18 
49 10
12 4 14 3 1 37 30 22 36 31 
38 4
19 28 43 12 
6 7
32 0 23 30 22 45 14 
20 4
10 31 48 44 
31 5
18 41 27 20 49 
34 2
39 48 
14 3
17 49 6 
32 4
6 8 37 39 
30 5
2 49 48 6 44 
0 3
21 6 3 
