30
14 13
27 9 1 3 22 23 25 20 6 19 0 10 11 
11 5
0 28 4 14 13 
10 7
21 0 13 28 9 14 25 
0 5
11 10 23 14 28 
19 5
20 14 16 21 15 
6 7
7 16 28 27 26 14 5 
20 6
5 19 2 16 14 24 
25 3
5 14 10 
23 5
13 27 0 14 12 
22 3
1 14 16 
3 3
5 14 24 
1 6
22 18 7 13 14 27 
9 7
14 16 13 28 17 10 18 
27 5
14 18 1 23 6 
26 5
2 4 6 7 17 
17 6
29 8 13 7 9 26 
7 6
6 1 13 17 2 26 
4 4
26 18 11 16 
2 6
26 24 20 16 7 29 
29 3
17 8 2 
16 10
9 18 5 19 2 6 15 20 22 4 
24 7
15 18 3 12 2 20 8 
5 7
3 25 20 13 16 8 6 
8 5
5 28 17 29 24 
13 9
23 10 7 9 17 5 18 1 11 
18 9
4 12 13 16 24 21 1 27 9 
21 3
10 18 19 
12 4
18 28 24 23 
28 7
8 9 6 12 11 10 0 
15 3
24 16 19 
