100
53 3
77 65 29 
29 2
55 53 
25 3
60 57 96 
96 4
2 67 99 25 
98 2
93 50 
50 4
49 36 19 98 
23 2
65 45 
45 2
76 23 
41 1
99 
99 5
69 4 96 88 41 
9 2
44 17 
17 3
62 39 9 
7 4
57 33 37 78 
78 5
94 28 64 7 21 
65 4
11 23 53 3 
3 3
16 71 65 
46 2
83 42 
42 2
39 46 
37 3
14 7 59 
59 3
67 55 37 
56 2
69 74 
74 4
20 34 73 56 
79 5
63 32 13 20 11 
11 5
65 38 31 63 79 
88 2
27 99 
77 2
53 36 
36 5
51 52 50 26 77 
39 7
14 40 10 5 12 42 17 
87 1
5 
5 2
39 87 
73 2
93 74 
60 2
25 20 
20 5
74 79 81 60 22 
49 3
50 70 51 
51 3
36 34 49 
82 1
14 
14 6
28 24 37 34 39 82 
61 2
90 47 
47 5
85 34 95 61 32 
38 2
11 76 
76 5
63 27 48 45 38 
55 3
83 29 59 
2 2
85 96 
85 5
47 28 69 2 68 
26 2
58 36 
52 3
89 72 36 
21 2
4 78 
64 1
78 
28 4
78 85 14 90 
94 7
10 27 31 34 8 78 24 
22 1
20 
68 3
34 85 30 
72 7
58 27 71 52 33 66 35 
24 4
14 94 54 16 
16 3
3 71 24 
54 2
75 24 
12 1
39 
10 4
94 4 39 75 
40 1
39 
57 3
7 25 30 
30 4
93 89 68 57 
31 3
11 94 97 
97 2
31 43 
43 1
97 
35 1
72 
66 2
1 72 
33 4
8 7 72 69 
71 7
16 72 15 0 92 93 3 
27 5
88 58 72 76 94 
58 3
26 27 72 
44 2
9 48 
48 2
76 44 
75 2
54 10 
1 2
66 81 
81 5
34 20 83 1 70 
63 4
76 79 19 11 
90 2
61 28 
8 2
33 94 
83 5
46 95 81 62 55 
62 2
17 83 
92 1
71 
93 5
73 30 98 71 84 
0 1
71 
15 1
71 
34 8
94 14 81 68 18 51 47 74 
18 2
34 89 
89 4
52 30 18 4 
4 4
99 10 21 89 
67 2
59 96 
19 4
50 91 63 86 
95 2
83 47 
69 5
99 56 85 33 13 
13 2
79 69 
70 2
49 81 
86 1
19 
91 2
19 80 
84 2
93 6 
6 1
84 
80 1
91 
32 2
79 47 
