20
4 8
13 0 17 14 5 8 16 2 
2 6
11 16 13 7 4 15 
15 13
6 9 17 1 18 3 7 13 12 0 10 19 2 
7 9
10 15 0 18 1 3 9 16 2 
5 4
1 10 4 12 
12 9
11 14 8 9 6 15 0 18 5 
13 9
4 14 10 15 2 9 6 3 18 
18 9
12 11 15 17 14 3 1 7 13 
3 8
18 10 15 0 7 13 8 17 
6 5
15 8 1 12 13 
9 10
14 12 8 1 19 13 7 15 0 10 
17 6
15 4 11 19 18 3 
16 6
10 0 2 4 7 1 
1 10
15 6 14 11 9 7 5 18 19 16 
10 8
16 3 5 13 7 15 9 14 
0 10
8 16 4 15 19 3 7 9 11 12 
11 8
12 18 1 8 17 0 2 19 
14 8
9 12 4 19 13 1 18 10 
19 7
14 0 15 1 17 9 11 
8 7
0 6 4 12 9 11 3 
