20
5 10
6 12 2 0 15 16 14 7 13 17 
17 11
12 4 14 11 2 19 10 6 1 18 5 
13 10
6 19 15 4 7 18 3 5 16 8 
7 10
14 12 16 0 10 15 13 2 5 18 
14 9
7 0 15 17 8 16 5 2 11 
16 13
11 6 13 7 14 0 10 1 3 5 18 8 4 
15 10
2 19 14 3 5 1 11 10 13 7 
11 7
16 12 15 17 18 1 14 
2 11
15 6 4 17 9 5 18 19 7 12 14 
12 10
17 11 7 10 5 3 18 2 4 6 
19 8
13 4 15 10 3 2 9 17 
18 12
6 1 0 10 12 2 11 13 7 17 9 16 
9 9
8 1 3 18 0 10 19 2 6 
4 11
0 17 13 6 19 2 8 16 12 3 1 
1 8
9 17 16 18 0 15 11 4 
8 6
14 9 0 4 16 13 
6 12
13 2 16 4 17 9 18 5 3 12 10 0 
10 11
6 19 12 18 3 17 9 16 7 0 15 
0 12
4 14 5 1 18 3 8 16 7 9 10 6 
3 10
4 13 16 19 12 9 6 15 0 10 
