30
28 10
25 22 7 10 11 12 6 9 16 8 
8 8
20 19 15 29 9 17 28 5 
9 9
21 0 29 17 28 13 8 16 14 
6 8
22 0 4 24 26 28 16 7 
12 4
11 24 28 18 
11 5
12 25 4 28 0 
10 4
28 13 0 21 
18 12
2 22 0 27 5 1 21 24 16 13 12 4 
24 8
4 6 2 12 3 18 29 15 
25 6
28 4 16 11 14 5 
5 9
0 8 16 7 13 20 25 18 3 
14 9
15 2 25 23 22 3 1 9 27 
2 6
18 15 14 20 24 26 
26 6
0 29 20 6 4 2 
20 6
8 16 26 2 19 5 
17 7
19 22 9 7 13 8 29 
29 7
26 19 24 15 8 9 17 
16 11
13 25 20 0 15 6 19 5 18 28 9 
19 5
17 29 8 16 20 
15 7
22 14 2 29 8 16 24 
13 10
16 1 18 5 27 17 9 7 10 23 
23 5
21 14 0 27 13 
7 7
21 28 17 13 5 1 6 
1 5
14 13 7 18 22 
4 6
25 6 24 11 18 26 
21 5
23 9 7 18 10 
27 4
13 23 18 14 
0 10
26 6 9 3 18 5 16 23 10 11 
22 7
6 15 28 17 14 18 1 
3 4
24 0 14 5 
