50
31 8
16 19 24 43 18 41 7 13 
13 5
7 40 23 6 31 
4 6
41 27 38 14 0 29 
29 9
25 21 23 22 16 9 17 49 4 
33 7
7 41 22 28 16 43 24 
24 11
20 31 19 36 22 12 47 0 18 7 33 
6 12
47 23 22 18 32 38 39 40 14 9 27 13 
17 3
44 12 29 
15 4
44 22 0 1 
1 5
32 34 42 41 15 
0 9
16 9 22 11 24 47 4 2 15 
8 10
49 36 10 12 11 20 40 3 28 9 
9 6
6 29 0 2 46 8 
19 10
12 31 24 11 45 26 10 3 47 49 
49 9
36 29 32 16 8 40 43 2 19 
43 8
45 10 49 33 31 20 25 38 
38 10
39 36 7 6 48 28 26 5 4 43 
25 8
43 16 37 32 29 40 34 20 
20 13
41 35 2 22 28 8 16 46 39 43 24 11 25 
2 10
22 7 47 49 27 9 20 40 39 0 
39 7
6 38 20 30 36 23 2 
7 8
33 13 48 31 38 23 2 24 
37 6
25 42 23 11 21 3 
3 9
47 23 27 8 45 19 11 21 37 
21 6
3 48 28 26 29 37 
23 9
3 29 10 39 6 13 7 11 37 
11 11
37 3 18 19 0 8 28 40 20 23 30 
30 5
39 10 44 12 11 
28 11
18 33 44 8 47 38 21 11 10 20 34 
18 9
22 11 24 34 12 28 31 6 47 
47 12
0 24 22 19 45 2 28 6 3 18 12 44 
48 7
22 21 7 38 16 5 12 
12 9
19 24 30 8 18 41 47 48 17 
16 12
49 45 35 25 14 20 33 31 48 0 29 5 
5 6
48 38 42 14 40 16 
44 5
15 30 17 28 47 
41 8
31 33 4 20 1 36 12 42 
42 4
37 1 5 41 
34 6
1 18 25 28 26 45 
10 12
43 8 32 45 19 14 40 28 30 22 23 36 
46 4
9 20 32 35 
35 6
20 36 26 32 16 46 
32 7
1 49 25 10 35 6 46 
40 11
6 49 13 11 25 8 10 26 2 27 5 
26 6
21 40 34 19 35 38 
45 8
16 3 19 43 47 10 14 34 
27 6
2 4 22 3 40 6 
14 6
16 5 45 10 4 6 
22 13
33 2 20 24 18 48 27 47 15 10 0 29 6 
36 8
49 38 8 24 39 35 41 10 
