20
19 8
17 16 1 18 2 13 12 4 
4 7
10 7 13 8 19 5 11 
12 6
8 11 6 0 5 19 
13 10
8 14 15 4 7 17 5 1 18 19 
2 11
6 0 10 15 18 3 19 8 16 17 9 
18 8
6 10 3 1 2 19 16 13 
6 8
12 11 16 7 9 2 18 3 
3 9
9 14 8 11 10 15 18 2 6 
9 8
17 5 3 10 11 14 6 2 
16 6
14 6 15 18 19 2 
15 12
17 11 10 0 16 8 2 3 1 14 13 7 
10 11
4 15 3 5 18 8 11 2 7 9 17 
11 8
12 9 5 3 6 15 10 4 
5 9
9 1 8 11 0 10 12 13 4 
8 8
13 2 12 5 3 4 10 15 
14 6
13 3 16 9 15 0 
0 6
2 17 5 12 15 14 
1 6
19 7 13 5 18 15 
17 7
9 19 2 13 15 0 10 
7 6
1 4 6 13 15 10 
