30
8 10
16 23 25 18 3 9 27 21 29 10 
10 9
15 20 14 4 22 23 19 16 8 
21 12
22 8 25 18 26 2 13 7 29 11 24 17 
20 7
10 12 3 11 13 17 9 
9 10
0 11 16 8 19 12 3 27 28 20 
13 9
16 21 12 26 28 20 3 23 22 
11 15
4 26 15 29 27 5 18 2 19 20 21 7 9 1 22 
24 8
14 3 1 25 17 26 21 16 
16 12
8 28 9 7 13 2 23 10 29 0 4 24 
26 13
28 12 1 3 23 13 29 15 6 11 24 21 19 
17 6
7 20 29 28 24 21 
19 10
11 28 9 6 22 26 14 15 29 10 
14 8
24 22 4 10 28 6 19 12 
22 11
21 11 14 10 4 18 5 7 13 2 19 
6 7
0 27 14 19 26 5 18 
4 13
12 11 14 5 1 18 16 2 7 22 23 10 0 
0 9
6 2 18 9 27 12 16 4 7 
29 13
17 7 25 5 3 19 26 2 8 16 23 11 21 
18 11
8 22 12 0 4 11 21 3 5 1 6 
27 6
9 0 12 8 6 11 
3 12
24 20 8 26 29 18 1 28 9 13 25 23 
23 12
8 16 26 15 10 29 7 13 28 4 1 3 
25 7
8 29 28 3 24 21 2 
12 11
4 26 13 27 9 18 1 0 15 20 14 
15 7
1 10 23 12 19 26 11 
28 11
16 3 25 19 26 2 14 13 23 17 9 
1 11
23 26 2 15 4 12 7 24 11 3 18 
7 11
17 16 22 23 5 1 4 11 21 29 0 
5 8
7 4 29 6 18 22 2 11 
2 11
22 28 16 0 29 1 5 4 21 11 25 
