100
53 4
41 77 65 29 
29 3
91 55 53 
25 6
71 35 74 60 57 96 
96 5
35 2 67 99 25 
98 2
93 50 
50 4
49 36 19 98 
23 5
37 77 22 65 45 
45 3
63 76 23 
41 3
53 83 99 
99 5
69 4 96 88 41 
9 3
10 44 17 
17 6
80 2 62 20 39 9 
7 5
19 57 33 37 78 
78 7
90 76 94 28 64 7 21 
65 5
97 11 23 53 3 
3 5
55 16 24 71 65 
46 3
27 83 42 
42 3
72 39 46 
37 4
23 14 7 59 
59 4
91 67 55 37 
56 4
33 61 69 74 
74 5
25 20 34 73 56 
79 5
63 32 13 20 11 
11 5
65 38 31 63 79 
88 2
27 99 
77 3
53 23 36 
36 6
1 51 52 50 26 77 
39 7
14 40 10 5 12 42 17 
87 1
5 
5 3
86 39 87 
73 2
93 74 
60 4
63 89 25 20 
20 6
17 74 79 81 60 22 
49 4
31 50 70 51 
51 3
36 34 49 
82 1
14 
14 7
43 28 24 37 34 39 82 
61 4
21 56 90 47 
47 5
85 34 95 61 32 
38 2
11 76 
76 8
95 78 63 27 48 81 45 38 
55 5
3 83 70 29 59 
2 3
17 85 96 
85 7
63 90 47 28 69 2 68 
26 3
80 58 36 
52 4
4 89 72 36 
21 5
31 61 62 4 78 
64 2
30 78 
28 4
78 85 14 90 
94 7
10 27 31 34 8 78 24 
22 2
23 20 
68 4
89 34 85 30 
72 9
42 58 27 71 52 44 33 66 35 
24 5
3 14 94 54 16 
16 4
54 3 71 24 
54 3
16 75 24 
12 1
39 
10 6
57 94 4 39 9 75 
40 2
95 39 
57 4
10 7 25 30 
30 5
64 93 89 68 57 
31 5
49 21 11 94 97 
97 3
65 31 43 
43 2
14 97 
35 3
96 25 72 
66 2
1 72 
33 5
56 8 7 72 69 
71 9
16 25 72 15 0 34 92 93 3 
27 6
88 58 72 46 76 94 
58 3
26 27 72 
44 3
72 9 48 
48 2
76 44 
75 2
54 10 
1 3
36 66 81 
81 6
76 34 20 83 1 70 
63 7
60 85 76 79 45 19 11 
90 4
78 61 85 28 
8 2
33 94 
83 6
41 46 95 81 62 55 
62 3
21 17 83 
92 1
71 
93 5
73 30 98 71 84 
0 1
71 
15 1
71 
34 9
71 94 14 81 68 18 51 47 74 
18 2
34 89 
89 6
60 52 30 68 18 4 
4 5
52 99 10 21 89 
67 2
59 96 
19 5
7 50 91 63 86 
95 4
76 40 83 47 
69 5
99 56 85 33 13 
13 2
79 69 
70 3
55 49 81 
86 2
5 19 
91 5
84 59 29 19 80 
84 3
91 93 6 
6 1
84 
80 3
17 26 91 
32 2
79 47 
