20
5 8
13 19 14 10 15 11 4 1 
1 9
17 12 19 18 5 6 8 7 4 
4 9
10 2 16 13 5 3 1 18 12 
11 11
17 14 5 3 19 2 8 16 10 15 12 
12 10
1 19 6 16 8 13 4 10 15 11 
18 8
19 0 17 1 3 13 8 4 
3 10
9 17 11 18 4 19 2 10 0 8 
13 8
15 4 5 18 9 12 2 8 
14 6
7 5 11 8 16 15 
15 10
13 5 19 2 12 17 9 11 6 14 
16 9
4 17 12 8 11 14 19 10 0 
8 12
14 10 0 16 12 11 18 1 3 9 17 13 
17 10
15 9 19 11 1 3 18 6 16 8 
9 10
17 3 6 7 13 15 10 2 19 8 
0 7
2 8 16 18 3 6 10 
2 9
4 10 15 0 3 7 13 9 11 
7 5
9 14 6 2 1 
6 8
19 7 12 0 15 1 9 17 
19 11
15 6 12 18 5 1 3 11 17 9 16 
10 10
11 4 8 16 12 2 5 3 0 9 
