50
13 3
14 44 35 
35 2
20 13 
44 6
8 47 42 41 13 21 
14 8
39 12 33 13 18 31 47 4 
29 4
32 45 11 9 
9 5
12 6 17 16 29 
11 4
8 19 47 29 
45 7
6 36 37 24 42 38 29 
32 5
29 0 24 37 42 
15 4
18 2 10 23 
23 2
42 15 
10 3
47 15 19 
2 5
33 18 31 42 15 
18 13
2 46 28 34 14 15 21 24 30 22 5 42 43 
8 7
39 24 11 44 46 41 28 
28 3
18 8 33 
41 6
49 0 44 8 5 48 
46 5
0 18 8 12 36 
21 5
48 24 5 18 44 
42 15
1 3 18 5 44 32 7 2 45 37 26 27 43 23 40 
47 9
39 14 6 11 10 44 7 30 17 
12 3
9 14 46 
17 3
27 9 47 
30 2
18 47 
7 6
31 27 42 49 47 40 
16 5
39 25 9 5 19 
19 3
11 10 16 
5 7
21 16 42 1 3 18 41 
25 3
22 16 24 
39 5
47 14 8 16 0 
26 2
42 37 
37 5
45 26 42 32 34 
24 9
8 27 21 38 25 45 32 18 1 
0 8
46 38 32 41 49 39 20 31 
20 3
35 3 0 
3 6
38 42 20 49 5 22 
27 8
40 31 17 24 1 4 42 7 
4 2
27 14 
38 5
3 34 0 24 45 
34 4
18 38 37 6 
6 4
45 47 9 34 
22 4
25 33 18 3 
33 6
2 22 48 28 40 14 
43 2
42 18 
48 3
21 33 41 
49 4
41 7 3 0 
36 2
45 46 
40 5
33 27 1 42 7 
31 5
27 2 7 0 14 
1 5
40 42 27 5 24 
