100
18 2
95 6 
6 5
62 12 55 82 18 
2 1
31 
31 5
5 99 97 2 37 
41 2
75 47 
47 3
71 86 41 
94 5
55 52 89 84 45 
45 2
34 94 
68 1
30 
30 4
14 39 46 68 
40 2
74 79 
79 4
23 99 0 40 
88 1
99 
99 6
90 79 53 16 31 88 
73 2
66 77 
77 2
28 73 
71 3
47 90 34 
34 5
90 60 69 45 71 
97 3
31 63 87 
87 5
16 74 14 15 97 
37 1
31 
46 2
96 30 
98 2
25 27 
27 2
9 98 
15 1
87 
52 3
56 94 25 
25 3
98 93 52 
36 3
4 91 65 
65 5
13 93 11 63 36 
89 2
94 9 
9 4
90 91 27 89 
54 2
57 72 
72 2
69 54 
23 3
79 64 43 
43 5
55 28 38 35 23 
64 4
67 7 23 66 
22 1
60 
60 3
56 34 22 
85 1
76 
76 2
42 85 
4 2
36 49 
49 4
0 93 96 4 
0 2
49 79 
5 2
31 3 
3 3
11 29 5 
33 3
38 57 20 
20 4
13 91 8 33 
82 2
16 6 
55 6
43 50 94 6 35 81 
12 3
84 6 61 
53 3
66 99 8 
8 3
53 95 20 
61 3
91 59 12 
38 5
33 83 43 51 48 
48 3
38 83 24 
51 2
13 38 
92 2
75 42 
42 5
11 92 57 50 76 
50 2
55 42 
57 4
33 54 83 42 
11 6
65 42 3 75 10 62 
96 2
46 49 
93 5
65 86 49 70 25 
80 1
28 
28 4
43 91 77 80 
14 3
91 87 30 
91 8
7 61 36 9 28 20 14 86 
69 3
34 62 72 
90 7
71 84 99 13 9 34 67 
62 3
69 6 11 
29 1
3 
81 4
58 44 55 21 
35 3
43 55 19 
24 2
48 74 
83 3
38 57 48 
39 1
30 
58 3
78 81 1 
1 2
13 58 
84 4
94 90 12 7 
7 3
91 84 64 
86 5
93 91 56 59 47 
59 2
61 86 
56 4
52 75 60 86 
10 2
16 11 
75 5
92 56 41 11 26 
67 2
64 90 
13 5
20 90 65 51 1 
74 3
40 87 24 
78 2
58 16 
16 6
87 10 82 99 32 78 
70 2
93 17 
26 1
75 
66 3
73 53 64 
17 1
70 
63 3
97 65 44 
95 2
18 8 
19 1
35 
44 3
32 81 63 
21 1
81 
32 2
44 16 
