30
20 3
14 9 15 
15 5
23 0 24 28 20 
9 7
0 10 14 20 26 5 28 
8 7
28 1 16 24 19 26 25 
25 3
29 5 8 
26 9
23 8 27 9 17 29 18 1 19 
24 7
15 10 6 8 11 7 4 
16 4
3 8 13 23 
1 5
14 12 23 8 26 
19 4
14 8 0 26 
0 6
15 23 18 19 9 13 
4 4
28 22 7 24 
7 5
2 5 4 29 24 
11 5
14 10 13 24 21 
6 3
14 24 5 
10 8
12 11 24 9 17 27 2 22 
28 5
8 17 9 4 15 
29 5
23 25 7 26 3 
3 4
16 2 5 29 
13 5
2 5 11 16 0 
5 8
7 13 9 3 18 6 14 25 
2 5
21 3 13 7 10 
22 2
4 10 
14 7
11 6 19 20 9 1 5 
23 8
12 26 15 29 0 21 1 16 
12 4
23 10 1 17 
18 3
26 0 5 
17 4
28 10 26 12 
27 2
26 10 
21 3
2 23 11 
