30
18 4
25 21 19 0 
0 11
17 26 2 4 3 1 5 18 22 21 10 
19 8
9 23 24 8 18 6 14 26 
21 5
2 0 18 5 16 
25 7
12 26 18 3 22 27 20 
16 4
12 1 20 21 
20 5
12 16 6 26 25 
1 7
6 22 11 0 10 13 16 
12 6
16 8 20 25 2 24 
13 6
15 8 5 3 1 22 
10 5
27 26 15 0 1 
11 5
1 26 29 17 7 
22 8
1 0 29 17 8 4 25 13 
6 4
1 20 19 15 
9 5
4 19 14 7 17 
17 7
0 22 23 28 9 11 3 
7 3
23 9 11 
14 5
26 19 15 9 27 
4 8
9 28 3 0 15 29 8 22 
8 7
13 4 19 2 22 12 5 
29 4
3 4 11 22 
3 8
28 17 13 29 0 4 24 25 
24 5
3 2 19 23 12 
28 4
3 15 4 17 
15 6
13 4 14 10 28 6 
26 7
11 25 10 0 14 20 19 
23 6
7 5 24 19 2 17 
2 6
21 24 0 23 12 8 
5 5
23 13 0 8 21 
27 3
10 14 25 
