30
28 4
26 13 4 10 
10 5
29 22 18 27 28 
4 8
1 15 6 17 28 19 22 23 
16 3
18 26 12 
12 11
24 26 13 20 14 27 17 9 16 1 25 
26 10
12 5 6 24 23 8 16 28 9 2 
8 10
14 20 23 22 26 24 9 7 0 29 
29 5
6 10 8 14 21 
7 8
27 14 20 23 1 18 8 0 
9 10
23 14 27 19 26 12 18 8 15 11 
24 9
12 25 15 11 22 17 8 26 19 
2 8
23 17 5 18 3 15 19 26 
23 12
25 15 8 21 2 26 9 17 6 4 7 13 
14 10
8 19 6 7 9 1 25 29 12 20 
20 4
8 7 12 14 
25 6
24 13 14 23 22 12 
1 5
4 5 7 14 12 
5 6
2 26 3 1 0 22 
22 9
4 8 0 10 24 25 18 5 27 
27 7
21 13 7 10 12 9 22 
18 10
16 11 21 9 19 2 3 22 7 10 
11 4
18 24 17 9 
15 6
23 24 4 6 9 2 
17 8
4 2 19 0 11 24 12 23 
21 4
27 23 18 29 
13 5
27 28 12 25 23 
6 7
14 4 29 15 26 19 23 
19 8
14 2 9 17 6 4 18 24 
0 5
22 8 17 7 5 
3 3
5 18 2 
