50
8 5
45 33 44 37 5 
5 4
1 29 10 8 
37 7
13 49 14 48 8 45 2 
44 6
34 6 0 8 4 21 
33 8
45 11 27 17 1 8 34 0 
45 12
33 8 39 29 15 1 2 49 47 37 32 13 
0 7
24 44 33 14 3 25 38 
34 7
31 2 18 32 44 33 14 
1 9
22 5 11 21 45 42 39 33 31 
17 8
7 12 35 9 11 24 33 25 
27 7
33 46 40 42 6 28 38 
43 3
19 16 9 
9 10
10 39 40 6 17 48 3 16 43 30 
16 9
3 14 20 39 40 7 47 43 9 
19 8
47 43 42 12 23 30 36 31 
20 6
24 18 16 35 26 4 
4 5
2 15 32 20 44 
26 4
24 39 20 15 
35 7
2 17 40 20 39 23 12 
10 4
9 5 42 46 
29 8
45 24 11 15 31 49 5 36 
48 9
21 37 15 9 31 39 41 7 49 
49 6
45 37 14 29 25 48 
7 6
24 17 28 48 30 16 
41 5
11 3 14 40 48 
39 11
9 28 48 21 26 45 35 16 1 38 42 
31 7
34 29 28 48 22 19 1 
15 9
46 29 45 26 4 18 22 36 48 
21 6
48 1 39 32 6 44 
18 7
15 20 34 40 22 30 23 
23 3
19 35 18 
30 9
40 25 18 19 24 6 13 7 9 
40 10
30 25 35 2 9 27 16 41 32 18 
22 5
18 1 15 46 31 
46 6
13 15 10 38 27 22 
6 7
25 44 30 9 27 21 11 
32 7
42 25 21 34 40 45 4 
36 6
42 24 11 19 29 15 
12 5
19 35 47 24 17 
42 8
32 36 19 3 1 27 39 10 
11 8
1 33 41 28 17 29 36 6 
24 11
26 0 29 36 30 20 14 12 7 13 17 
25 8
38 0 40 30 6 32 49 17 
14 8
3 16 49 0 24 37 41 34 
28 7
11 13 7 39 31 27 47 
38 5
25 46 39 0 27 
47 5
12 16 19 45 28 
3 8
14 42 13 41 0 16 2 9 
2 7
4 34 40 35 45 3 37 
13 7
46 28 30 3 37 24 45 
