50
4 5
40 9 11 22 18 
18 3
9 3 4 
9 6
12 4 16 37 18 23 
23 5
11 7 1 28 9 
43 4
21 2 46 16 
16 6
42 9 46 15 24 43 
48 5
26 8 46 27 17 
17 4
5 3 24 48 
20 1
6 
6 3
12 11 20 
44 2
39 26 
26 6
48 11 1 3 30 44 
12 5
27 9 6 3 22 
22 10
25 4 30 3 13 7 41 29 45 12 
31 2
32 40 
40 8
4 46 14 29 7 36 28 31 
3 8
38 12 36 22 27 17 26 18 
2 4
47 43 8 14 
14 5
40 11 1 2 42 
25 4
22 34 10 35 
35 4
46 10 11 25 
10 6
42 28 1 35 38 25 
46 9
40 35 48 16 29 36 43 49 32 
32 5
37 31 27 29 46 
27 7
12 3 32 48 49 37 24 
24 5
27 28 17 8 16 
49 4
46 29 27 37 
28 5
15 10 40 23 24 
41 2
7 22 
42 4
10 16 39 14 
37 9
13 32 36 29 27 9 11 5 49 
29 7
37 40 46 36 22 32 49 
36 5
3 29 37 46 40 
1 5
10 19 26 23 14 
19 2
33 1 
45 4
47 30 22 8 
7 7
11 15 41 23 22 40 47 
13 7
37 21 11 33 22 38 34 
0 3
39 21 15 
15 7
28 7 38 16 33 0 39 
34 2
25 13 
38 6
3 13 21 11 15 10 
33 3
13 19 15 
39 5
44 42 11 0 15 
11 12
4 37 26 35 7 13 23 14 39 38 5 6 
5 3
17 37 11 
8 4
48 24 2 45 
47 4
45 2 7 21 
21 5
13 0 38 43 47 
30 3
22 45 26 
