20
8 7
2 14 6 4 18 3 12 
12 7
14 15 0 4 17 8 1 
3 10
6 11 4 17 13 2 8 14 10 15 
18 9
11 17 9 4 14 1 16 8 0 
4 10
8 12 14 13 7 3 18 1 9 15 
14 11
19 0 13 12 16 8 4 17 18 3 6 
6 7
8 11 14 15 10 3 5 
17 13
14 18 5 3 16 12 2 19 10 9 13 7 11 
0 6
15 14 12 2 19 18 
1 6
15 10 5 18 4 12 
9 8
15 11 5 18 4 17 7 13 
11 7
3 18 6 10 13 9 17 
13 7
14 16 4 3 11 17 9 
10 7
11 3 1 5 7 6 17 
7 7
4 10 16 19 2 9 17 
5 6
9 17 1 16 10 6 
15 9
6 0 12 9 1 3 2 4 16 
16 9
14 17 13 7 18 5 2 19 15 
19 6
14 2 7 16 17 0 
2 8
19 8 16 7 15 0 17 3 
