30
4 12
20 14 24 26 15 28 17 8 16 3 7 13 
13 9
5 1 14 27 9 24 16 0 4 
3 7
6 5 2 25 0 10 4 
16 11
29 20 14 13 8 21 24 4 18 5 27 
27 13
13 18 29 23 26 2 20 14 17 9 28 12 16 
5 12
13 3 1 2 24 11 21 9 8 16 20 23 
24 12
6 5 12 4 21 11 13 22 16 0 10 9 
8 11
6 29 12 22 4 5 21 2 19 16 9 
22 7
14 8 21 24 25 15 1 
1 11
9 5 14 13 6 26 2 10 29 23 22 
15 9
25 0 6 7 4 28 17 26 22 
25 8
2 28 11 3 18 15 10 22 
29 9
8 16 19 27 28 18 1 0 21 
2 9
23 8 25 3 5 1 9 28 27 
9 17
2 11 6 19 8 20 26 14 24 5 27 10 1 0 7 13 23 
19 8
23 21 29 10 14 8 12 9 
20 7
4 16 27 17 9 18 5 
14 12
22 4 10 18 1 13 16 17 27 9 19 26 
10 12
14 26 19 12 1 18 3 28 9 21 24 25 
0 12
12 18 3 6 7 13 15 29 9 11 24 21 
7 7
4 26 0 15 9 17 6 
17 9
27 12 23 21 4 14 20 15 7 
26 9
6 1 4 7 10 15 9 27 14 
21 11
24 19 22 17 16 8 5 12 29 10 0 
6 10
8 24 9 26 15 0 3 1 18 7 
28 10
12 2 4 25 15 10 29 27 11 18 
18 12
14 20 16 11 12 25 29 0 10 27 28 6 
11 7
0 24 25 5 18 9 28 
12 10
8 0 10 19 18 17 28 27 24 21 
23 7
19 2 17 9 27 1 5 
