100
52 3
39 67 2 
2 6
1 67 38 75 33 52 
34 7
38 31 78 83 7 6 97 
97 5
86 83 33 74 34 
89 6
43 83 18 9 69 65 
65 14
74 89 69 61 63 29 73 66 68 28 94 47 39 88 
9 5
43 87 89 75 74 
74 8
78 12 65 22 8 4 97 9 
16 4
11 4 83 29 
29 5
65 13 37 59 16 
32 6
23 63 85 51 37 82 
82 6
19 95 57 5 49 32 
40 1
38 
38 8
2 81 35 26 56 34 14 40 
5 7
61 23 95 48 18 82 11 
11 4
16 36 59 5 
0 7
21 43 75 90 46 33 10 
10 4
47 72 26 0 
33 10
18 95 50 54 70 0 39 97 2 58 
77 3
78 18 75 
75 11
95 0 59 44 9 58 47 2 93 77 90 
18 12
49 33 79 77 37 89 36 31 91 70 5 3 
3 5
67 61 51 1 18 
25 2
51 84 
84 7
39 30 95 21 71 99 25 
64 7
28 26 61 50 30 57 36 
36 11
55 69 95 11 18 83 92 60 13 80 64 
78 7
74 48 34 77 42 79 80 
80 6
86 26 23 36 78 79 
4 5
46 16 74 45 81 
81 7
56 6 90 38 68 58 4 
15 5
70 28 8 55 1 
1 6
2 3 42 46 91 15 
48 7
78 45 93 42 68 5 95 
95 13
82 36 19 66 5 24 21 84 75 31 48 33 44 
88 5
65 54 99 83 39 
39 7
53 84 55 33 52 65 88 
60 2
36 17 
17 7
8 63 6 41 7 92 60 
7 5
41 20 34 12 17 
94 2
65 57 
57 4
91 64 82 94 
24 3
63 95 93 
93 7
98 68 43 48 75 71 24 
70 4
15 18 33 8 
8 8
69 17 74 98 87 15 63 70 
66 5
99 91 95 65 51 
51 7
25 12 26 32 66 3 53 
54 6
88 13 86 96 33 28 
28 11
19 64 98 15 87 65 22 83 31 54 6 
98 7
93 28 50 68 8 44 46 
46 6
71 0 4 47 98 1 
68 8
99 48 65 93 35 19 81 98 
49 6
18 53 71 90 87 82 
23 7
5 67 32 14 90 58 80 
41 6
6 17 53 7 73 21 
21 7
61 95 0 87 41 84 71 
6 8
41 44 43 34 17 28 81 45 
31 4
34 18 28 95 
83 12
89 16 56 88 36 28 26 97 67 14 34 92 
22 3
14 74 28 
87 8
8 9 28 13 49 43 21 12 
42 6
55 48 78 1 63 91 
91 7
18 66 1 63 42 57 30 
63 9
32 17 24 91 65 42 86 8 96 
79 5
18 78 99 55 80 
26 7
83 51 64 30 38 80 10 
71 9
46 93 90 21 84 49 58 47 72 
72 4
43 96 10 71 
47 6
10 46 62 65 71 75 
92 4
17 12 36 83 
53 4
41 39 49 51 
45 4
48 43 4 6 
96 4
54 72 58 63 
86 7
80 55 54 30 97 63 20 
56 4
81 13 83 38 
67 7
23 52 2 59 3 83 55 
19 6
28 44 82 95 58 68 
35 5
55 73 68 38 50 
12 5
74 51 92 87 7 
73 4
35 13 41 65 
61 6
21 64 5 3 65 27 
30 5
84 64 86 26 91 
43 9
72 9 6 45 93 89 37 0 87 
13 8
27 54 73 36 56 87 29 76 
50 5
98 33 64 35 69 
27 2
13 61 
14 4
83 23 22 38 
69 5
8 89 36 65 50 
44 6
19 6 98 75 95 62 
37 6
18 29 76 43 32 59 
59 6
67 29 11 37 75 85 
58 7
23 71 81 19 75 96 33 
76 2
37 13 
90 6
81 23 49 0 71 75 
62 2
47 44 
55 9
36 86 99 39 15 42 79 35 67 
99 6
79 66 68 88 55 84 
20 2
7 86 
85 2
32 59 
