100
49 4
50 52 13 3 
3 5
94 5 10 42 49 
13 12
66 1 69 73 12 47 49 33 57 27 21 55 
52 5
49 68 97 81 11 
50 5
49 64 67 93 92 
92 3
58 50 1 
1 10
34 92 47 0 77 18 48 13 7 99 
58 5
92 26 80 32 38 
64 4
55 31 59 50 
59 5
62 90 64 99 85 
31 6
18 64 97 85 54 82 
55 4
64 11 2 13 
28 3
30 23 86 
86 6
45 99 11 28 9 66 
23 5
97 66 16 75 28 
30 5
26 28 75 61 41 
82 5
75 17 31 26 0 
0 8
12 1 82 53 90 33 9 62 
26 8
21 58 82 30 36 9 75 15 
17 6
33 97 20 77 82 78 
75 7
82 88 30 23 18 42 26 
16 10
91 41 68 74 99 60 73 54 43 23 
66 6
13 46 44 76 23 86 
97 7
5 23 88 52 31 17 71 
87 5
77 5 62 43 65 
65 4
54 39 21 87 
43 5
29 63 87 39 16 
62 8
80 59 25 6 10 87 56 0 
5 7
3 97 42 99 87 70 90 
77 4
87 1 54 17 
54 7
65 6 31 16 71 37 77 
98 5
61 94 73 19 36 
36 6
15 35 26 98 89 32 
19 7
2 57 68 78 24 98 34 
73 16
53 16 20 68 18 83 95 88 70 8 38 25 9 13 90 98 
94 4
3 80 98 42 
61 6
98 60 68 30 42 10 
93 5
76 96 81 91 50 
91 5
79 16 70 48 93 
81 9
48 9 6 99 8 22 52 93 71 
96 5
44 93 25 15 79 
76 5
93 67 66 33 56 
2 3
19 55 33 
33 10
17 24 6 13 80 29 0 45 2 76 
48 5
81 29 91 71 1 
70 8
73 99 11 84 5 91 42 22 
79 6
37 40 91 95 53 96 
41 5
38 16 12 34 30 
34 8
35 19 88 1 68 47 41 84 
12 8
0 85 74 13 41 39 8 57 
38 6
73 8 46 41 72 58 
9 6
78 26 81 73 0 86 
90 8
73 59 89 25 72 0 68 5 
53 11
56 0 95 22 20 42 79 45 73 35 74 
60 4
61 18 16 27 
27 4
11 13 42 60 
18 8
31 75 51 46 83 1 60 73 
37 3
79 15 54 
15 6
36 95 74 26 37 96 
46 7
78 24 69 18 66 42 38 
42 10
53 5 3 75 27 25 61 70 46 94 
69 7
46 47 32 99 13 74 40 
24 3
33 46 19 
78 5
46 9 17 19 25 
21 3
26 65 13 
25 10
90 62 96 99 11 78 73 45 42 29 
74 7
15 12 69 16 84 53 39 
95 5
53 40 79 73 15 
32 5
39 84 69 58 36 
89 3
68 90 36 
35 4
34 39 36 53 
88 5
34 73 97 75 68 
83 4
11 18 73 57 
8 6
38 12 81 73 10 44 
68 11
89 61 72 34 90 7 52 88 16 19 73 
20 4
53 4 17 73 
11 8
27 83 25 70 86 55 7 52 
71 5
10 48 54 81 97 
6 6
33 81 67 54 62 57 
67 6
22 85 6 50 72 76 
85 5
12 40 67 31 59 
99 11
81 69 25 5 1 16 86 47 70 40 59 
72 5
63 68 90 38 67 
22 5
53 67 81 63 70 
7 3
68 1 11 
39 7
32 12 80 65 43 35 74 
80 5
62 39 58 94 33 
56 3
53 62 76 
40 6
79 45 69 85 95 99 
57 6
19 13 4 83 12 6 
4 3
10 57 20 
45 5
33 40 86 53 25 
47 7
69 13 99 1 34 14 63 
29 6
51 43 10 33 48 25 
10 7
4 71 29 62 61 8 3 
51 4
29 63 18 14 
84 4
32 70 74 34 
63 5
72 22 43 51 47 
14 3
44 51 47 
44 4
14 96 8 66 
