100
51 2
97 31 
31 3
21 37 51 
78 1
21 
21 4
82 31 47 78 
92 1
72 
72 3
65 0 92 
91 1
77 
77 4
23 20 27 91 
64 2
81 19 
19 3
2 69 64 
81 3
97 87 64 
93 2
47 53 
53 2
94 93 
4 1
25 
25 2
40 4 
23 4
17 77 67 20 
20 4
26 5 77 23 
36 1
52 
52 5
68 11 29 34 36 
22 1
43 
43 4
86 62 89 22 
85 1
12 
12 3
7 74 85 
34 1
52 
87 1
81 
42 3
55 40 8 
8 1
42 
40 3
88 25 42 
46 2
56 30 
30 2
38 46 
56 3
70 39 46 
37 1
31 
63 3
68 32 13 
13 1
63 
32 2
88 63 
33 1
98 
98 2
2 33 
6 1
65 
65 3
80 72 6 
15 1
79 
79 2
60 15 
28 1
45 
45 2
88 28 
70 2
56 38 
38 4
30 29 70 9 
66 1
10 
10 3
82 11 66 
2 4
19 69 29 98 
83 1
88 
88 5
86 40 32 45 83 
29 4
2 99 38 52 
57 1
75 
75 3
5 84 57 
97 5
51 80 94 81 39 
39 3
97 14 56 
94 3
97 59 53 
80 4
86 65 3 97 
61 1
59 
59 2
94 61 
9 1
38 
74 1
12 
7 3
95 3 12 
60 2
5 79 
44 2
0 84 
84 3
99 75 44 
27 2
77 55 
55 3
42 27 50 
11 3
52 10 90 
82 4
86 10 21 54 
54 2
26 82 
69 5
19 26 67 2 76 
86 6
88 80 26 82 43 17 
3 3
80 7 71 
0 2
44 72 
99 4
29 84 58 95 
95 2
7 99 
58 2
99 96 
17 4
23 18 86 24 
24 1
17 
18 2
17 16 
16 3
14 76 18 
73 1
26 
26 6
54 86 69 73 20 1 
96 2
89 58 
49 1
76 
76 4
69 16 41 49 
67 3
23 69 68 
90 1
11 
14 2
16 39 
5 3
75 20 60 
50 1
55 
71 3
62 3 48 
62 2
71 43 
89 2
96 43 
1 2
26 35 
47 2
93 21 
41 1
76 
68 3
52 63 67 
48 1
71 
35 1
1 
