30
4 4
22 20 2 3 
3 7
17 10 15 25 6 14 4 
2 4
4 7 25 12 
13 4
0 25 1 5 
5 5
29 28 21 24 13 
1 7
15 17 9 27 6 25 13 
25 6
2 13 3 1 16 8 
15 5
27 1 18 3 12 
12 6
24 21 11 15 19 2 
18 6
23 22 15 10 17 8 
27 4
14 15 0 1 
29 7
0 5 24 21 17 22 26 
26 4
20 14 28 29 
22 7
4 9 17 18 6 29 20 
17 8
16 0 29 3 1 18 22 23 
21 6
5 19 11 12 8 29 
24 5
23 12 5 29 9 
6 6
28 8 16 3 1 22 
9 4
22 1 28 24 
28 6
16 6 26 19 5 9 
20 5
26 19 4 8 22 
8 6
20 6 21 18 25 16 
10 3
3 18 7 
23 3
24 18 17 
11 2
21 12 
0 4
29 13 17 27 
14 4
26 27 3 7 
16 5
25 28 17 6 8 
19 4
20 12 21 28 
7 3
2 14 10 
