30
12 7
21 29 17 2 25 20 16 
16 8
22 11 17 0 29 20 1 12 
20 5
28 26 6 16 12 
25 7
17 27 1 3 18 26 12 
2 9
9 13 26 12 22 23 0 24 21 
19 6
10 13 24 23 28 9 
9 10
24 6 29 0 27 7 14 2 19 4 
23 6
0 2 19 24 5 7 
24 7
13 9 28 23 19 2 3 
6 4
9 14 20 1 
1 8
27 25 16 13 0 11 22 6 
3 12
18 25 11 24 4 15 0 29 7 13 17 28 
28 9
20 13 17 19 26 24 29 15 3 
13 13
28 24 11 22 2 19 18 1 3 5 8 0 15 
29 10
28 9 12 8 16 15 11 4 5 3 
0 15
13 11 17 27 26 2 4 5 9 1 22 23 21 3 16 
4 6
8 29 15 0 3 9 
22 8
2 16 8 14 13 17 0 1 
11 8
16 13 10 0 29 26 3 1 
14 10
18 7 22 8 6 17 27 9 15 26 
7 5
14 3 27 9 23 
17 9
14 28 25 16 3 12 22 15 0 
26 9
28 2 20 14 0 10 25 21 11 
15 8
3 17 28 29 10 14 4 13 
27 9
8 1 5 7 25 9 14 0 10 
10 6
11 8 15 19 26 27 
8 8
27 22 5 14 29 10 4 13 
5 7
27 21 8 29 0 13 23 
21 6
12 5 18 0 26 2 
18 5
3 13 14 21 25 
