50
43 7
23 47 10 5 27 44 16 
16 16
32 21 3 33 24 11 23 43 36 10 41 27 37 26 19 6 
27 8
6 43 16 8 26 45 22 36 
5 7
3 18 43 11 2 45 14 
14 9
46 21 26 7 25 34 40 23 5 
45 9
23 7 13 2 21 5 28 27 9 
9 8
25 21 44 36 4 26 45 2 
21 13
32 14 40 30 41 13 9 38 25 35 45 16 33 
3 11
11 29 0 6 49 47 16 34 39 5 1 
1 5
17 37 24 36 3 
39 5
41 29 34 20 3 
47 5
38 7 43 46 3 
49 7
48 20 3 22 36 44 46 
6 5
27 33 16 3 23 
23 10
43 45 31 17 46 16 14 10 32 6 
30 7
10 34 7 28 21 37 32 
32 12
16 21 24 20 26 35 13 41 12 23 30 28 
37 12
1 19 42 10 44 16 41 30 48 31 34 38 
28 7
25 20 45 17 8 30 32 
38 10
17 7 47 20 12 8 46 21 37 15 
34 10
3 30 39 14 12 37 8 44 35 19 
31 8
35 13 17 11 37 23 36 46 
41 7
15 39 32 21 24 37 16 
44 9
25 43 4 49 9 11 37 34 13 
10 8
18 16 26 43 4 37 30 23 
42 6
2 46 24 11 37 36 
46 14
14 26 23 31 7 17 25 38 49 47 22 0 40 42 
36 10
29 25 1 2 31 27 9 16 49 42 
17 9
35 38 1 22 23 46 28 31 40 
33 7
4 6 20 25 8 16 21 
40 5
21 46 14 48 17 
0 5
26 3 7 46 48 
48 7
37 40 49 12 19 7 0 
7 11
45 14 47 38 25 30 29 0 11 48 46 
26 9
14 32 27 9 10 0 8 16 46 
22 5
27 17 19 49 46 
25 10
28 9 19 7 14 21 44 33 46 36 
2 7
29 42 5 18 45 36 9 
4 4
33 44 10 9 
8 8
33 26 18 38 34 29 28 27 
35 6
17 31 21 34 32 12 
12 9
48 15 18 34 38 11 32 19 35 
18 6
8 2 5 12 10 29 
29 9
2 36 24 39 15 7 8 3 18 
19 8
25 37 12 16 48 22 34 20 
24 6
29 41 42 32 1 16 
13 5
45 31 21 32 44 
15 4
41 12 29 38 
20 7
28 33 49 32 39 38 19 
11 8
31 3 5 42 12 44 16 7 
