30
16 11
12 4 25 22 13 14 28 21 2 19 8 
8 10
24 21 25 13 16 12 28 17 26 19 
19 11
20 24 22 12 17 27 18 1 8 16 6 
2 8
4 0 28 14 20 16 5 3 
21 6
26 4 8 16 14 20 
28 7
2 27 16 8 15 6 20 
14 9
4 22 6 10 16 17 21 2 26 
13 9
4 26 8 16 3 17 22 25 0 
22 6
14 19 4 16 11 13 
25 7
0 29 8 16 5 1 13 
17 10
19 14 20 7 13 9 8 5 29 23 
12 9
24 19 26 3 18 1 29 16 8 
0 6
25 3 20 2 26 13 
3 7
12 0 1 26 2 13 23 
26 12
8 27 7 13 29 0 3 12 4 21 24 14 
15 5
5 1 27 28 24 
24 10
8 12 20 11 10 15 19 26 27 9 
1 8
12 3 15 6 20 19 25 9 
5 5
2 25 15 20 17 
29 6
7 25 26 20 12 17 
20 14
19 4 5 29 1 0 10 27 7 28 17 21 24 2 
6 8
7 14 23 11 1 27 28 19 
27 11
15 11 24 6 28 26 19 20 7 4 18 
9 5
7 4 17 24 1 
4 12
16 13 9 27 21 11 14 20 22 23 2 26 
11 7
27 6 18 24 23 22 4 
23 5
11 6 4 17 3 
7 8
6 29 26 9 27 17 18 20 
18 5
19 12 7 11 27 
10 3
14 20 24 
