20
7 11
2 9 11 10 15 14 1 3 18 16 8 
8 10
16 3 5 18 0 10 13 7 19 2 
18 14
4 11 5 8 17 7 13 2 14 19 6 1 9 0 
14 15
9 1 4 10 7 15 13 12 16 3 5 18 11 6 19 
15 14
19 2 10 4 3 0 9 1 11 17 7 13 12 14 
17 11
9 19 16 18 1 4 12 13 15 0 6 
6 11
10 0 14 1 3 18 19 4 9 17 11 
0 12
15 13 6 8 16 1 18 3 4 9 17 19 
13 13
19 12 4 0 15 14 8 16 9 17 18 1 3 
4 13
12 16 13 17 3 18 5 0 15 19 2 6 14 
10 11
12 6 3 5 19 7 11 9 8 15 14 
16 12
12 4 9 17 8 7 13 0 3 5 14 19 
12 12
4 16 11 10 15 13 19 17 9 14 3 1 
3 14
4 7 14 12 11 13 15 9 0 10 6 16 8 2 
2 9
7 19 15 3 5 18 11 4 8 
11 11
12 14 7 10 15 19 2 1 3 18 6 
5 8
14 10 16 8 2 4 18 9 
9 14
0 13 15 10 5 18 12 19 6 3 16 7 17 14 
19 15
17 16 8 9 0 13 15 10 11 18 6 4 12 14 2 
1 10
14 18 6 11 17 0 15 7 13 12 
