100
48 3
68 13 93 
93 4
63 45 69 48 
13 8
95 88 25 5 26 21 89 48 
68 3
48 14 65 
89 2
2 13 
2 5
51 89 3 85 74 
42 2
99 54 
54 5
66 18 90 42 31 
99 3
42 46 27 
29 2
74 78 
78 11
73 24 64 65 90 41 85 83 63 29 72 
74 5
9 25 29 15 2 
27 5
1 90 73 99 49 
46 4
60 92 99 53 
91 3
44 35 55 
55 7
87 91 50 57 65 22 18 
35 3
91 65 18 
44 3
5 91 70 
70 3
86 18 44 
49 4
28 27 75 94 
73 3
78 41 27 
90 8
27 17 96 8 78 21 20 54 
1 4
27 38 61 96 
10 3
17 28 76 
76 3
22 15 10 
28 10
3 5 52 84 11 49 43 32 38 10 
17 3
10 65 90 
65 10
35 96 78 21 17 55 12 79 68 87 
14 3
68 84 8 
8 7
34 90 14 6 79 56 95 
84 5
14 60 41 28 30 
72 2
30 78 
30 5
72 75 96 37 84 
40 4
52 31 37 33 
33 3
21 40 0 
37 3
87 40 30 
31 3
6 54 40 
52 5
94 19 40 28 85 
18 6
43 58 55 54 70 35 
58 5
23 97 15 18 92 
43 3
28 18 23 
95 2
13 8 
56 4
20 98 96 8 
79 4
71 8 64 65 
6 3
31 8 51 
34 4
88 8 96 97 
87 4
37 38 55 65 
38 4
87 28 1 71 
41 4
81 73 84 78 
81 2
41 21 
64 4
53 79 78 57 
57 5
55 32 53 64 15 
53 5
12 46 4 64 57 
12 2
53 65 
0 3
62 21 33 
21 9
13 33 0 15 90 92 32 81 65 
51 4
2 61 59 6 
4 3
61 53 3 
71 2
79 38 
61 3
4 51 1 
92 5
60 21 58 19 46 
19 3
52 92 7 
60 3
92 46 84 
69 6
93 50 25 83 3 23 
45 2
93 5 
63 3
93 78 22 
9 2
74 88 
88 5
67 82 34 13 9 
26 2
67 13 
5 5
44 98 28 13 45 
25 8
39 13 80 66 59 74 69 77 
15 9
21 80 7 74 76 47 58 57 82 
3 5
2 69 85 28 4 
82 2
88 15 
47 3
15 85 24 
7 3
16 15 19 
80 2
15 25 
94 3
52 49 39 
75 3
36 30 49 
36 2
75 22 
22 4
76 63 55 36 
83 4
24 78 11 69 
85 8
3 78 47 86 2 67 50 52 
24 3
83 78 47 
23 4
58 43 69 62 
62 2
0 23 
50 3
69 55 85 
67 3
26 88 85 
86 3
70 97 85 
32 4
11 21 28 57 
39 3
25 94 66 
66 3
54 25 39 
20 2
56 90 
96 7
56 98 90 34 30 65 1 
11 3
32 28 83 
98 3
5 96 56 
77 2
59 25 
59 3
77 25 51 
97 4
86 58 34 16 
16 2
7 97 
