100
23 1
84 
84 3
92 43 23 
36 2
60 34 
34 5
59 40 75 28 36 
45 2
22 63 
63 3
99 31 45 
57 1
98 
98 5
24 66 75 94 57 
31 2
83 63 
52 1
68 
68 5
4 28 89 2 52 
14 2
9 90 
90 3
24 58 14 
97 2
85 21 
21 8
78 5 85 27 82 72 0 97 
0 1
21 
53 4
79 96 39 9 
9 4
14 25 65 53 
93 1
73 
73 3
85 44 93 
2 3
32 83 68 
88 1
95 
95 2
54 88 
48 1
83 
83 8
70 2 77 31 27 48 50 16 
78 3
21 56 99 
99 5
4 63 10 22 78 
51 2
15 24 
24 5
98 90 77 37 51 
35 2
5 25 
25 4
9 86 4 35 
8 2
19 29 
29 3
66 17 8 
19 2
40 8 
17 2
29 85 
85 8
21 70 62 72 81 97 73 17 
15 5
69 76 51 43 61 
61 1
15 
43 2
15 84 
76 3
41 62 15 
56 2
78 75 
75 5
59 30 34 98 56 
79 2
53 86 
86 5
25 54 67 42 79 
32 3
2 41 39 
39 4
53 40 91 32 
16 1
83 
91 3
80 39 55 
55 2
1 91 
42 2
86 26 
26 2
50 42 
28 2
34 68 
40 6
70 65 4 34 39 19 
65 5
40 9 1 12 13 
33 2
58 62 
62 4
85 76 33 81 
6 2
50 47 
47 1
6 
50 5
26 83 6 49 71 
80 4
91 70 41 5 
5 5
54 21 35 58 80 
41 4
32 80 76 69 
70 9
77 85 40 60 38 83 3 80 59 
49 2
50 58 
58 4
33 5 49 90 
18 1
54 
54 5
82 5 18 86 95 
44 1
73 
60 4
72 20 36 70 
92 4
38 59 84 11 
11 1
92 
38 3
12 70 92 
71 1
50 
82 3
21 77 54 
66 3
98 29 69 
69 4
15 10 41 66 
59 5
75 92 34 70 46 
3 1
70 
77 5
64 70 83 82 24 
37 1
24 
27 4
21 83 96 64 
4 5
68 40 30 99 25 
30 3
72 4 75 
7 1
22 
22 5
45 81 20 99 7 
13 1
65 
12 2
38 65 
1 3
55 65 74 
72 4
60 30 85 21 
46 2
59 20 
67 1
86 
94 3
96 98 87 
89 1
68 
10 2
69 99 
64 2
77 27 
96 3
94 53 27 
87 1
94 
20 3
60 22 46 
81 3
85 22 62 
74 1
1 
