100
54 8
76 13 91 79 22 66 90 45 
45 10
91 32 82 6 3 66 96 25 54 30 
90 11
89 80 47 39 55 2 72 54 8 70 65 
66 3
45 63 54 
22 6
55 36 61 54 37 15 
61 2
22 41 
41 3
7 29 61 
38 3
36 85 7 
7 8
14 60 41 71 78 82 23 38 
85 6
38 14 40 70 17 74 
64 3
68 74 55 
55 7
46 22 31 90 0 47 64 
74 7
64 39 87 70 0 33 85 
63 7
26 69 88 66 68 43 60 
60 8
39 35 83 18 7 13 44 63 
43 10
20 14 3 83 63 91 87 50 80 13 
68 6
84 77 64 72 56 63 
88 11
36 16 46 1 5 98 40 19 93 63 9 
69 3
89 8 63 
26 4
92 63 93 73 
77 5
75 81 93 68 1 
1 9
10 47 27 23 88 57 33 93 77 
93 9
96 5 18 1 77 26 31 88 56 
25 4
45 99 48 95 
95 3
73 17 25 
48 4
75 49 36 25 
99 8
10 62 25 96 89 94 79 51 
23 7
44 79 7 94 1 40 0 
0 10
10 56 34 42 59 31 74 23 2 55 
40 9
50 33 96 52 88 23 97 27 85 
94 10
80 8 24 78 11 23 9 34 99 72 
44 9
62 23 36 60 33 12 67 11 59 
13 7
54 79 78 60 20 49 43 
18 8
28 52 30 81 93 60 39 15 
35 3
9 31 60 
97 11
76 78 57 52 40 14 75 31 28 19 10 
96 10
2 93 45 17 29 40 20 99 65 57 
34 6
0 17 94 21 84 33 
33 9
15 53 19 1 44 74 89 40 34 
84 3
68 76 34 
17 11
78 72 42 95 10 15 34 98 85 28 96 
2 5
51 96 90 98 0 
98 5
24 88 83 17 2 
3 7
45 65 10 47 43 20 27 
27 6
40 50 89 31 1 3 
20 9
21 3 91 47 43 86 53 96 13 
47 8
1 3 20 90 6 55 89 42 
62 5
53 44 99 67 50 
50 5
40 31 27 43 62 
67 6
71 39 62 87 91 44 
79 6
13 54 23 9 31 99 
31 10
0 55 50 8 79 93 97 35 89 27 
56 6
0 68 59 93 73 80 
80 5
43 94 90 76 56 
73 3
95 56 26 
59 3
56 0 44 
53 7
62 57 15 20 86 33 16 
16 4
15 65 88 53 
86 4
20 15 53 8 
11 5
44 76 8 82 94 
8 9
57 72 94 46 69 11 90 31 86 
76 7
54 97 80 84 11 39 14 
65 4
3 96 16 90 
70 3
85 74 90 
72 6
8 17 12 68 90 94 
15 9
37 33 16 18 32 22 53 86 17 
91 7
54 52 49 43 45 67 20 
49 5
13 21 48 9 91 
9 8
35 88 51 49 94 29 79 12 
21 4
20 34 49 42 
39 6
76 67 60 90 74 18 
5 3
93 81 88 
46 5
55 8 88 4 92 
42 4
17 0 47 21 
92 3
4 26 46 
14 7
7 51 43 85 97 24 76 
24 3
94 98 14 
36 6
38 44 88 22 32 48 
32 5
81 45 15 36 57 
78 5
17 97 94 13 7 
37 5
82 15 22 89 81 
28 5
18 87 12 17 97 
10 6
0 99 1 3 17 97 
75 4
77 97 48 58 
58 4
71 57 12 75 
82 5
30 11 37 7 45 
89 9
69 90 47 37 27 31 33 99 57 
57 9
53 58 97 1 32 89 71 8 96 
71 4
67 58 7 57 
4 3
19 92 46 
12 6
83 72 28 9 58 44 
29 3
96 9 41 
19 5
88 4 51 33 97 
52 4
18 40 91 97 
30 3
82 18 45 
6 4
83 51 47 45 
81 5
32 77 18 5 37 
87 4
67 74 28 43 
83 6
12 6 60 98 51 43 
51 7
14 9 83 2 19 6 99 
