50
5 3
25 11 15 
15 8
19 8 4 28 18 5 14 23 
33 7
0 9 13 38 34 11 26 
26 6
13 6 28 34 29 33 
38 2
33 24 
24 11
4 8 13 12 11 31 28 17 27 35 38 
48 7
45 23 41 27 29 10 25 
25 7
5 7 20 30 22 31 48 
43 4
29 7 9 1 
1 4
46 13 28 43 
9 5
33 23 2 19 43 
16 6
20 14 23 22 30 32 
32 6
36 0 31 8 16 47 
47 3
35 12 32 
10 3
35 48 31 
31 6
24 11 44 25 32 10 
7 8
39 42 25 3 43 41 13 37 
37 5
28 36 22 13 7 
19 4
42 15 13 9 
22 6
4 14 25 16 11 37 
20 6
4 16 25 0 3 35 
35 6
28 47 8 10 24 20 
23 9
18 44 16 15 14 39 48 9 2 
2 4
28 27 9 23 
29 8
6 43 48 46 39 40 13 26 
8 7
3 24 49 39 15 35 32 
3 5
8 7 41 20 36 
36 7
32 21 37 41 34 40 3 
6 3
29 26 13 
13 11
33 1 24 37 26 19 7 28 29 34 6 
45 4
48 30 39 21 
21 4
36 27 46 45 
30 6
25 34 45 16 46 42 
42 6
39 7 19 4 28 30 
27 6
4 2 48 44 21 24 
40 2
29 36 
0 5
20 49 32 33 44 
44 8
18 23 34 28 27 31 41 0 
17 2
39 24 
41 7
7 48 12 3 44 49 36 
49 5
11 0 8 46 41 
28 13
46 44 2 35 26 1 14 39 24 37 42 15 13 
46 7
28 1 30 29 49 11 21 
11 9
39 34 5 49 22 24 33 46 31 
34 7
11 30 36 26 44 33 13 
14 6
23 22 28 16 15 12 
12 4
41 47 24 14 
18 5
23 44 39 15 4 
4 7
22 27 24 20 42 15 18 
39 10
11 7 42 18 8 29 45 17 28 23 
