100
34 2
53 23 
23 3
48 53 34 
63 2
20 16 
16 3
99 15 63 
24 3
12 97 21 
21 6
73 40 58 50 89 24 
51 4
19 3 83 52 
52 3
8 88 51 
89 4
69 99 12 21 
88 2
98 52 
17 2
29 93 
93 2
7 17 
99 6
65 80 89 74 35 16 
32 1
96 
96 2
78 32 
35 2
60 99 
8 3
98 52 2 
2 7
79 94 44 8 36 38 47 
12 4
24 89 1 62 
62 2
42 12 
1 3
83 73 12 
98 3
8 43 88 
53 5
6 34 95 30 23 
80 2
99 45 
45 2
60 80 
48 7
58 78 71 97 30 23 39 
83 5
1 51 7 85 79 
79 4
58 2 67 83 
18 1
50 
50 4
54 21 66 18 
82 2
76 64 
64 4
84 58 87 82 
15 3
13 16 29 
29 3
17 10 15 
41 3
46 77 85 
85 3
83 94 41 
77 4
94 19 97 41 
74 2
44 99 
44 3
2 72 74 
13 2
15 59 
59 4
0 90 13 86 
25 2
40 95 
95 3
53 58 25 
40 5
21 31 75 60 25 
9 1
76 
76 3
82 60 9 
22 3
71 70 26 
26 2
90 22 
70 2
22 43 
71 3
48 20 22 
61 1
49 
49 3
30 6 61 
38 4
4 81 2 28 
28 5
38 68 46 67 69 
69 2
89 28 
19 3
51 77 7 
7 4
83 94 93 19 
81 3
38 20 55 
55 2
11 81 
20 6
63 33 11 71 81 90 
86 1
59 
90 3
26 20 59 
39 1
48 
60 4
40 76 35 45 
72 2
10 44 
36 2
2 73 
73 3
21 36 1 
78 2
48 96 
97 4
24 48 4 77 
66 1
50 
43 2
70 98 
3 3
51 33 0 
0 4
59 14 54 3 
54 3
50 31 0 
31 9
75 58 94 10 40 14 54 33 42 
4 3
38 97 91 
91 2
10 4 
57 1
65 
65 3
99 58 57 
42 2
62 31 
33 3
20 3 31 
14 2
0 31 
10 4
72 31 91 29 
94 7
77 85 31 2 7 56 5 
58 9
48 31 64 95 30 65 37 21 79 
87 1
64 
84 2
64 6 
6 4
53 49 11 84 
30 5
48 53 58 49 92 
92 3
30 11 27 
37 1
58 
27 1
92 
5 1
94 
56 1
94 
11 4
6 55 20 92 
75 2
31 40 
47 1
2 
46 2
41 28 
68 1
28 
67 2
28 79 
