50
33 1
23 
23 8
11 2 30 25 39 20 8 33 
4 3
31 16 40 
40 6
28 38 20 39 43 4 
43 5
44 2 10 17 40 
8 8
24 23 20 41 32 5 18 27 
27 3
45 46 8 
48 5
16 6 39 42 12 
12 6
25 11 46 17 28 48 
7 5
39 5 25 2 9 
9 8
10 17 37 21 39 26 2 7 
10 6
9 43 20 25 22 45 
45 5
36 17 27 24 10 
38 5
40 19 26 11 24 
24 8
22 36 25 38 8 46 45 35 
47 5
39 34 36 13 6 
6 8
48 0 13 11 37 5 26 47 
16 5
48 4 15 5 44 
44 10
43 49 15 17 2 26 20 46 16 30 
32 5
35 8 28 20 39 
39 13
47 26 42 25 0 23 48 31 9 7 41 40 32 
26 7
9 44 39 38 36 2 6 
31 6
4 42 28 39 15 1 
1 6
2 19 35 46 17 31 
22 6
36 15 10 24 20 3 
3 1
22 
20 11
40 28 29 10 32 37 8 44 30 23 22 
13 2
47 6 
15 9
37 0 16 44 25 31 41 22 36 
36 9
47 30 22 24 11 45 2 26 15 
41 7
25 17 42 8 39 14 15 
29 4
20 46 35 19 
19 3
38 1 29 
35 6
32 17 1 24 29 42 
46 9
29 37 24 21 11 1 27 12 44 
11 6
6 38 23 36 12 46 
21 3
49 9 46 
2 9
43 1 44 7 23 36 26 9 28 
17 10
1 35 45 12 9 41 43 44 0 34 
34 2
47 17 
0 6
15 5 25 39 6 17 
30 4
36 23 20 44 
5 5
7 0 8 16 6 
37 6
15 9 46 20 6 49 
25 11
12 28 41 7 23 0 10 15 24 39 18 
49 3
44 21 37 
14 3
18 42 41 
18 4
28 14 8 25 
28 8
25 18 20 40 31 12 32 2 
42 6
48 31 41 14 39 35 
