20
19 9
8 4 5 1 3 17 0 13 7 
7 9
4 8 17 3 1 6 11 15 19 
13 8
17 8 0 10 4 2 19 5 
0 6
8 13 19 1 5 14 
17 9
13 7 12 19 14 15 11 8 6 
3 9
6 9 2 19 18 5 7 14 12 
6 8
8 16 12 7 17 1 3 18 
18 7
16 3 15 10 12 11 6 
12 9
2 6 16 8 17 10 5 18 3 
14 4
16 17 3 0 
5 11
19 2 1 3 12 16 8 15 0 13 9 
1 8
6 19 2 5 16 7 4 0 
4 9
19 2 11 13 7 15 8 16 1 
16 10
9 6 14 12 8 10 18 5 1 4 
2 8
12 13 4 5 3 1 10 8 
9 5
16 11 10 3 5 
10 6
13 12 16 2 9 18 
11 6
4 9 17 8 18 7 
8 13
6 11 16 0 15 13 7 5 17 4 12 19 2 
15 6
5 18 8 17 4 7 
