50
15 5
26 46 41 13 49 
49 9
3 18 26 15 48 9 44 46 4 
13 5
45 7 4 43 15 
41 9
16 35 5 29 15 20 22 17 6 
42 7
14 7 3 22 30 16 32 
32 4
48 39 16 42 
16 10
41 32 21 11 19 4 1 18 31 42 
30 8
26 27 9 28 12 42 37 21 
22 8
41 39 6 31 21 42 2 26 
3 6
36 49 46 44 42 18 
4 7
23 14 13 44 8 16 49 
46 7
29 15 17 3 49 44 33 
9 6
44 24 31 49 23 30 
26 6
15 2 14 49 30 22 
18 7
21 24 16 19 25 49 3 
20 3
33 41 25 
25 7
8 33 10 28 17 18 20 
21 8
18 16 29 7 43 30 22 19 
31 7
1 9 16 44 22 19 11 
6 3
10 22 41 
39 8
33 32 40 22 11 10 47 7 
17 7
24 10 29 25 38 46 41 
2 4
22 26 12 8 
8 9
5 38 25 23 37 4 35 2 40 
12 4
29 2 45 30 
44 7
49 4 46 0 3 9 31 
0 8
11 47 28 45 36 44 5 34 
45 4
13 0 37 12 
33 6
25 39 20 36 46 48 
19 7
38 16 18 35 31 37 21 
7 4
42 13 21 39 
47 5
35 29 0 39 1 
10 6
1 37 25 6 17 39 
11 7
0 38 16 31 27 14 39 
40 3
36 39 8 
27 4
23 30 11 14 
37 7
10 30 8 19 45 5 38 
35 5
47 41 19 8 23 
29 7
14 41 12 46 47 21 17 
43 3
34 21 13 
38 6
8 19 5 11 37 17 
5 6
8 14 38 41 37 0 
48 5
34 32 49 36 33 
36 7
3 40 48 28 33 0 24 
1 4
10 16 31 47 
14 7
29 42 11 4 26 5 27 
28 5
25 24 0 30 36 
23 5
4 27 9 8 35 
24 5
18 17 28 9 36 
34 3
48 43 0 
