100
2 5
38 96 81 66 83 
83 4
15 63 1 2 
66 9
52 79 2 71 78 25 50 31 14 
81 11
11 89 99 36 30 44 2 97 10 47 54 
96 11
84 78 88 23 36 2 73 32 13 5 79 
38 4
2 10 87 5 
17 5
44 53 30 28 34 
34 3
32 76 17 
28 10
3 1 12 40 58 86 4 89 33 17 
30 5
69 81 61 17 6 
53 7
45 57 1 17 99 79 16 
44 6
33 46 16 17 81 89 
14 3
4 60 66 
60 8
47 50 56 87 10 36 35 14 
4 6
14 29 73 86 58 28 
92 4
29 98 95 9 
9 4
51 21 27 92 
95 5
92 57 88 65 77 
98 8
93 13 47 89 92 40 10 52 
29 5
92 20 4 79 57 
24 5
5 70 33 46 45 
45 6
53 70 1 18 74 24 
46 4
56 44 11 24 
33 5
44 76 28 24 32 
70 7
39 6 82 45 25 24 85 
5 9
24 18 79 73 16 96 82 74 38 
25 7
84 70 66 88 43 41 42 
42 8
57 77 84 73 69 97 25 80 
41 4
15 7 25 86 
43 9
49 51 63 1 36 12 25 55 27 
88 4
96 32 95 25 
84 7
59 25 42 96 40 90 73 
32 13
34 64 82 6 88 10 96 8 33 3 80 26 62 
76 7
72 52 73 79 77 33 34 
6 3
70 30 32 
72 4
26 76 39 78 
78 7
74 21 11 66 96 13 72 
39 10
36 99 70 87 40 54 61 50 72 16 
26 4
85 72 59 32 
57 8
42 95 35 93 53 87 29 13 
79 8
35 49 53 76 96 5 66 29 
20 3
69 49 29 
99 9
81 39 90 82 94 53 47 12 61 
61 5
8 39 65 30 99 
12 4
28 75 43 99 
47 7
68 50 98 60 48 99 81 
94 4
10 22 65 99 
82 9
64 32 99 59 21 70 8 5 85 
90 8
86 93 48 89 84 99 52 65 
97 4
10 42 81 49 
49 7
37 43 79 20 97 67 3 
10 10
38 97 81 94 32 40 98 60 7 59 
77 4
42 95 37 76 
37 4
49 86 68 77 
80 6
68 32 71 11 42 58 
69 5
20 30 48 42 71 
73 10
5 76 96 4 40 50 93 42 84 11 
18 4
5 45 54 22 
22 5
54 50 94 64 18 
54 6
22 23 39 64 81 18 
16 6
5 50 44 15 53 39 
1 7
27 28 43 53 45 83 63 
27 5
1 89 52 43 9 
21 4
78 50 9 82 
51 7
55 9 67 40 64 43 7 
63 5
89 83 1 43 36 
15 5
41 83 55 91 16 
86 8
91 90 40 36 37 28 4 41 
7 4
59 10 41 51 
13 6
65 57 98 96 78 19 
11 6
81 73 80 46 78 48 
74 5
87 45 78 71 5 
36 8
39 60 43 86 96 81 63 52 
89 8
63 75 27 28 98 90 81 44 
75 5
52 64 89 0 12 
48 5
47 69 87 90 11 
87 8
39 60 57 74 48 31 38 50 
19 3
40 67 13 
65 6
13 94 62 61 90 95 
71 7
80 74 66 68 8 69 0 
50 10
0 87 47 22 60 39 73 16 21 66 
31 4
56 87 66 64 
58 3
28 4 80 
52 7
66 76 75 27 90 98 36 
93 5
35 73 98 90 57 
0 4
50 75 71 40 
40 10
28 86 51 10 0 84 19 73 39 98 
85 4
26 64 82 70 
8 4
61 32 82 71 
59 5
7 84 82 26 10 
64 10
22 75 85 31 32 55 82 54 51 56 
68 6
80 47 35 71 37 91 
91 3
86 15 68 
35 8
57 60 79 93 67 68 62 55 
3 3
28 32 49 
56 5
31 46 60 23 64 
23 3
96 56 54 
67 4
51 49 35 19 
62 3
65 35 32 
55 5
51 64 43 15 35 
