50
33 3
5 44 38 
38 7
6 10 47 49 40 12 33 
44 8
34 35 2 33 42 25 27 9 
24 2
41 4 
4 6
47 8 16 24 20 14 
41 7
24 11 15 29 0 6 46 
8 7
37 4 32 2 19 17 15 
15 5
32 11 41 13 8 
17 7
43 18 3 37 28 27 8 
19 5
14 49 3 8 26 
2 6
8 44 32 42 3 40 
21 7
11 32 1 3 16 43 40 
40 6
9 39 38 13 2 21 
43 7
21 17 31 12 3 10 35 
23 2
13 6 
6 7
38 5 41 7 16 23 0 
13 7
15 23 22 40 12 32 31 
12 9
37 14 47 49 43 13 3 30 38 
49 5
19 34 12 25 38 
47 9
22 12 42 27 48 4 38 35 26 
3 12
21 20 19 2 22 17 28 16 43 12 1 29 
42 9
7 47 20 44 26 2 37 28 36 
32 6
21 15 8 13 7 2 
25 7
49 10 44 18 11 31 48 
48 5
22 47 0 9 25 
31 3
43 25 13 
11 8
15 1 34 14 21 37 25 41 
18 5
37 34 1 17 25 
10 8
37 20 1 38 25 45 26 43 
37 11
10 18 5 17 9 11 12 42 8 46 39 
39 5
7 34 40 36 37 
46 6
20 36 1 41 37 28 
9 6
1 40 7 48 37 44 
26 6
30 5 10 42 19 47 
45 3
1 10 28 
7 5
42 39 9 6 32 
14 4
19 12 11 4 
20 6
46 10 3 22 42 4 
16 7
21 1 3 34 22 6 4 
22 7
47 20 48 27 3 13 16 
27 4
47 44 22 17 
30 2
26 12 
35 3
44 47 43 
36 4
46 42 5 39 
28 6
17 1 3 46 45 42 
0 4
48 34 41 6 
34 7
49 11 18 39 0 44 16 
1 10
45 21 11 10 9 28 16 46 18 3 
29 3
41 5 3 
5 6
6 33 37 29 26 36 
