30
4 9
0 15 12 21 2 3 8 28 20 
20 8
25 13 7 17 5 11 24 4 
28 6
6 11 26 15 10 4 
8 5
2 19 7 21 4 
3 7
14 10 16 6 7 25 4 
2 6
8 22 11 4 25 18 
21 9
25 18 15 29 7 4 8 16 19 
12 5
4 23 9 27 1 
15 5
26 1 28 21 4 
0 4
4 22 18 24 
10 5
3 28 17 11 7 
26 4
15 17 28 9 
11 11
5 27 28 9 20 14 2 19 25 10 22 
6 5
3 14 28 22 25 
1 4
15 22 9 12 
9 8
11 18 1 17 12 25 29 26 
22 9
23 24 11 2 16 1 18 0 6 
18 7
19 2 22 21 9 0 13 
16 6
3 22 19 25 13 21 
24 3
22 20 0 
23 4
12 22 17 7 
17 7
25 9 27 20 26 23 10 
27 4
11 17 12 5 
25 10
17 9 21 11 20 16 3 19 2 6 
29 4
13 19 21 9 
19 8
29 18 8 16 11 21 14 25 
13 4
29 20 16 18 
5 3
11 20 27 
7 6
8 20 21 3 10 23 
14 4
3 6 19 11 
