30
8 5
12 3 18 13 7 
7 4
29 4 5 8 
18 3
2 4 8 
3 7
6 25 21 2 19 4 8 
29 6
12 7 27 2 21 15 
15 3
27 10 29 
21 6
6 3 5 26 4 29 
13 7
6 8 11 9 17 5 2 
2 6
18 3 27 29 10 13 
5 6
0 6 21 26 7 13 
12 5
29 22 8 28 25 
25 6
24 6 12 22 3 1 
28 6
6 14 26 12 9 17 
4 7
7 16 11 21 18 3 23 
23 1
4 
9 7
10 6 13 24 28 27 16 
16 6
0 1 4 17 9 19 
27 7
6 2 9 24 15 29 0 
22 4
12 10 25 6 
6 11
13 21 3 5 19 26 9 27 28 25 22 
1 2
16 25 
17 4
16 13 28 14 
26 6
6 21 11 5 28 20 
0 4
5 16 14 27 
14 3
0 28 17 
10 5
9 15 22 2 20 
20 3
11 26 10 
19 3
6 3 16 
11 4
13 20 4 26 
24 3
25 9 27 
