100
72 2
36 28 
28 3
14 16 72 
9 2
99 45 
45 2
62 9 
52 3
98 41 99 
99 4
9 42 67 52 
68 1
73 
73 6
90 5 68 25 31 77 
41 3
54 52 77 
77 5
8 73 36 83 41 
82 1
5 
5 3
73 43 82 
1 1
13 
13 3
55 51 1 
76 3
80 32 24 
24 4
94 93 47 76 
87 1
39 
39 2
57 87 
0 1
22 
22 2
55 0 
97 2
60 56 
56 2
97 70 
60 6
90 59 35 26 97 57 
78 1
81 
81 4
27 85 78 20 
98 3
52 95 89 
89 2
66 98 
54 2
41 51 
51 2
13 54 
46 2
63 2 
2 4
93 94 71 46 
37 3
27 6 69 
69 2
6 37 
71 2
75 2 
16 1
28 
14 3
62 33 28 
12 2
49 38 
38 2
43 12 
66 3
90 94 89 
75 2
49 71 
48 1
93 
93 4
2 24 40 48 
23 2
25 88 
88 2
49 23 
49 4
12 44 75 88 
70 1
56 
94 4
2 59 24 66 
17 1
92 
92 3
4 17 10 
57 3
60 39 18 
42 3
21 25 99 
25 4
23 73 42 27 
44 2
90 49 
80 3
85 76 35 
35 2
60 80 
79 3
96 62 7 
7 1
79 
62 5
55 79 14 45 3 
27 3
37 25 81 
74 1
32 
32 3
76 18 74 
55 5
11 62 13 19 22 
67 1
99 
29 1
59 
59 4
60 95 94 29 
26 2
60 30 
90 5
66 60 73 86 44 
18 2
57 32 
31 2
73 91 
91 4
31 34 50 65 
10 1
92 
4 2
43 92 
65 1
91 
50 1
91 
34 1
91 
8 2
77 47 
47 2
24 8 
11 3
95 55 84 
84 2
96 11 
95 5
98 59 11 21 63 
86 3
90 61 96 
20 1
81 
96 3
79 84 86 
61 1
86 
3 1
62 
19 3
55 6 53 
43 4
5 64 4 38 
83 1
77 
36 2
72 77 
40 1
93 
33 1
14 
6 4
37 19 69 58 
58 1
6 
63 2
46 95 
30 1
26 
64 2
43 15 
15 1
64 
21 2
42 95 
53 1
19 
85 2
80 81 
