50
43 3
47 40 9 
9 4
30 11 46 43 
24 3
35 23 48 
48 3
31 11 24 
8 1
31 
31 5
22 47 48 44 8 
29 1
18 
18 5
5 35 45 44 29 
46 5
30 16 9 25 21 
49 2
13 30 
30 6
10 9 32 46 49 12 
42 2
20 6 
6 8
2 20 40 36 22 5 15 42 
33 2
15 10 
10 4
30 36 33 27 
38 2
3 17 
17 1
38 
3 3
5 38 28 
27 3
47 14 10 
35 4
24 18 23 40 
40 4
43 6 19 35 
23 2
24 35 
47 5
1 43 22 27 31 
13 4
25 49 15 20 
20 4
42 6 22 13 
15 5
22 33 6 13 19 
19 4
32 40 15 41 
44 2
31 18 
45 1
18 
5 4
6 18 3 14 
11 2
9 48 
14 2
27 5 
41 2
19 2 
22 8
12 31 20 6 47 15 0 7 
7 1
22 
0 1
22 
1 2
47 37 
37 3
32 2 1 
36 6
28 4 6 32 26 10 
26 1
36 
32 5
37 19 36 30 34 
4 2
39 36 
39 1
4 
16 1
46 
21 1
46 
28 2
36 3 
12 2
22 30 
34 1
32 
2 3
6 41 37 
25 2
13 46 
