50
48 12
28 32 23 22 19 46 44 8 16 40 5 15 
15 11
7 45 24 43 1 12 44 39 27 48 30 
5 13
42 14 37 4 49 6 23 46 8 41 9 17 48 
40 6
25 22 17 48 45 13 
16 9
34 7 41 38 26 19 48 4 21 
19 13
12 34 39 3 21 37 27 31 48 30 16 33 49 
22 5
26 29 40 48 23 
23 12
8 5 47 4 48 28 9 22 35 13 41 29 
37 8
25 31 14 12 5 29 19 11 
11 6
36 25 44 26 35 37 
29 7
31 46 25 37 43 22 23 
41 10
16 31 39 6 10 2 3 5 36 23 
35 8
49 12 26 34 25 30 23 11 
9 6
5 32 6 44 38 23 
28 6
32 48 49 20 34 23 
21 9
43 19 16 1 18 31 27 12 7 
7 6
15 16 42 38 21 34 
12 9
45 35 19 14 20 0 15 37 21 
27 11
31 15 38 49 13 19 18 20 46 30 21 
18 6
32 24 21 27 31 10 
46 7
5 45 29 48 27 33 24 
24 4
15 18 4 46 
33 6
34 1 45 19 17 46 
30 7
32 27 17 35 45 19 15 
25 12
42 13 37 11 29 38 49 40 39 35 17 8 
34 6
16 33 28 19 35 7 
32 10
18 0 26 28 9 48 30 20 14 39 
39 8
26 19 15 0 41 13 25 32 
26 10
22 17 39 32 16 11 35 2 45 3 
3 5
44 41 17 19 26 
45 8
15 12 46 33 30 40 1 26 
2 5
36 17 26 41 38 
49 8
28 27 8 5 1 25 35 19 
1 10
15 21 17 20 14 33 49 45 36 42 
42 8
47 43 25 7 14 17 5 1 
17 10
26 2 40 42 1 3 5 25 30 33 
14 9
37 8 32 0 12 42 5 1 43 
44 7
3 48 9 11 0 15 38 
38 11
16 44 36 27 9 7 25 4 0 6 2 
31 7
27 29 37 21 41 19 18 
6 4
9 5 41 38 
0 11
36 32 12 10 13 47 14 39 38 44 8 
4 6
5 23 24 10 16 38 
36 7
0 2 41 11 43 38 1 
8 8
23 49 48 14 20 5 0 25 
10 6
0 47 4 13 41 18 
43 7
21 42 15 29 36 14 47 
13 8
27 25 23 10 0 39 40 20 
20 7
32 28 27 12 8 1 13 
47 5
42 23 10 0 43 
