20
2 12
7 6 9 19 4 16 18 5 3 11 15 10 
10 14
4 2 19 18 3 16 12 7 15 13 0 1 9 14 
11 14
8 12 19 2 5 18 14 3 16 17 1 0 13 4 
3 12
16 9 17 4 5 1 11 6 2 19 15 10 
14 9
12 18 9 17 11 13 16 10 15 
15 7
2 10 3 12 4 7 14 
16 14
7 17 14 5 3 10 18 11 6 19 2 4 13 12 
13 11
16 11 6 9 18 5 10 0 12 14 4 
17 9
11 3 1 14 6 8 16 4 9 
5 9
0 12 13 2 16 8 11 3 18 
18 11
14 13 7 6 11 8 16 10 2 19 5 
8 8
11 6 12 1 5 18 17 9 
12 11
14 5 16 8 4 0 15 10 6 13 11 
6 11
2 13 12 18 3 1 9 17 8 16 0 
0 7
5 4 11 12 6 13 10 
4 11
11 19 2 3 16 12 17 0 15 10 13 
1 7
8 3 9 17 11 10 6 
9 10
6 3 1 13 14 10 17 2 19 8 
19 8
4 2 16 3 18 10 11 9 
7 5
16 2 18 15 10 
