100
24 10
55 27 75 20 26 15 70 72 1 42 
42 3
97 63 24 
1 6
91 81 17 74 24 99 
72 5
33 24 32 6 93 
70 7
45 60 94 24 10 4 54 
15 4
66 14 24 87 
26 8
54 36 3 24 77 33 16 67 
20 10
84 24 31 3 14 12 82 32 29 13 
75 5
38 80 41 24 94 
27 3
21 24 76 
55 7
24 59 22 25 6 7 48 
2 4
43 54 48 45 
45 6
25 70 37 59 2 80 
48 8
89 30 79 13 55 5 40 2 
54 6
32 96 81 26 2 70 
43 4
2 11 59 47 
71 5
31 5 66 21 57 
57 8
0 63 73 81 66 37 71 61 
21 6
39 27 88 77 7 71 
66 4
15 18 57 71 
5 8
83 87 29 71 22 48 50 96 
31 14
17 77 56 71 37 67 19 60 68 4 53 20 82 23 
83 4
5 44 34 86 
86 3
74 33 83 
34 8
18 83 37 78 23 44 76 46 
44 6
30 74 10 83 34 84 
23 7
69 59 31 34 49 64 68 
68 7
31 59 46 41 80 58 23 
64 5
53 61 46 52 23 
49 7
98 67 8 23 52 28 9 
59 9
47 43 11 91 68 45 35 23 55 
69 6
23 62 61 93 85 18 
92 3
98 76 32 
32 4
54 72 20 92 
76 7
88 40 92 34 87 67 27 
98 6
92 87 63 49 36 85 
99 3
36 3 1 
74 8
86 29 0 77 41 44 8 1 
17 8
79 3 1 73 31 7 16 36 
81 4
54 25 1 57 
91 6
1 59 51 65 95 82 
67 13
49 10 97 35 26 85 31 9 40 94 76 65 95 
87 6
98 5 3 76 15 58 
40 5
77 67 76 48 3 
88 7
21 52 65 76 96 38 12 
12 5
7 9 20 3 88 
38 4
75 88 79 62 
96 6
85 89 54 88 30 5 
65 7
3 91 88 60 73 19 67 
52 7
90 79 88 85 64 49 29 
94 5
67 10 70 75 25 
25 6
55 94 56 45 81 60 
10 7
94 67 14 4 51 44 70 
53 3
64 13 31 
13 7
8 51 47 53 48 20 14 
3 14
89 20 40 26 93 73 65 6 87 17 12 79 99 8 
9 4
12 14 67 49 
7 6
56 12 80 17 21 55 
39 3
21 37 36 
36 9
33 62 99 41 98 39 26 35 17 
37 6
34 90 39 45 57 31 
28 4
84 29 90 49 
8 5
13 3 16 49 74 
35 3
67 36 59 
16 5
78 73 26 8 17 
73 5
16 57 65 17 3 
78 3
16 34 4 
4 6
77 10 70 31 47 78 
82 5
46 47 20 31 91 
95 5
51 18 79 91 67 
51 6
95 13 10 91 18 6 
6 7
30 3 55 62 50 72 51 
18 9
93 69 95 34 0 89 58 51 66 
89 5
48 18 3 96 50 
50 6
41 89 5 6 33 97 
0 4
57 18 74 56 
56 5
7 31 14 25 0 
47 6
59 30 13 82 43 4 
11 4
43 59 46 33 
30 7
19 44 96 6 48 85 47 
85 7
96 67 69 14 98 52 30 
58 5
97 18 68 87 22 
93 6
60 3 18 69 19 72 
33 8
36 72 50 79 26 63 86 11 
80 7
75 29 68 97 45 84 7 
19 5
93 90 30 65 31 
60 5
93 70 65 31 25 
22 3
55 5 58 
29 7
80 74 28 97 52 5 20 
63 5
98 33 42 61 57 
46 6
64 82 41 68 11 34 
62 4
69 36 6 38 
79 8
33 48 17 52 95 3 38 41 
97 7
67 42 29 58 14 80 50 
14 9
97 41 13 20 15 10 56 9 85 
61 4
64 63 57 69 
90 4
52 19 28 37 
84 4
20 28 80 44 
41 8
50 46 68 14 74 75 36 79 
77 6
40 4 26 74 31 21 
