50
35 2
37 45 
45 8
15 10 4 6 44 46 41 35 
37 5
32 35 47 49 48 
27 2
46 11 
11 5
21 42 48 27 29 
46 4
27 36 42 45 
42 6
11 46 12 4 13 26 
36 3
22 46 49 
8 2
2 15 
15 5
9 26 45 7 8 
2 5
8 19 5 39 24 
4 5
49 42 45 10 1 
1 2
49 4 
10 8
20 18 25 4 17 33 45 13 
28 4
41 17 39 3 
3 4
7 49 28 0 
39 6
34 17 28 32 2 41 
17 6
39 44 10 28 22 5 
41 4
28 5 45 39 
5 4
2 41 17 23 
23 3
16 6 5 
29 3
44 11 21 
21 2
11 29 
44 8
24 17 29 45 19 20 40 30 
47 4
37 22 9 7 
7 3
3 47 15 
9 2
15 47 
22 5
36 17 47 49 6 
16 3
18 23 19 
19 5
43 2 25 44 16 
18 4
25 10 16 43 
13 5
40 48 10 42 12 
33 3
12 10 48 
25 3
18 10 19 
24 2
44 2 
26 2
15 42 
12 4
33 42 13 38 
48 8
20 34 13 30 33 11 37 43 
40 2
13 44 
43 4
38 19 48 18 
49 9
4 14 3 1 37 30 22 36 31 
38 2
43 12 
6 6
0 23 30 22 45 14 
20 4
10 31 48 44 
31 2
20 49 
34 2
39 48 
14 2
49 6 
32 2
37 39 
30 4
49 48 6 44 
0 2
6 3 
