30
22 8
6 2 20 10 4 5 3 9 
9 7
28 12 8 15 3 1 22 
3 12
9 28 27 10 24 6 14 23 22 7 2 19 
4 5
20 13 22 2 8 
10 8
12 13 18 3 20 14 22 23 
20 13
4 0 10 15 21 19 16 14 6 22 23 13 7 
2 10
16 25 3 28 22 23 21 4 29 13 
6 7
19 7 12 22 20 3 21 
1 4
11 24 21 9 
15 8
7 13 23 9 0 14 20 12 
8 8
19 23 29 25 11 9 27 4 
21 8
29 14 20 18 5 1 6 2 
24 6
29 18 3 1 25 17 
11 9
7 13 1 18 5 8 16 14 26 
19 9
23 8 6 27 20 14 0 29 3 
29 7
8 5 25 24 21 19 2 
14 13
25 17 0 10 15 19 20 7 3 18 12 21 11 
27 7
0 25 19 16 8 3 28 
16 6
2 27 5 18 20 11 
18 11
26 24 11 21 10 17 7 13 14 16 25 
5 6
22 29 13 16 11 21 
12 7
26 6 10 15 14 9 17 
7 8
15 11 6 14 20 26 18 3 
23 8
8 20 15 0 10 19 2 3 
28 8
25 3 26 2 13 9 27 0 
0 8
19 20 14 15 13 23 27 28 
13 11
20 4 11 15 10 0 5 18 17 28 2 
17 5
14 13 18 12 24 
25 8
14 2 8 29 28 27 24 18 
26 5
12 18 28 7 11 
