50
24 11
49 4 37 0 10 39 9 27 41 19 35 
35 10
45 47 38 7 3 1 5 24 11 27 
41 12
47 12 42 26 19 46 21 24 40 18 3 25 
27 15
23 33 8 36 48 35 26 45 24 20 21 32 15 10 12 
39 15
28 37 14 24 11 15 29 23 16 4 43 12 1 9 31 
10 18
13 19 14 33 49 4 47 24 31 7 17 27 11 48 25 9 0 5 
4 11
24 17 25 40 20 39 16 7 10 1 42 
42 12
36 40 34 31 9 18 29 41 44 11 21 4 
1 18
2 29 20 35 18 45 0 6 4 43 3 5 12 38 32 30 39 14 
7 9
32 18 43 4 35 10 0 29 12 
47 11
32 45 35 41 9 10 37 11 36 44 14 
14 16
16 45 47 29 10 39 0 1 18 2 38 8 20 21 17 28 
44 6
21 13 29 42 47 22 
36 10
42 2 0 47 16 46 9 27 23 20 
11 13
3 30 22 39 42 38 25 9 17 10 47 2 35 
16 12
6 25 37 33 46 14 39 4 5 28 36 2 
2 11
28 1 12 36 20 14 11 21 38 25 16 
28 14
39 45 2 34 40 26 14 21 31 16 8 30 23 22 
12 17
2 45 34 39 17 7 48 41 27 6 19 32 1 0 26 37 23 
34 12
46 32 30 22 23 49 43 3 18 42 12 28 
48 7
3 29 10 30 31 27 12 
19 13
49 15 10 0 29 21 24 31 6 12 41 40 20 
32 13
7 22 37 47 34 12 5 1 27 31 38 29 8 
22 16
20 34 0 29 15 3 6 32 44 8 43 18 11 17 46 28 
5 12
32 46 16 20 10 29 1 31 35 37 21 13 
38 13
11 25 29 0 2 35 1 9 32 13 8 20 14 
33 8
13 6 16 10 29 9 27 18 
15 8
19 8 23 22 30 27 39 25 
25 11
16 38 4 18 11 10 15 26 2 13 41 
37 12
39 30 16 32 12 24 26 29 5 47 49 31 
31 12
39 43 42 19 21 37 28 48 32 10 3 5 
49 10
23 19 34 18 13 29 10 8 24 37 
29 21
48 38 13 19 17 46 7 1 9 22 49 5 3 32 45 39 33 44 14 37 42 
21 13
41 13 14 44 8 30 27 31 28 42 5 19 2 
8 11
14 15 21 28 27 9 30 22 38 49 32 
13 11
21 10 29 33 46 44 26 25 38 49 5 
18 11
42 1 41 7 49 25 33 22 23 14 34 
26 10
23 12 27 28 37 41 13 25 20 45 
46 12
5 34 16 17 13 41 29 0 22 30 36 6 
6 10
12 19 22 30 0 1 16 33 46 43 
0 16
24 14 40 10 17 46 7 45 6 19 1 22 43 36 38 12 
17 13
12 45 4 46 14 20 40 29 0 10 22 30 11 
9 11
39 42 47 36 38 8 33 24 11 29 10 
20 13
4 38 27 17 1 5 14 2 26 19 22 30 36 
30 14
6 20 21 48 11 37 1 17 28 46 8 15 45 34 
23 10
49 15 26 12 27 28 34 39 18 36 
3 9
11 35 22 48 31 1 41 34 29 
40 7
19 42 4 0 17 28 41 
45 12
14 12 47 30 29 0 17 27 28 1 35 26 
43 8
7 31 0 22 1 39 34 6 
