50
33 8
34 28 15 35 26 43 47 21 
21 9
36 22 42 47 31 46 33 45 29 
47 4
21 32 30 33 
26 9
41 48 29 33 16 30 22 39 40 
15 12
38 33 4 19 48 17 28 18 5 14 23 30 
30 9
22 26 45 18 42 9 47 15 7 
32 11
1 36 0 40 19 9 31 8 16 47 42 
16 7
46 44 1 5 29 32 26 
29 8
20 22 16 42 13 45 26 21 
8 3
6 32 25 
25 5
41 31 48 28 8 
6 7
0 2 8 17 13 22 39 
38 3
15 0 24 
24 10
43 13 7 11 28 17 27 35 38 3 
0 7
14 12 6 32 44 9 38 
20 5
29 22 23 35 18 
18 11
37 9 31 46 30 19 15 43 4 34 20 
35 6
9 17 24 20 33 44 
23 7
37 15 39 20 17 9 2 
22 14
6 31 26 37 5 1 21 20 28 46 30 41 10 29 
41 10
26 25 7 17 44 49 36 22 1 10 
31 11
13 37 21 11 44 25 32 10 22 18 49 
28 13
33 49 27 11 24 37 42 15 7 13 45 22 25 
37 12
18 31 27 48 28 23 22 7 46 44 2 42 
5 5
16 17 15 22 4 
1 9
32 27 16 19 22 39 43 41 3 
13 9
7 24 31 28 29 14 34 6 2 
42 11
49 29 14 19 9 28 36 30 21 37 32 
40 5
34 12 32 36 26 
48 7
4 15 26 37 11 14 25 
19 9
49 32 1 18 15 42 27 9 44 
36 8
21 43 42 32 41 40 39 3 
4 4
48 15 18 5 
17 8
5 35 6 41 23 15 10 24 
9 13
39 46 32 42 18 23 30 35 19 45 43 10 0 
44 11
16 39 14 31 41 10 0 45 19 35 37 
12 4
0 40 14 43 
10 7
22 2 44 9 31 17 41 
7 7
28 43 13 41 24 37 30 
27 7
1 28 19 37 24 39 34 
34 10
18 33 2 40 39 14 13 43 27 11 
2 6
6 10 34 23 37 13 
14 8
48 34 13 0 15 42 12 44 
11 6
24 46 28 31 48 34 
43 10
24 7 36 33 9 18 1 45 12 34 
39 10
27 9 26 1 44 46 34 23 36 6 
45 8
29 3 30 21 43 28 9 44 
3 4
45 36 1 24 
46 8
16 9 22 18 37 11 21 39 
49 5
19 42 28 31 41 
