20
4 7
17 14 19 0 15 5 1 
1 10
6 13 10 14 5 12 17 9 4 2 
15 12
7 12 11 14 10 0 4 3 5 19 9 17 
0 10
12 6 7 13 17 4 19 2 14 15 
5 9
19 2 1 4 14 12 8 16 15 
16 7
14 12 10 8 5 9 19 
2 11
6 11 17 5 18 3 1 10 0 7 13 
13 11
9 1 3 18 6 0 10 14 19 2 8 
3 11
8 12 18 9 17 6 13 7 2 15 10 
18 9
9 6 13 3 8 12 19 2 10 
17 9
9 4 14 8 1 3 2 0 15 
8 12
12 6 19 9 17 5 3 18 14 16 13 7 
7 7
2 0 15 3 12 14 8 
10 11
2 16 13 11 14 9 15 1 18 3 12 
19 10
13 4 5 18 0 15 14 11 8 16 
9 13
17 11 13 12 14 6 18 3 1 8 16 10 15 
14 14
16 6 19 10 15 13 8 5 4 0 1 9 7 17 
6 10
0 2 8 11 13 1 18 3 9 14 
11 6
9 6 15 10 2 19 
12 11
9 8 16 1 3 5 18 7 0 15 10 
