30
16 5
1 23 6 7 24 
24 11
21 14 27 26 13 29 0 23 16 25 6 
7 8
3 5 22 16 0 15 21 9 
6 13
4 15 29 16 23 21 24 11 27 13 12 2 19 
23 14
12 4 15 24 14 25 16 6 19 18 22 1 10 27 
27 11
23 24 13 18 20 14 10 29 6 26 2 
2 11
15 19 26 6 22 4 11 21 27 3 5 
29 12
3 17 9 27 25 0 10 8 6 19 11 24 
10 14
9 1 3 18 27 28 29 15 25 23 26 19 4 20 
14 14
24 8 18 3 4 23 27 17 28 26 12 1 0 15 
18 7
19 23 9 27 14 10 0 
13 7
1 22 27 24 21 20 6 
9 7
18 20 28 10 29 21 7 
21 10
24 6 28 9 17 26 2 13 7 1 
28 10
14 21 9 8 10 15 25 1 5 3 
22 8
11 25 13 7 19 2 23 0 
0 8
12 7 14 29 24 22 18 17 
1 11
13 5 16 8 23 28 14 20 25 21 10 
25 9
5 1 22 23 10 29 28 24 26 
20 8
12 9 27 10 15 4 13 1 
11 5
22 2 4 29 6 
19 9
18 2 17 4 22 23 10 29 6 
8 8
4 17 28 29 1 3 26 14 
17 6
19 29 0 14 8 21 
15 8
2 10 6 14 20 7 23 28 
4 9
10 6 11 19 2 8 20 14 23 
3 7
2 7 29 10 14 8 28 
5 5
1 7 25 28 2 
26 9
27 2 10 14 24 21 12 25 8 
12 6
23 0 20 14 26 6 
