50
4 6
36 44 8 11 47 18 
18 5
3 11 28 9 4 
47 9
39 30 23 22 7 43 4 21 0 
11 9
38 39 14 20 19 4 1 18 29 
19 7
46 48 7 43 25 11 29 
29 11
25 41 9 17 31 36 23 2 19 3 11 
25 6
32 29 8 33 19 24 
48 8
19 31 28 34 8 46 3 5 
5 6
20 8 26 48 31 41 
46 9
32 43 19 35 45 39 20 48 33 
8 9
14 1 5 4 25 38 32 48 24 
34 9
39 7 45 36 48 49 10 16 37 
28 9
26 18 39 7 31 48 9 17 30 
24 8
3 30 35 33 8 25 7 27 
27 7
49 23 15 21 24 32 9 
7 9
36 19 35 1 34 47 33 28 24 
35 5
46 7 24 3 26 
9 7
29 15 37 18 3 28 27 
3 13
24 40 23 18 32 35 2 48 17 31 9 29 13 
38 3
11 8 6 
6 6
1 13 36 23 40 38 
32 11
25 1 3 26 36 46 16 8 27 13 15 
2 7
49 45 10 29 1 3 40 
40 8
49 33 37 20 2 3 1 6 
10 3
36 2 34 
16 3
42 32 34 
42 4
22 23 16 12 
0 4
20 36 30 47 
21 3
41 27 47 
22 5
1 14 26 42 47 
23 10
13 3 27 6 12 42 29 45 47 43 
30 7
33 24 0 14 17 28 47 
39 6
11 34 46 28 47 1 
33 7
30 49 40 25 24 7 46 
15 5
45 9 27 32 44 
44 5
26 37 4 49 15 
20 7
45 5 0 46 40 11 13 
45 12
15 12 41 13 46 36 23 20 34 17 2 26 
43 6
46 37 47 19 26 23 
26 9
28 44 22 5 43 49 32 45 35 
1 9
22 8 7 2 6 32 11 40 39 
36 9
7 45 4 10 0 29 6 32 34 
37 6
43 49 44 9 40 34 
13 7
23 45 3 6 32 14 20 
49 9
27 37 33 44 2 26 40 14 34 
41 6
45 14 21 12 29 5 
31 5
28 48 3 5 29 
17 5
29 3 30 45 28 
14 7
8 49 11 22 30 41 13 
12 4
45 23 41 42 
