50
5 1
15 
15 5
28 18 5 14 23 
33 1
26 
26 2
29 33 
38 1
24 
24 6
11 28 17 27 35 38 
48 1
25 
25 2
31 48 
43 2
9 1 
1 1
43 
9 3
23 19 43 
16 1
32 
32 4
31 8 16 47 
47 1
32 
10 1
31 
31 5
11 44 25 32 10 
7 1
37 
37 3
28 22 7 
19 1
9 
22 2
11 37 
20 1
35 
35 2
24 20 
23 4
15 39 9 2 
2 1
23 
29 2
13 26 
8 1
32 
3 1
36 
36 3
41 40 3 
6 1
13 
13 4
28 29 34 6 
45 1
21 
21 2
46 45 
30 1
42 
42 2
28 30 
27 1
24 
40 1
36 
0 1
44 
44 3
31 41 0 
17 1
24 
41 3
44 49 36 
49 1
41 
28 5
24 37 42 15 13 
46 2
11 21 
11 4
22 24 46 31 
34 1
13 
14 2
15 12 
12 1
14 
18 2
15 4 
4 1
18 
39 1
23 
