30
24 11
29 3 2 19 26 8 9 17 27 22 21 
21 13
8 22 10 29 0 5 18 1 7 24 27 17 28 
22 13
8 17 28 27 5 18 25 21 24 11 0 10 15 
27 14
12 24 11 17 9 22 23 16 4 26 2 21 20 6 
17 17
3 19 13 25 24 21 12 23 11 18 5 26 8 27 22 0 9 
8 18
21 3 5 25 23 12 14 26 19 11 24 17 7 13 29 22 9 0 
26 12
6 10 15 18 2 27 17 9 16 8 23 24 
19 9
10 17 8 24 18 4 6 12 2 
28 9
16 12 23 22 0 29 10 4 21 
4 8
18 25 23 19 27 28 6 16 
10 13
12 25 26 19 2 7 21 28 18 22 15 29 0 
23 15
8 27 6 4 28 17 7 13 11 18 9 1 26 14 25 
16 10
7 13 6 1 0 28 27 12 26 4 
9 14
5 27 17 14 26 12 8 18 11 24 6 15 13 23 
2 9
24 27 26 19 10 15 1 3 18 
14 12
23 8 11 20 12 15 29 25 1 3 7 9 
7 13
12 29 10 0 16 8 18 1 23 21 13 6 14 
3 12
29 25 12 24 8 17 6 2 5 1 18 14 
1 12
2 25 23 16 12 14 7 18 3 5 11 21 
25 13
3 1 15 10 0 4 12 23 22 14 13 8 17 
29 10
28 3 7 24 21 14 8 0 10 6 
12 15
10 27 19 20 14 8 9 1 5 16 3 25 17 28 7 
20 5
15 27 14 12 11 
11 11
0 1 13 27 9 17 8 14 20 23 22 
6 12
3 16 27 9 23 26 19 15 29 13 7 4 
15 11
25 18 5 20 14 10 26 2 9 6 22 
13 10
6 17 9 16 8 11 23 25 7 18 
18 16
4 21 19 2 26 5 3 1 9 22 23 15 13 17 7 10 
0 12
22 25 8 16 5 7 28 17 11 21 29 10 
5 11
21 8 12 9 17 22 15 0 3 1 18 
