50
38 5
3 32 8 15 21 
21 8
4 16 3 15 40 34 30 38 
15 11
13 4 18 5 21 37 26 12 25 38 10 
8 7
39 14 22 38 43 0 10 
10 5
28 47 32 15 8 
43 9
24 3 44 8 23 6 32 40 14 
22 5
5 28 37 8 12 
46 5
25 37 32 26 1 
1 9
32 12 45 26 20 39 46 44 28 
26 10
42 1 39 47 49 46 15 29 7 31 
32 14
1 43 4 13 31 16 7 46 10 47 35 38 14 34 
19 4
18 34 14 12 
12 12
18 1 4 44 0 15 14 40 36 22 19 27 
14 14
12 43 31 27 17 28 39 20 13 47 35 19 8 32 
6 8
36 42 43 47 41 7 5 33 
23 8
9 47 43 49 0 33 44 16 
3 9
38 20 39 27 28 43 7 21 11 
31 11
17 47 33 24 5 18 30 29 32 14 26 
7 10
41 30 25 27 9 26 2 3 32 6 
29 10
0 41 13 24 45 26 44 17 31 48 
49 7
9 33 41 26 45 36 23 
39 7
8 26 27 34 14 3 1 
16 6
21 4 13 41 32 23 
35 3
48 32 14 
48 4
35 9 11 29 
44 6
43 30 23 12 29 1 
45 5
1 5 33 29 49 
34 5
19 25 32 39 21 
47 8
26 23 31 0 10 32 6 14 
13 8
11 15 29 16 32 28 14 40 
40 5
43 21 37 12 13 
28 7
10 14 30 22 13 3 1 
27 8
3 18 17 7 14 39 12 30 
30 7
44 7 21 24 28 31 27 
17 6
14 0 29 31 27 36 
41 8
29 6 7 2 49 11 16 36 
36 5
49 6 12 41 17 
11 5
2 48 13 41 3 
2 5
11 41 7 4 42 
42 4
20 6 26 2 
20 5
14 3 1 42 0 
9 5
49 5 23 48 7 
25 5
34 46 7 15 0 
37 4
46 15 22 40 
5 7
22 45 18 9 31 15 6 
0 8
29 17 8 12 47 23 25 20 
4 6
21 15 16 32 12 2 
33 6
23 49 31 45 6 18 
18 7
5 12 19 15 27 31 33 
24 4
43 29 31 30 
