30
28 12
1 25 22 13 7 10 11 12 6 9 16 8 
8 10
4 20 26 19 15 29 9 17 28 5 
9 13
3 18 19 24 21 0 29 17 28 13 8 16 14 
6 12
5 3 25 22 29 0 4 24 26 28 16 7 
12 7
7 10 29 11 24 28 18 
11 8
16 21 23 12 25 4 28 0 
10 11
25 14 23 1 16 12 28 13 29 0 21 
18 13
2 22 0 9 27 5 1 21 24 16 13 12 4 
24 11
21 27 9 4 6 2 12 3 18 29 15 
25 11
10 29 6 17 28 4 16 11 20 14 5 
5 11
19 6 0 8 16 7 13 20 25 18 3 
14 11
7 10 15 2 25 23 22 3 1 9 27 
2 6
18 15 14 20 24 26 
26 7
8 0 29 20 6 4 2 
20 9
25 17 8 16 26 2 19 3 5 
17 10
25 20 3 19 22 9 7 13 8 29 
29 11
6 25 12 26 19 24 10 15 8 9 17 
16 16
10 11 18 5 3 19 6 22 9 0 20 25 15 13 28 7 
19 7
5 9 17 29 8 16 20 
15 8
22 14 2 29 8 16 21 24 
13 12
21 16 1 18 5 28 27 17 9 7 10 23 
23 10
3 1 11 21 14 10 0 27 7 13 
7 11
12 14 23 16 21 28 17 13 5 1 6 
1 8
10 28 14 13 7 18 23 22 
4 8
8 25 6 24 11 3 18 26 
21 11
24 11 22 23 27 9 13 7 18 15 10 
27 6
24 21 13 23 18 14 
0 10
26 6 9 3 18 5 16 23 10 11 
22 9
21 16 6 15 28 17 14 18 1 
3 11
23 4 6 9 17 16 24 0 20 14 5 
