100
92 2
6 66 
66 7
0 76 96 92 49 77 95 
6 5
92 94 76 81 50 
23 3
74 85 69 
69 8
16 76 88 23 82 32 90 70 
85 4
32 83 3 23 
74 3
23 2 86 
88 6
69 98 82 63 89 5 
5 2
71 88 
89 2
26 88 
63 4
56 88 12 84 
82 5
64 58 14 69 88 
98 4
76 88 81 56 
56 7
63 19 93 40 14 98 3 
81 13
12 71 21 11 19 34 98 18 1 51 6 7 29 
76 6
98 61 66 6 69 37 
90 4
84 69 47 22 
22 3
37 94 90 
47 2
40 90 
84 5
90 50 15 63 87 
11 2
0 81 
0 7
66 95 55 11 71 2 17 
93 2
2 56 
2 10
0 38 28 74 94 45 93 97 49 12 
91 6
58 18 61 80 13 73 
73 3
79 13 91 
13 3
73 14 91 
80 3
39 91 72 
61 5
42 76 33 91 40 
18 5
31 86 91 81 14 
58 2
91 82 
37 2
22 76 
1 4
39 14 81 33 
33 5
70 87 61 65 1 
14 13
67 13 82 10 29 56 1 18 34 60 17 51 54 
39 3
80 1 4 
64 3
82 62 52 
52 2
38 64 
62 3
17 9 64 
86 4
18 34 74 31 
31 2
18 86 
87 6
25 33 8 42 49 84 
15 3
84 49 46 
50 5
41 84 6 94 45 
30 2
20 51 
51 5
81 43 49 14 30 
20 5
60 30 65 25 59 
4 5
46 59 42 48 39 
72 3
35 67 80 
49 8
96 3 66 87 15 2 51 28 
43 2
51 16 
46 4
57 4 9 15 
28 3
78 2 49 
3 5
85 49 56 24 16 
96 4
97 49 66 68 
54 3
19 14 53 
17 6
62 24 65 14 27 0 
60 3
44 20 14 
34 5
77 40 14 81 86 
29 5
9 14 81 26 42 
10 2
14 48 
67 2
14 72 
40 9
47 48 9 34 61 25 56 99 36 
77 4
65 26 34 66 
26 3
89 77 29 
65 4
17 20 77 33 
12 3
81 2 63 
97 2
96 2 
45 2
2 50 
94 4
22 6 2 50 
38 3
52 2 99 
16 3
69 3 43 
32 3
85 48 69 
48 5
21 40 32 4 10 
71 3
5 81 0 
53 3
75 7 54 
7 4
99 53 19 81 
75 6
36 8 27 53 70 78 
42 4
4 61 87 29 
9 6
29 40 44 46 62 83 
99 5
35 19 7 40 38 
19 5
54 56 7 81 99 
35 3
72 25 99 
79 2
73 70 
70 4
33 69 75 79 
27 2
75 17 
24 2
17 3 
55 2
0 83 
95 2
0 66 
36 2
75 40 
25 6
87 40 20 35 41 57 
78 2
28 75 
41 2
50 25 
57 2
46 25 
8 2
75 87 
44 2
60 9 
21 3
68 48 81 
68 2
21 96 
83 3
85 9 55 
59 2
4 20 
