30
20 6
22 3 11 8 16 25 
25 8
17 27 18 23 15 16 14 20 
13 8
8 12 17 5 3 24 23 14 
14 7
28 19 25 12 21 1 13 
23 11
21 25 0 10 19 16 7 13 9 17 27 
29 5
8 3 11 15 0 
0 7
23 8 10 29 3 5 7 
15 7
26 4 9 29 22 25 11 
11 7
20 5 22 27 12 29 15 
22 11
8 20 12 26 15 10 11 4 9 27 17 
17 7
25 10 13 28 19 23 22 
4 6
15 26 3 12 24 22 
1 7
19 8 3 27 28 14 12 
12 12
22 13 14 9 6 10 8 16 4 18 1 11 
9 7
24 18 15 12 22 23 6 
6 5
12 21 2 28 9 
27 11
10 8 25 5 1 18 21 24 11 22 23 
19 10
24 14 2 17 23 8 10 1 3 18 
18 10
10 25 12 3 7 16 19 9 27 28 
10 9
27 17 18 12 22 23 2 19 0 
8 10
22 13 27 1 29 0 20 19 12 21 
24 9
19 3 5 21 9 28 27 13 4 
16 9
7 2 3 5 18 20 12 25 23 
21 8
23 27 24 14 8 6 2 26 
26 5
15 4 22 28 21 
2 6
10 21 19 16 3 6 
3 12
24 20 18 1 16 4 19 2 0 29 13 7 
7 6
16 23 28 0 18 3 
28 8
14 24 17 26 7 6 1 18 
5 6
27 13 24 11 16 0 
