50
43 5
1 5 47 39 10 
10 11
27 48 39 40 20 44 32 4 43 41 3 
39 9
10 46 16 26 30 43 12 5 28 
47 6
43 0 34 20 17 1 
5 10
23 25 16 8 15 19 26 39 43 1 
1 5
32 43 47 25 5 
18 4
14 25 48 24 
24 3
42 31 18 
48 11
33 45 11 21 37 23 22 10 29 15 18 
25 9
11 7 8 34 23 5 18 1 38 
14 7
27 45 12 18 38 11 49 
29 3
34 19 48 
19 4
8 5 29 17 
34 12
35 29 0 22 23 25 38 28 49 47 41 46 
20 5
13 10 0 27 47 
27 5
10 14 20 35 28 
0 5
47 26 34 20 12 
13 5
20 23 28 17 7 
46 4
39 34 41 35 
35 4
42 34 27 46 
41 7
17 8 46 44 10 34 6 
17 6
41 13 37 47 49 19 
16 5
5 8 22 39 2 
2 5
23 30 45 31 16 
22 8
37 40 34 48 28 31 36 16 
8 6
19 16 25 5 41 49 
49 7
34 14 31 17 12 38 8 
38 6
14 34 31 49 33 25 
33 6
21 9 48 28 38 4 
31 9
2 3 7 49 37 24 38 22 42 
7 3
25 31 13 
28 12
45 30 36 22 33 11 12 34 39 13 9 27 
23 8
5 2 13 30 36 34 48 25 
26 7
39 36 44 0 37 42 5 
15 3
45 5 48 
45 6
15 28 48 14 2 32 
11 6
25 28 48 14 40 12 
30 8
4 3 23 28 39 2 37 44 
37 6
31 17 48 22 30 26 
21 3
33 48 4 
9 3
33 40 28 
40 6
22 12 10 9 6 11 
36 5
6 26 22 23 28 
6 3
36 40 41 
44 4
26 10 41 30 
12 8
28 14 40 39 0 49 11 32 
3 3
30 31 10 
4 5
30 32 10 33 21 
32 5
4 1 10 12 45 
42 4
24 35 26 31 
