100
51 4
32 98 27 87 
87 4
48 92 47 51 
98 5
51 25 15 76 46 
46 5
30 58 99 14 98 
15 8
47 57 89 97 91 63 70 98 
4 4
16 86 6 28 
28 6
10 30 3 18 72 4 
5 6
76 88 25 90 14 17 
17 8
97 24 32 47 3 5 80 38 
75 3
83 12 96 
96 8
47 1 66 12 20 74 9 75 
78 6
11 7 54 93 45 35 
35 4
10 74 45 78 
91 5
80 15 55 94 24 
24 7
67 90 37 17 85 29 91 
47 8
96 90 37 57 74 17 15 87 
72 10
55 11 83 3 1 95 65 30 27 28 
48 3
87 70 23 
23 6
70 12 88 57 85 48 
41 3
55 92 20 
20 6
94 18 49 16 96 41 
54 5
13 78 14 60 52 
52 7
16 97 83 94 84 50 54 
82 6
50 77 56 0 53 13 
13 7
11 54 9 97 45 68 82 
79 3
3 58 49 
49 7
97 65 36 34 20 50 79 
56 4
82 38 84 8 
8 8
86 18 3 65 37 40 63 56 
85 7
63 0 70 92 9 24 23 
80 3
91 0 17 
18 5
8 20 29 28 83 
83 6
75 72 92 52 97 18 
30 8
57 46 44 28 68 19 25 72 
1 4
59 88 96 72 
11 7
78 13 31 67 93 50 72 
65 8
72 68 97 34 8 49 58 53 
53 4
82 76 60 65 
7 7
62 12 66 78 88 40 6 
6 6
95 21 61 4 39 7 
92 7
41 83 66 85 9 87 71 
71 4
86 44 42 92 
97 10
13 49 52 65 10 15 17 27 19 83 
0 6
16 85 80 88 82 68 
68 10
76 60 12 3 65 30 25 13 55 0 
12 6
23 68 7 29 75 96 
39 3
58 94 6 
94 12
59 89 37 52 42 44 76 58 91 10 20 39 
22 7
93 59 16 44 9 25 61 
61 3
6 63 22 
9 7
96 13 85 60 92 22 25 
44 9
33 94 71 88 30 36 22 43 64 
16 11
0 4 40 20 32 37 89 93 67 52 22 
36 7
42 64 49 66 2 44 50 
50 12
45 73 82 55 66 63 52 36 49 11 84 34 
70 6
23 48 85 31 15 81 
81 2
33 70 
66 7
27 7 92 36 50 37 96 
37 12
38 94 16 8 45 26 47 66 89 21 24 90 
95 4
6 72 10 76 
76 6
5 68 53 98 94 95 
69 3
29 59 31 
31 5
70 59 11 45 69 
19 3
30 97 74 
74 8
96 90 58 47 10 2 35 19 
45 11
50 25 59 78 37 13 40 14 73 35 31 
40 4
45 7 16 8 
99 4
38 33 46 27 
27 5
51 66 72 97 99 
29 7
24 69 67 3 18 12 77 
77 5
62 26 82 10 29 
21 3
6 63 37 
26 4
77 88 37 63 
63 9
85 8 15 21 26 25 61 50 88 
32 5
51 17 57 42 16 
42 4
36 32 94 71 
67 5
24 11 29 60 16 
93 6
22 16 34 60 78 11 
89 4
94 15 37 16 
57 6
15 23 30 32 47 86 
86 5
8 14 71 4 57 
73 2
50 45 
14 9
54 86 88 55 5 45 2 46 33 
60 7
68 9 54 2 67 93 53 
25 9
63 30 22 45 98 34 5 68 9 
33 5
44 10 81 99 14 
2 4
74 36 60 14 
34 6
84 93 65 49 25 50 
90 7
74 5 47 58 24 37 62 
10 8
33 95 28 74 94 35 97 77 
62 4
77 7 38 90 
3 8
8 79 29 72 68 59 28 17 
55 6
41 91 14 72 50 68 
58 7
74 65 46 39 90 79 94 
64 3
36 44 59 
43 1
44 
88 9
23 44 26 7 5 1 14 0 63 
38 5
37 56 62 99 17 
59 8
94 31 1 3 45 69 22 64 
84 4
34 56 50 52 
