50
4 2
44 37 
37 9
46 11 22 14 2 27 32 41 4 
9 3
0 18 42 
42 4
12 43 31 9 
18 3
9 30 36 
36 4
48 27 17 18 
8 6
33 38 32 5 2 26 
26 4
45 21 1 8 
5 3
28 19 8 
31 1
42 
43 1
42 
19 1
5 
29 3
38 41 12 
12 7
17 34 33 42 47 0 29 
24 7
40 14 0 47 45 6 44 
44 5
4 32 41 28 24 
6 3
14 1 24 
45 6
17 13 26 35 24 0 
28 6
11 44 30 23 49 5 
38 5
29 20 40 8 32 
32 7
1 44 8 37 15 22 38 
7 2
0 34 
34 4
35 12 15 7 
10 2
20 48 
48 3
36 21 10 
47 2
24 12 
33 7
0 23 14 20 12 8 46 
49 1
28 
11 3
37 28 27 
27 4
16 36 37 11 
39 4
21 2 30 25 
25 2
39 16 
30 4
28 18 40 39 
2 4
8 23 37 39 
20 5
38 10 14 33 1 
1 4
26 32 6 20 
41 4
22 44 29 37 
21 7
26 16 23 48 17 39 40 
23 5
33 2 28 21 14 
46 4
0 37 33 3 
3 2
0 46 
40 4
38 30 24 21 
17 5
12 45 21 36 13 
14 6
33 6 20 24 37 23 
22 4
41 37 15 32 
15 3
22 32 34 
16 3
27 21 25 
35 2
34 45 
13 2
17 45 
0 8
12 9 24 46 33 3 7 45 
