50
8 8
34 23 36 44 2 45 18 17 
17 5
7 25 15 31 8 
12 8
49 27 31 22 14 1 29 35 
35 11
19 37 11 10 14 46 41 27 28 43 12 
44 6
5 43 8 6 24 31 
31 16
10 12 44 6 48 46 7 17 5 3 4 23 0 39 21 24 
13 6
29 39 40 41 46 36 
36 6
45 8 10 15 37 13 
22 6
2 4 15 12 23 20 
20 8
9 43 34 18 38 29 23 22 
43 9
1 20 34 27 16 44 2 26 35 
11 5
35 27 28 49 47 
47 8
30 18 45 16 32 48 21 11 
39 7
13 10 27 31 14 42 18 
18 12
2 21 47 48 6 32 23 8 29 40 20 39 
32 7
40 26 47 10 0 18 5 
5 9
44 23 45 2 31 10 0 32 21 
26 10
2 30 40 24 32 4 43 15 29 10 
10 9
32 39 5 31 48 36 42 35 26 
29 13
37 38 25 12 28 23 46 18 13 41 20 45 26 
42 7
1 9 48 10 46 39 19 
19 7
37 21 35 48 30 25 42 
49 6
12 23 0 34 11 24 
24 9
26 44 23 27 31 28 9 38 49 
25 6
29 40 28 17 30 19 
2 9
43 26 46 8 1 18 5 22 23 
23 14
41 29 33 8 37 24 28 31 18 5 22 20 2 49 
45 8
37 36 41 47 5 46 8 29 
41 10
23 13 48 9 37 3 45 35 4 29 
46 11
13 16 2 45 35 42 48 31 9 29 15 
15 9
26 48 17 22 36 0 14 46 3 
3 6
34 4 31 41 0 15 
21 7
14 19 47 18 5 31 27 
0 11
49 31 48 15 37 6 32 3 1 5 14 
33 3
1 6 23 
37 11
19 45 35 14 41 29 0 16 23 36 1 
1 8
43 2 33 0 42 12 37 34 
38 4
29 30 20 24 
9 5
20 42 41 46 24 
4 6
26 3 41 31 22 30 
30 8
7 38 25 47 4 26 19 40 
40 6
13 18 25 26 32 30 
14 8
16 12 21 37 35 39 15 0 
7 5
30 27 17 48 31 
6 5
18 0 33 44 31 
48 13
42 41 7 19 34 18 15 10 0 31 46 16 47 
34 7
8 20 48 43 49 3 1 
27 9
35 7 16 39 12 43 11 24 21 
28 6
25 11 24 29 23 35 
16 7
14 43 47 46 37 27 48 
