20
4 10
13 14 0 10 8 16 3 5 17 2 
2 10
11 8 6 9 1 0 10 15 19 4 
17 12
19 13 7 9 0 12 4 6 16 5 3 14 
5 9
17 14 19 13 7 4 10 15 6 
6 11
15 2 12 9 17 1 5 16 13 7 11 
15 8
13 11 0 6 14 5 19 2 
10 11
8 9 4 14 5 1 12 13 19 2 0 
7 10
14 16 8 0 17 12 1 5 18 6 
12 9
3 16 8 13 7 6 10 17 14 
14 12
16 13 7 4 11 9 17 5 3 10 15 12 
8 9
3 10 0 4 7 11 2 9 12 
16 11
7 14 0 19 4 11 12 9 17 6 18 
9 12
17 1 18 2 19 10 0 6 11 14 16 8 
3 6
12 4 8 13 14 17 
13 13
17 14 4 12 5 3 18 15 0 10 11 6 19 
18 7
11 0 13 7 16 1 9 
11 11
2 1 18 0 15 14 8 16 9 13 6 
19 9
5 16 0 10 15 17 9 2 13 
0 13
16 8 4 11 18 7 13 17 9 19 2 15 10 
1 7
11 7 10 9 6 2 18 
