50
33 5
10 30 47 9 45 
45 3
29 46 33 
5 3
21 11 15 
15 4
9 7 37 5 
4 1
12 
12 7
0 34 40 11 27 44 4 
37 2
22 15 
0 7
21 12 42 14 22 44 47 
47 6
24 42 33 31 10 0 
40 4
17 12 7 21 
21 8
0 7 35 19 18 5 30 40 
17 2
40 27 
27 5
12 20 39 7 17 
25 2
1 7 
7 6
21 40 15 9 27 25 
2 2
48 41 
41 6
10 39 16 11 49 2 
20 3
27 42 1 
1 3
25 24 20 
42 4
0 47 6 20 
24 3
47 1 31 
31 8
48 47 14 32 29 30 18 24 
22 3
0 8 37 
36 2
8 6 
6 3
43 42 36 
48 4
2 11 31 9 
9 4
7 33 15 48 
11 6
12 49 5 38 41 48 
18 2
21 31 
13 3
32 14 28 
28 2
19 13 
14 7
0 43 31 39 13 35 19 
29 6
34 10 31 44 26 45 
44 5
8 46 0 29 12 
49 4
34 11 8 41 
16 2
32 41 
35 3
21 14 32 
32 6
13 31 16 46 10 35 
39 5
41 14 34 27 26 
10 6
29 41 33 26 32 47 
3 1
43 
43 5
14 6 23 8 3 
30 3
33 31 21 
19 3
28 21 14 
26 3
10 29 39 
34 5
12 29 49 8 39 
46 3
45 44 32 
8 7
44 34 49 43 38 36 22 
23 1
43 
38 2
11 8 
