20
12 9
14 13 7 11 5 1 17 8 16 
16 9
2 19 11 3 17 9 8 12 10 
17 12
14 2 10 3 18 1 16 8 12 13 11 9 
1 12
8 6 14 18 5 7 12 0 15 9 17 19 
7 10
19 12 15 11 9 3 1 18 6 8 
8 12
4 12 0 6 16 14 11 1 18 9 17 7 
6 10
9 1 18 3 2 15 8 4 13 7 
18 10
17 1 5 6 11 2 13 7 8 0 
3 9
4 17 15 16 5 6 11 7 2 
9 11
6 1 5 8 16 7 4 15 10 0 17 
11 11
12 7 13 18 3 5 16 8 17 2 4 
13 12
12 6 4 2 11 5 18 17 10 0 15 14 
2 10
16 19 17 13 6 14 5 18 3 11 
5 14
10 19 2 12 3 11 18 14 15 13 0 1 9 4 
0 8
4 8 13 19 9 1 18 5 
19 7
7 2 16 0 4 5 1 
10 6
13 5 15 17 9 16 
14 8
4 17 12 5 1 2 8 13 
15 9
4 10 9 6 7 13 5 3 1 
4 11
14 8 0 15 3 5 19 13 9 11 6 
