50
33 7
25 23 34 28 41 13 7 
7 3
12 21 33 
9 6
42 46 11 15 49 19 
19 6
36 15 11 31 17 9 
38 3
32 26 42 
42 5
9 45 47 14 38 
43 6
15 0 25 46 8 48 
48 8
6 35 5 29 21 39 47 43 
8 6
39 34 13 49 43 18 
18 9
0 11 37 23 36 41 2 8 28 
13 9
25 10 44 33 8 28 27 17 14 
14 5
27 32 37 42 13 
5 5
22 48 27 21 39 
39 6
8 6 32 47 48 5 
0 7
18 43 40 46 12 11 28 
28 4
13 33 18 0 
17 5
27 19 40 13 36 
36 7
29 34 2 19 18 32 17 
40 5
0 16 17 26 47 
47 7
1 42 48 41 45 39 40 
35 4
41 48 25 10 
10 4
1 13 20 35 
27 10
44 17 45 5 1 14 34 13 11 23 
23 7
32 37 33 16 18 34 27 
22 6
5 44 11 31 4 25 
25 9
33 37 13 43 31 2 35 34 22 
4 7
45 24 6 20 31 15 22 
49 5
3 44 8 9 15 
15 6
30 9 43 4 49 19 
41 4
35 33 18 47 
21 6
24 1 3 5 48 7 
20 5
46 16 4 10 6 
29 4
36 1 46 48 
46 7
9 37 43 20 34 0 29 
37 6
25 23 18 46 16 14 
16 7
23 37 1 40 20 45 26 
34 9
27 25 36 23 30 8 33 46 12 
12 5
7 0 1 34 24 
30 4
15 2 34 44 
2 6
30 36 25 31 1 18 
45 6
32 16 27 42 4 47 
26 5
38 3 1 40 16 
1 10
47 27 10 29 21 11 2 26 12 16 
6 4
48 4 39 20 
44 6
27 49 13 32 22 30 
24 3
4 21 12 
32 8
45 3 14 39 38 44 23 36 
31 6
25 19 2 22 4 3 
3 5
49 21 32 26 31 
11 7
22 18 1 0 9 27 19 
