50
22 4
2 25 48 28 
28 11
14 9 31 18 3 8 35 42 29 36 22 
29 4
21 5 48 28 
43 7
9 30 21 19 4 25 38 
38 6
12 34 48 9 21 43 
20 7
19 14 24 1 33 23 10 
10 7
30 1 3 49 0 40 20 
11 4
34 30 1 3 
3 11
19 10 12 34 23 31 28 44 33 21 11 
39 1
4 
4 7
12 25 16 49 43 27 39 
33 9
35 19 45 20 3 1 23 9 17 
17 4
9 42 13 33 
23 5
15 13 20 3 33 
1 9
48 21 37 11 35 49 10 20 33 
5 5
6 48 29 41 26 
26 5
16 31 45 0 5 
19 6
20 3 33 43 48 27 
27 10
9 15 30 12 16 49 4 25 2 19 
42 5
30 40 17 28 47 
47 3
21 44 42 
49 6
4 46 37 1 10 27 
40 4
2 36 42 10 
0 4
32 25 26 10 
25 9
43 4 22 9 48 27 14 0 13 
9 9
43 33 12 25 38 27 17 28 15 
15 8
44 23 24 2 12 27 9 48 
12 10
38 4 3 15 8 36 30 27 9 24 
34 7
36 30 11 21 38 3 16 
16 6
26 36 21 4 27 34 
14 6
37 20 28 36 25 18 
18 3
6 28 14 
37 4
14 1 49 2 
2 9
22 40 15 27 44 46 37 32 6 
21 9
16 32 1 3 34 29 43 47 38 
8 2
12 28 
6 6
32 18 5 13 24 2 
32 5
6 0 21 2 41 
46 5
44 49 36 2 7 
13 6
31 17 6 23 25 45 
41 2
5 32 
7 1
46 
35 3
33 1 28 
31 5
13 26 3 28 44 
45 4
48 26 33 13 
30 8
34 10 43 48 27 11 42 12 
36 7
34 40 14 28 16 46 12 
24 4
20 15 6 12 
48 11
30 22 44 1 5 45 19 38 25 29 15 
44 7
15 3 46 2 47 48 31 
