30
5 6
14 17 29 10 21 13 
13 3
6 0 5 
21 7
11 20 19 18 3 5 0 
10 6
7 23 5 2 19 20 
14 11
16 11 20 5 1 18 28 26 19 0 15 
15 2
26 14 
0 7
6 26 13 20 14 11 21 
19 10
11 21 24 29 10 8 3 2 14 27 
26 12
18 23 22 0 15 6 9 14 20 4 8 24 
28 8
2 9 11 25 4 14 7 12 
18 6
21 26 27 14 3 23 
1 3
16 14 22 
20 7
4 21 0 10 17 14 26 
11 7
19 21 0 28 27 14 4 
24 3
23 19 26 
8 4
17 19 26 6 
4 8
29 20 28 27 26 11 25 22 
9 6
25 12 26 28 27 16 
6 6
29 0 13 23 26 8 
22 4
26 4 3 1 
23 5
24 10 6 26 18 
16 5
14 1 7 2 9 
27 8
11 18 3 9 17 4 29 19 
12 3
29 9 28 
7 5
10 16 3 17 28 
25 4
29 9 28 4 
17 5
5 7 8 20 27 
2 5
10 28 16 19 3 
3 7
22 19 2 27 18 21 7 
29 7
6 25 5 4 19 12 27 
