30
14 7
1 21 13 0 29 27 17 
17 8
11 27 0 15 26 14 20 25 
29 4
19 18 20 14 
26 4
8 17 18 6 
6 3
15 22 26 
18 6
8 13 29 1 5 26 
8 6
24 18 26 13 23 4 
4 4
22 15 16 8 
23 4
19 12 11 8 
13 6
8 7 14 20 11 18 
11 6
17 22 23 13 1 21 
15 6
6 4 2 17 24 3 
3 3
27 21 15 
24 8
8 5 21 12 7 27 19 15 
1 4
14 19 18 11 
9 6
21 19 22 10 0 27 
27 6
14 3 17 9 24 2 
0 3
14 17 9 
22 6
4 6 21 11 9 7 
7 5
13 24 16 22 28 
5 3
24 18 16 
21 9
9 2 22 14 25 3 24 11 10 
28 3
2 25 7 
25 4
19 21 28 17 
20 4
29 2 13 17 
2 5
21 20 15 28 27 
10 3
9 16 21 
16 4
10 7 4 5 
19 7
29 25 1 9 23 24 12 
12 3
24 23 19 
