30
13 13
4 25 27 8 12 19 3 1 21 11 24 15 0 
0 11
1 18 16 8 19 25 20 24 11 22 13 
24 10
6 2 28 22 23 18 0 10 11 13 
1 8
0 10 25 14 17 6 13 26 
19 12
2 18 3 11 0 28 16 22 23 7 13 14 
12 9
8 9 27 13 11 21 14 6 2 
8 13
28 9 12 21 15 0 20 4 13 7 26 3 18 
16 10
26 19 25 9 17 27 0 10 14 18 
18 16
21 29 15 16 8 14 7 28 24 11 23 0 27 10 19 5 
14 14
15 2 26 12 11 18 1 25 3 16 21 20 19 6 
10 17
25 5 15 29 27 3 16 28 7 18 11 24 20 26 9 1 22 
27 12
20 9 12 4 22 13 7 2 6 10 18 16 
17 11
9 20 15 29 22 21 11 5 3 1 16 
9 15
21 11 10 27 28 17 3 16 8 23 25 15 29 6 12 
25 17
15 29 13 11 20 10 28 23 0 9 1 3 16 4 6 14 26 
28 10
8 24 10 5 18 20 26 19 9 25 
3 12
14 25 8 19 13 11 21 10 17 9 22 5 
21 13
13 8 26 4 29 12 11 17 9 6 14 18 3 
23 11
7 22 6 18 4 24 25 9 20 19 2 
11 18
15 13 18 12 26 14 24 21 10 2 25 17 19 6 3 0 9 22 
22 11
23 2 19 26 27 17 24 11 10 0 3 
20 12
2 27 17 28 14 15 0 10 23 8 6 25 
26 12
2 14 28 22 25 11 21 16 8 10 15 1 
6 13
23 4 25 5 1 9 27 24 11 21 12 14 20 
15 12
11 10 25 18 8 9 17 14 20 26 13 7 
2 13
7 26 19 27 24 11 5 20 14 4 12 22 23 
7 9
23 2 19 27 10 15 29 8 18 
29 8
18 25 4 9 17 21 10 7 
4 10
13 29 6 27 5 23 25 21 8 2 
5 8
17 28 4 10 6 2 18 3 
