30
8 6
5 3 29 25 28 7 
7 10
18 26 11 25 20 6 28 9 17 8 
28 3
7 23 8 
25 7
20 10 7 13 8 1 18 
29 11
6 27 17 8 24 11 26 2 0 1 4 
15 7
14 6 21 4 1 0 2 
2 11
6 23 22 29 15 10 14 5 17 19 21 
0 5
22 15 10 29 27 
13 5
1 9 17 6 25 
6 10
15 29 24 21 2 26 7 13 23 9 
17 6
29 7 13 18 1 2 
9 8
4 26 11 14 16 13 7 6 
4 5
9 24 23 15 29 
1 8
25 20 13 3 17 24 15 29 
11 4
9 20 7 29 
24 8
12 4 6 29 14 1 22 16 
22 10
20 18 0 10 16 26 19 2 24 27 
27 8
12 18 29 0 23 22 19 20 
19 4
18 22 2 27 
16 7
14 9 22 18 5 3 24 
3 4
5 1 8 16 
10 6
21 20 22 25 0 2 
23 7
5 18 4 2 28 27 6 
5 8
23 12 3 14 2 26 8 16 
26 6
9 29 7 22 6 5 
21 5
15 10 20 6 2 
14 7
15 9 16 5 24 2 12 
20 9
22 25 10 11 21 1 18 7 27 
18 10
7 19 27 17 16 22 23 12 20 25 
12 5
27 24 5 18 14 
