50
25 5
44 31 12 42 23 
23 12
19 11 48 7 39 20 29 33 46 3 25 4 
42 8
32 30 14 19 25 15 27 48 
2 14
43 17 31 27 41 45 26 19 21 9 1 18 3 16 
17 6
30 31 16 49 4 2 
41 10
31 21 16 45 2 7 14 40 12 36 
45 10
6 46 2 41 7 0 15 9 27 37 
21 8
41 12 48 28 22 26 2 34 
34 14
32 21 10 8 33 16 18 14 26 19 6 40 13 12 
26 7
34 0 46 2 19 21 24 
4 10
37 6 17 9 20 23 22 38 49 47 
3 14
12 1 18 23 30 7 15 29 13 27 35 2 19 14 
46 10
24 23 14 40 20 28 27 26 45 19 
36 5
0 1 48 40 41 
12 14
43 3 16 44 18 5 29 27 41 10 22 25 21 34 
40 7
46 34 39 36 47 13 41 
14 10
46 34 9 3 42 35 19 41 11 24 
7 9
23 9 28 10 8 32 3 41 45 
28 9
32 7 47 49 21 48 46 33 10 
10 11
38 12 35 7 16 33 18 39 34 27 28 
33 12
38 13 11 23 20 34 10 0 31 28 27 44 
9 14
24 20 14 4 47 43 1 18 6 32 44 2 45 7 
20 11
13 1 22 23 30 43 4 11 33 46 9 
47 12
38 43 4 18 29 22 40 19 35 28 9 27 
1 12
0 20 36 8 44 2 19 48 27 9 18 3 
8 7
32 1 13 7 34 15 43 
24 9
48 9 32 6 46 14 0 19 26 
19 15
23 3 46 39 34 42 48 14 26 2 47 1 0 29 24 
35 9
10 29 3 5 14 37 47 48 31 
0 12
29 1 36 13 39 19 26 45 27 11 24 33 
27 15
44 12 10 42 47 46 33 45 2 3 0 1 32 29 13 
38 6
10 33 5 11 47 4 
22 9
13 32 12 20 49 47 4 21 11 
6 10
45 9 48 15 44 4 24 37 34 39 
5 9
12 44 16 38 35 15 18 13 32 
32 12
8 15 42 24 34 39 22 7 28 9 27 5 
13 12
22 8 33 0 43 34 20 40 31 27 3 5 
18 11
9 2 44 39 34 47 12 3 1 5 10 
15 12
30 32 6 39 49 8 5 3 42 45 31 48 
43 8
2 20 9 13 47 12 30 8 
48 12
24 21 1 6 28 35 19 23 36 29 15 42 
49 7
22 4 28 17 15 29 39 
39 13
11 40 18 23 19 29 0 10 15 32 6 49 31 
29 12
0 3 39 19 35 48 27 23 16 12 47 49 
30 6
17 15 42 3 20 43 
37 4
4 35 45 6 
44 9
25 27 9 12 5 1 18 6 33 
11 9
33 0 38 31 39 14 20 23 22 
16 8
2 5 34 41 17 10 29 12 
31 10
17 15 33 41 13 25 11 39 2 35 
