30
16 4
13 4 2 28 
28 4
27 14 13 16 
13 6
5 16 4 6 27 28 
6 5
19 27 10 7 13 
29 3
27 4 11 
11 5
12 15 10 29 19 
15 7
1 3 2 9 17 11 10 
10 9
9 20 4 11 24 6 1 7 15 
3 5
15 5 2 17 23 
23 4
7 20 12 3 
17 4
15 0 18 3 
2 9
14 16 27 4 15 0 26 3 18 
19 4
22 5 6 11 
18 4
2 9 17 27 
27 7
29 2 28 6 13 5 18 
14 4
12 28 2 26 
26 6
1 12 20 14 2 21 
21 3
20 4 26 
20 4
21 23 10 26 
12 7
5 14 23 0 11 9 26 
25 1
4 
4 10
21 16 2 13 9 29 10 0 25 22 
22 5
19 8 7 4 5 
0 5
5 17 2 12 4 
9 5
18 15 10 12 4 
1 4
26 7 15 10 
5 7
19 13 12 0 27 3 22 
7 5
6 1 23 22 10 
24 2
10 8 
8 2
22 24 
