30
4 1
17 
17 5
28 20 2 24 4 
19 5
15 24 22 23 18 
18 7
21 16 1 9 26 19 2 
23 7
6 24 20 29 2 19 28 
27 3
26 29 1 
1 3
18 9 27 
29 3
23 7 27 
10 4
20 16 0 21 
21 3
18 20 10 
0 3
10 3 6 
16 6
18 3 13 10 11 25 
20 11
6 23 22 21 24 10 8 17 9 3 5 
7 2
13 29 
28 4
17 11 12 23 
8 2
20 12 
12 3
28 8 26 
25 2
11 16 
11 3
28 25 16 
6 4
5 23 20 0 
3 5
20 2 16 0 13 
13 4
7 16 5 3 
24 5
23 19 20 17 15 
9 3
1 18 20 
22 3
19 14 20 
15 3
19 14 24 
5 4
6 13 20 14 
2 5
23 17 26 3 18 
26 4
27 18 2 12 
14 3
22 15 5 
