30
9 6
4 22 8 7 12 29 
29 13
22 3 5 0 7 13 26 2 20 21 11 24 9 
12 8
0 7 21 1 9 17 2 26 
26 5
0 10 29 2 12 
17 7
1 20 21 11 24 12 23 
8 6
9 2 3 22 7 16 
16 5
13 2 20 18 8 
7 9
11 25 20 18 9 12 29 15 8 
22 12
5 6 14 9 4 0 10 29 15 24 11 8 
3 7
28 27 29 10 24 1 8 
28 5
27 3 25 4 10 
10 13
22 23 26 20 14 1 18 3 15 27 28 6 4 
27 9
23 28 13 3 10 24 20 14 25 
25 7
20 7 21 15 18 28 27 
14 7
10 22 24 21 27 20 5 
24 10
6 22 14 11 3 18 27 17 29 19 
4 8
19 22 21 9 28 10 0 13 
6 7
24 22 13 1 18 15 10 
15 6
6 22 25 18 7 10 
11 8
29 7 17 22 18 1 24 21 
21 10
29 17 1 4 25 2 13 14 12 11 
1 10
17 6 10 12 18 5 3 2 21 11 
18 13
1 6 7 23 16 25 19 2 10 15 0 11 24 
19 3
4 18 24 
2 10
13 16 8 21 26 12 29 5 18 1 
23 5
10 5 18 27 17 
0 7
13 22 26 12 29 18 4 
13 9
6 27 16 2 20 21 0 29 4 
5 6
2 22 23 1 29 14 
20 9
25 27 17 7 13 16 10 29 14 
