30
1 5
11 15 27 5 18 
18 11
20 7 21 28 4 6 0 29 15 10 1 
12 10
5 19 20 15 0 22 11 27 28 17 
17 10
6 24 28 9 8 13 2 4 20 12 
11 4
9 1 5 12 
22 6
21 6 29 12 19 26 
0 8
16 13 15 18 5 12 24 25 
27 8
12 21 1 13 7 23 14 9 
9 9
7 10 3 24 11 28 17 27 19 
14 7
4 16 26 19 21 28 27 
23 5
6 26 16 27 21 
7 8
25 6 16 8 18 5 9 27 
15 7
19 25 12 0 1 18 6 
6 13
17 26 23 22 8 25 3 18 5 7 24 10 15 
29 8
10 25 21 24 22 28 5 18 
5 12
12 4 28 6 26 19 11 7 29 0 1 3 
13 6
0 4 26 17 27 3 
3 6
6 20 9 5 13 16 
26 9
6 19 13 14 24 5 8 23 22 
19 10
15 26 12 14 22 8 16 5 28 9 
16 11
7 0 8 23 21 24 2 19 3 14 20 
20 7
18 3 12 28 17 16 4 
10 7
29 8 6 28 9 18 2 
8 9
10 16 17 6 4 21 19 26 7 
2 3
16 17 10 
25 6
7 21 6 29 15 0 
24 7
9 17 26 16 6 29 0 
28 11
17 9 18 5 19 12 10 29 20 14 21 
21 10
18 29 25 16 8 14 22 23 27 28 
4 7
13 5 18 8 17 14 20 
