50
39 4
42 31 30 11 
11 6
16 35 34 39 10 43 
30 9
35 7 39 28 27 17 47 21 16 
43 4
26 16 44 11 
10 4
7 26 44 11 
35 8
30 9 27 31 8 44 11 34 
16 11
3 32 12 2 43 47 4 11 17 27 30 
34 3
11 5 35 
44 7
23 14 43 46 10 35 17 
8 7
14 27 28 18 5 35 33 
31 9
39 33 46 15 29 18 35 23 25 
27 8
1 17 30 45 35 46 8 16 
33 7
12 21 31 25 38 46 8 
38 7
9 4 12 13 41 36 33 
21 3
33 22 30 
20 3
41 45 15 
15 6
2 48 31 42 6 20 
45 8
24 37 27 49 3 20 23 42 
41 5
46 32 20 23 38 
28 4
24 8 30 23 
23 8
45 44 46 31 28 36 7 41 
32 6
22 16 25 9 41 12 
36 4
38 17 23 26 
46 9
41 27 31 17 23 33 44 0 37 
25 12
7 29 32 33 37 31 47 4 18 5 26 19 
18 7
49 22 25 8 31 9 2 
29 7
25 4 47 14 31 12 1 
37 5
45 25 14 40 46 
0 3
3 12 46 
17 8
1 27 36 30 16 46 44 40 
26 6
25 43 6 10 36 13 
7 6
25 10 23 30 4 9 
9 5
35 38 32 18 7 
4 5
29 7 16 38 25 
1 4
27 17 3 29 
12 9
33 16 38 5 3 29 0 32 24 
14 8
37 48 8 44 29 49 22 42 
47 6
19 16 25 24 29 30 
13 3
24 38 26 
6 5
49 42 26 5 15 
42 8
6 22 15 24 5 39 14 45 
40 5
37 2 19 3 17 
5 6
34 12 42 8 25 6 
22 5
32 21 18 42 14 
49 4
6 18 45 14 
48 3
15 14 3 
19 3
47 40 25 
2 4
15 40 16 18 
24 6
13 45 28 47 42 12 
3 7
16 0 1 40 45 12 48 
