30
16 10
27 0 15 26 5 1 23 6 7 24 
24 12
21 14 27 26 13 29 0 23 8 16 25 6 
7 10
25 13 3 5 22 16 0 15 21 9 
6 13
4 15 29 16 23 21 24 11 27 13 12 2 19 
23 18
5 17 12 4 15 24 14 25 3 16 6 19 18 0 22 1 10 27 
27 13
16 9 23 24 13 18 20 14 10 29 6 26 2 
2 14
5 3 27 21 18 11 4 9 22 6 19 15 26 14 
29 16
4 5 20 24 11 19 6 8 15 25 10 27 0 9 17 3 
10 15
12 9 1 3 18 27 28 29 15 25 23 26 19 4 20 
14 16
2 21 24 8 18 3 4 23 27 17 28 26 12 1 0 15 
18 11
21 25 5 2 19 23 9 27 14 10 0 
13 10
19 25 7 1 22 27 24 21 20 6 
9 12
8 22 2 3 18 20 27 28 10 29 21 7 
21 15
18 13 2 0 1 9 7 17 28 19 6 24 4 26 14 
28 10
14 21 9 8 10 15 25 1 5 3 
22 9
9 11 25 13 7 19 2 23 0 
0 12
16 12 7 14 29 21 11 24 23 22 18 17 
1 11
13 5 16 8 23 28 14 20 25 21 10 
25 16
20 26 24 10 23 22 1 5 3 11 18 15 29 13 28 7 
20 10
25 12 9 27 29 10 15 4 13 1 
11 9
25 5 22 26 2 4 0 29 6 
19 12
21 13 5 18 2 17 4 22 23 10 29 6 
8 10
24 4 9 17 28 29 1 3 26 14 
17 10
23 4 3 19 15 29 0 14 8 21 
15 13
25 16 5 2 29 10 6 14 20 7 23 17 28 
4 12
17 29 10 6 21 11 19 2 8 20 14 23 
3 11
23 25 2 7 29 10 14 8 17 9 28 
5 12
16 23 11 29 15 18 1 7 25 28 19 2 
26 11
27 2 10 14 11 24 21 12 25 16 8 
12 7
23 10 0 20 14 26 6 
