50
24 8
37 10 39 9 27 41 19 35 
35 6
38 7 5 24 11 27 
41 8
47 42 19 46 24 40 3 25 
27 9
12 10 15 32 24 35 48 36 33 
39 8
4 16 23 1 29 15 24 14 
10 12
5 0 25 27 17 31 9 24 11 47 4 49 
4 6
39 16 7 10 1 42 
42 7
18 29 41 44 11 21 4 
1 14
18 45 0 6 4 43 3 5 12 38 32 30 39 14 
7 6
18 4 35 0 29 12 
47 7
41 9 10 11 36 44 14 
14 7
2 1 20 39 0 38 47 
44 4
29 42 47 22 
36 8
0 47 16 46 9 27 23 20 
11 8
42 25 9 17 10 47 2 35 
16 6
39 4 5 28 36 2 
2 6
14 11 21 38 25 16 
28 8
30 16 31 21 40 34 26 45 
12 7
32 1 19 27 48 7 34 
34 7
23 49 43 3 18 12 28 
48 4
30 31 27 12 
19 6
24 31 6 12 41 20 
32 7
12 1 27 31 38 29 8 
22 7
43 8 44 6 18 29 0 
5 10
16 20 10 29 1 31 35 37 21 13 
38 9
0 2 35 1 9 32 13 8 14 
33 4
29 9 27 18 
15 5
8 30 27 39 25 
25 7
18 11 10 15 26 2 41 
37 6
24 26 29 5 49 31 
31 9
19 21 37 28 48 32 10 3 5 
49 7
34 18 13 29 10 8 37 
29 12
42 37 44 33 39 45 32 3 5 49 22 7 
21 7
8 30 31 28 42 5 2 
8 7
15 21 9 22 38 49 32 
13 4
26 38 49 5 
18 9
42 1 7 49 25 33 22 23 34 
26 6
28 37 13 25 20 45 
46 6
17 41 0 30 36 6 
6 7
19 22 30 0 1 46 43 
0 10
38 36 22 45 7 6 10 46 1 14 
17 6
46 20 40 10 30 11 
9 8
47 36 38 8 33 24 11 10 
20 6
17 5 14 26 19 36 
30 8
15 46 1 21 28 48 17 6 
23 4
34 39 18 36 
3 5
31 1 41 34 29 
40 3
17 28 41 
45 5
29 0 28 1 26 
43 4
22 1 34 6 
