50
9 6
48 40 42 33 22 32 
32 6
44 0 17 48 9 4 
22 11
13 26 44 40 14 49 47 15 37 31 9 
33 8
24 21 25 16 44 41 27 9 
42 14
47 5 15 21 44 2 43 4 48 27 1 9 25 30 
31 6
12 47 25 40 22 23 
23 8
7 0 24 38 25 16 31 34 
40 12
3 16 35 19 34 38 7 13 22 47 9 31 
25 12
23 33 20 34 35 2 45 17 31 48 42 4 
47 12
42 27 31 21 22 36 1 4 49 8 46 40 
12 10
44 8 31 11 39 34 20 6 2 30 
4 7
14 42 46 47 49 32 25 
49 9
22 39 34 37 7 4 47 38 18 
46 6
5 13 4 47 34 28 
14 7
38 20 0 4 22 16 3 
26 10
22 24 29 34 7 6 2 19 38 16 
16 6
33 40 14 36 23 26 
38 10
23 6 8 14 34 40 37 10 49 26 
19 5
43 28 40 34 26 
2 8
25 44 5 18 11 42 12 26 
6 11
44 38 30 37 26 27 43 7 41 13 12 
7 8
23 40 26 35 49 15 6 24 
48 7
9 44 32 1 42 13 25 
5 6
36 42 46 2 20 37 
37 8
8 6 38 49 30 22 21 5 
20 8
34 14 25 21 24 12 5 0 
28 6
36 35 19 41 46 27 
34 19
26 20 12 40 23 49 19 24 1 11 18 10 41 25 8 38 17 46 44 
13 7
22 46 40 39 17 48 6 
21 7
47 15 10 20 42 37 33 
10 3
34 38 21 
15 8
17 1 36 22 21 45 7 42 
44 10
48 6 32 22 2 33 34 12 42 24 
8 9
12 11 37 38 34 30 47 29 45 
1 9
15 29 18 41 11 48 34 42 47 
36 6
28 5 16 15 47 43 
45 4
39 25 15 8 
35 5
25 40 28 18 7 
18 9
24 1 34 30 2 35 43 49 17 
27 8
33 47 6 42 29 11 28 39 
39 5
12 45 49 13 27 
11 8
30 8 34 1 2 12 24 27 
29 6
26 41 1 17 27 8 
24 10
26 23 18 3 33 44 20 34 7 11 
43 6
19 18 3 6 42 36 
41 6
29 1 34 33 28 6 
17 7
25 32 13 34 15 29 18 
30 9
6 11 37 42 12 18 3 0 8 
0 6
32 14 20 23 30 3 
3 6
24 40 14 30 43 0 
