50
43 5
1 5 47 39 10 
10 11
27 48 39 40 20 44 32 4 43 41 3 
39 10
14 10 46 16 26 30 43 12 5 28 
47 7
35 43 0 34 20 17 1 
5 10
23 25 16 8 15 19 26 39 43 1 
1 7
40 32 49 43 47 25 5 
18 4
14 25 48 24 
24 5
15 19 42 31 18 
48 11
33 45 11 21 37 23 22 10 29 15 18 
25 9
11 7 8 34 23 5 18 1 38 
14 9
39 15 27 45 12 18 38 11 49 
29 5
36 15 34 19 48 
19 6
23 24 8 5 29 17 
34 12
35 29 0 22 23 25 38 28 49 47 41 46 
20 6
40 13 10 0 27 47 
27 6
8 10 14 20 35 28 
0 6
36 47 26 34 20 12 
13 6
20 22 23 28 17 7 
46 5
9 39 34 41 35 
35 6
4 47 42 34 27 46 
41 7
17 8 46 44 10 34 6 
17 6
41 13 37 47 49 19 
16 5
5 8 22 39 2 
2 5
23 30 45 31 16 
22 9
13 37 40 34 48 28 31 36 16 
8 8
27 37 19 16 25 5 41 49 
49 8
1 34 14 31 17 12 38 8 
38 7
42 14 34 31 49 33 25 
33 7
11 21 9 48 28 38 4 
31 10
32 2 3 7 49 37 24 38 22 42 
7 4
36 25 31 13 
28 12
45 30 36 22 33 11 12 34 39 13 9 27 
23 9
5 19 2 13 30 36 34 48 25 
26 7
39 36 44 0 37 42 5 
15 6
24 29 14 45 5 48 
45 6
15 28 48 14 2 32 
11 7
33 25 28 48 14 40 12 
30 8
4 3 23 28 39 2 37 44 
37 8
3 8 31 17 48 22 30 26 
21 3
33 48 4 
9 4
46 33 40 28 
40 8
1 20 22 12 10 9 6 11 
36 8
29 0 7 6 26 22 23 28 
6 5
42 3 36 40 41 
44 5
32 26 10 41 30 
12 8
28 14 40 39 0 49 11 32 
3 5
37 6 30 31 10 
4 6
35 30 32 10 33 21 
32 7
31 44 4 1 10 12 45 
42 6
6 38 24 35 26 31 
