30
20 5
8 18 3 25 21 
21 4
7 29 0 20 
25 7
4 12 7 23 11 27 20 
3 4
15 10 20 13 
18 14
7 8 27 20 13 11 24 1 5 12 14 26 6 19 
8 5
7 22 20 14 18 
14 7
18 6 16 8 19 26 28 
28 5
6 11 22 15 14 
26 6
10 7 1 18 5 14 
19 4
18 14 22 17 
16 7
2 14 12 17 7 5 24 
6 7
0 14 28 27 18 1 22 
5 7
22 18 1 0 16 9 26 
1 7
17 11 5 18 2 26 6 
7 9
22 18 21 8 16 26 29 25 4 
10 7
26 2 3 0 27 13 12 
24 6
17 27 18 22 0 16 
17 6
24 23 1 16 19 13 
12 7
25 13 27 18 16 2 10 
2 4
16 1 12 10 
22 11
7 29 15 8 5 24 4 28 9 6 19 
9 5
27 5 22 4 29 
4 4
25 22 9 7 
15 3
3 28 22 
29 4
22 7 21 9 
11 4
28 1 18 25 
27 7
9 12 6 10 18 25 24 
0 5
6 10 5 24 21 
13 6
12 18 3 17 10 23 
23 3
17 25 13 
