20
4 9
6 8 9 14 3 1 2 19 15 
15 10
9 10 2 8 16 12 6 13 11 4 
19 9
13 3 18 1 4 9 10 8 16 
14 12
9 0 2 16 7 4 3 18 1 5 6 11 
11 11
16 9 6 10 0 15 5 1 3 2 14 
6 14
9 1 3 5 8 10 14 18 11 15 13 12 4 17 
8 12
12 4 19 9 17 15 0 10 13 18 5 6 
5 9
13 11 12 6 3 18 14 9 8 
13 14
5 8 16 10 15 18 0 9 1 12 17 7 6 19 
10 10
11 15 16 8 2 19 6 13 3 18 
0 9
14 9 13 11 2 16 8 3 12 
17 7
6 9 13 16 8 18 3 
18 12
3 5 9 17 6 2 19 14 8 13 7 10 
9 14
16 8 5 18 11 17 4 1 0 19 6 15 13 14 
2 8
14 18 12 4 10 15 0 11 
3 12
5 18 4 19 14 6 7 12 11 10 0 17 
7 4
13 14 3 18 
1 7
13 9 14 11 4 19 6 
16 9
11 14 10 0 15 13 17 9 19 
12 8
8 13 2 6 5 3 15 0 
