50
48 9
32 23 22 19 8 16 40 5 15 
15 5
12 44 39 48 30 
5 10
14 37 49 6 23 8 41 9 17 48 
40 5
22 17 48 45 13 
16 6
38 26 19 48 4 21 
19 12
12 39 3 21 37 27 31 48 30 16 33 49 
22 4
29 40 48 23 
23 10
5 4 48 28 9 22 35 13 41 29 
37 4
5 29 19 11 
11 6
36 25 44 26 35 37 
29 7
31 46 25 37 43 22 23 
41 9
31 39 6 10 2 3 5 36 23 
35 5
26 34 25 23 11 
9 5
5 6 44 38 23 
28 2
34 23 
21 8
19 16 1 18 31 27 12 7 
7 4
42 38 21 34 
12 6
19 14 20 0 15 21 
27 6
19 18 20 46 30 21 
18 5
24 21 27 31 10 
46 4
29 27 33 24 
24 3
18 4 46 
33 5
1 45 19 17 46 
30 6
32 27 17 45 19 15 
25 10
42 13 11 29 38 49 39 35 17 8 
34 3
28 35 7 
32 5
26 48 30 14 39 
39 8
26 19 15 0 41 13 25 32 
26 8
39 32 16 11 35 2 45 3 
3 5
44 41 17 19 26 
45 5
33 30 40 1 26 
2 4
17 26 41 38 
49 4
5 1 25 19 
1 9
21 17 20 14 33 49 45 36 42 
42 5
25 7 14 17 1 
17 9
2 40 42 1 3 5 25 30 33 
14 8
8 32 0 12 42 5 1 43 
44 5
3 9 11 15 38 
38 10
16 44 36 9 7 25 4 0 6 2 
31 5
29 21 41 19 18 
6 4
9 5 41 38 
0 8
12 10 13 47 14 39 38 8 
4 5
23 24 10 16 38 
36 5
41 11 43 38 1 
8 6
48 14 20 5 0 25 
10 5
0 4 13 41 18 
43 4
29 36 14 47 
13 7
25 23 10 0 39 40 20 
20 5
27 12 8 1 13 
47 2
0 43 
