50
20 5
13 1 30 22 35 
35 6
11 23 25 39 34 20 
22 10
47 38 15 30 23 48 40 20 32 13 
1 10
42 36 45 49 4 47 33 14 20 7 
13 9
49 32 20 40 39 22 18 27 17 
17 8
46 33 30 25 5 42 40 13 
27 5
21 30 46 13 34 
18 7
6 10 31 21 24 37 13 
39 10
30 35 2 32 25 13 0 15 14 8 
40 7
13 45 48 17 22 25 6 
43 8
47 14 36 23 29 15 32 11 
11 5
48 37 35 26 43 
32 9
46 13 31 39 30 22 0 29 43 
15 8
22 30 9 48 39 44 12 43 
29 5
33 45 23 43 32 
23 8
29 41 35 22 9 28 48 43 
36 6
1 38 25 43 46 10 
14 8
31 43 1 42 0 16 44 39 
47 7
37 41 22 43 0 5 1 
8 4
25 0 5 39 
5 6
47 48 17 41 8 12 
0 8
8 38 25 39 14 47 42 32 
25 11
8 17 35 2 39 40 49 38 0 36 7 
4 5
38 16 10 24 1 
24 4
46 4 18 7 
10 4
18 41 4 36 
16 8
14 21 49 4 48 19 2 38 
38 12
2 6 0 4 25 7 9 22 36 30 44 16 
31 5
14 32 18 19 7 
7 7
34 21 24 38 25 1 31 
19 12
26 49 33 16 44 30 48 31 9 37 21 3 
44 7
38 15 6 19 45 49 14 
30 12
22 20 39 34 15 19 45 17 27 32 33 38 
9 5
15 23 38 19 12 
6 7
18 38 41 40 44 33 48 
2 6
39 38 25 41 26 16 
46 6
32 24 33 17 27 36 
33 7
29 46 17 19 1 6 30 
49 6
13 19 25 1 16 44 
45 7
29 26 1 40 30 44 21 
42 6
1 3 17 14 0 26 
26 9
41 3 19 45 2 37 11 42 28 
3 3
26 19 42 
48 9
11 15 5 40 16 19 22 23 6 
37 5
47 11 26 19 18 
21 7
7 12 27 18 16 19 45 
12 5
21 15 9 41 5 
34 5
30 7 35 28 27 
41 8
47 23 5 26 2 10 6 12 
28 3
23 34 26 
