30
13 9
9 14 19 25 23 5 3 18 12 
12 13
20 15 22 11 24 19 2 16 5 18 27 13 25 
18 10
16 25 20 14 13 24 6 5 12 19 
15 8
19 21 4 12 9 28 1 3 
3 13
21 25 13 2 19 26 22 27 9 4 20 10 15 
28 8
8 20 6 17 27 15 22 11 
29 7
16 9 14 19 21 7 22 
22 11
12 14 2 7 28 4 24 3 5 8 29 
7 8
9 22 25 29 26 16 8 21 
21 7
11 20 3 9 15 29 7 
16 13
23 25 29 0 8 18 5 7 17 12 20 14 2 
2 10
17 9 27 23 22 6 12 3 1 16 
14 11
13 25 22 10 29 11 19 8 16 6 18 
17 11
0 6 2 19 28 16 5 1 23 11 24 
5 11
13 26 20 12 17 9 16 0 1 18 22 
25 12
14 16 0 3 18 24 11 23 13 7 12 4 
27 10
3 23 26 2 0 10 6 12 28 9 
26 10
20 27 9 4 6 3 5 1 7 10 
10 8
20 14 6 11 27 0 3 26 
1 7
15 26 2 5 24 11 17 
6 11
19 2 26 24 18 17 28 27 14 10 0 
8 6
28 16 14 20 22 7 
19 10
6 13 17 12 15 29 20 14 3 18 
0 9
17 27 25 16 11 24 5 10 6 
9 13
23 20 2 26 15 29 13 7 21 24 3 5 27 
11 12
21 24 23 12 10 0 20 14 25 1 17 28 
24 11
11 25 4 12 6 0 22 1 18 9 17 
4 8
20 15 26 24 3 23 22 25 
23 9
16 11 2 4 13 25 27 9 17 
20 14
10 8 16 3 5 19 26 9 28 4 21 18 11 12 
