50
22 13
13 3 18 48 30 21 15 29 46 8 44 16 33 
33 10
7 44 20 39 15 0 3 45 28 22 
29 6
47 43 26 36 22 15 
15 12
41 45 38 33 22 49 20 18 27 17 10 29 
46 8
43 8 14 20 22 36 5 12 
12 9
32 35 17 41 7 39 1 37 46 
5 5
42 6 32 46 19 
19 11
14 45 24 23 16 17 27 48 4 1 5 
28 8
13 30 17 48 43 16 33 1 
4 6
47 34 14 42 37 19 
1 7
24 23 19 41 13 12 28 
36 5
29 25 46 49 13 
13 8
11 1 31 28 32 22 36 34 
38 7
3 32 44 35 15 7 30 
30 6
22 48 31 28 8 38 
40 10
32 45 35 0 44 8 42 11 9 17 
17 9
12 6 28 27 19 35 37 15 40 
0 10
25 40 39 33 16 32 27 31 11 24 
24 7
1 19 2 43 49 39 0 
31 8
34 20 13 30 6 25 0 44 
32 8
12 38 40 23 5 0 2 13 
16 13
37 21 7 22 28 9 47 35 2 19 0 34 20 
9 9
3 2 26 6 27 16 34 40 39 
39 8
47 12 41 21 24 33 0 9 
27 11
37 6 19 0 15 17 9 7 44 8 42 
11 9
13 0 10 35 21 44 40 48 25 
25 7
18 26 36 48 31 0 11 
48 10
42 30 22 25 19 35 28 18 10 11 
10 7
14 15 11 2 7 6 48 
7 8
34 33 16 12 10 47 38 27 
41 6
15 12 42 1 39 6 
6 11
21 5 3 27 17 31 9 10 8 20 41 
43 4
24 46 29 28 
2 8
9 47 16 34 10 24 32 23 
23 4
1 32 19 2 
20 8
31 45 47 15 33 46 16 6 
3 9
38 49 22 9 6 45 34 33 42 
42 8
8 41 4 40 48 27 5 3 
8 7
42 46 40 6 27 22 30 
45 9
15 19 37 3 33 47 20 40 14 
14 6
10 4 46 19 45 37 
47 12
18 4 29 39 20 34 7 16 2 26 45 21 
26 5
25 9 29 47 49 
49 6
3 44 24 15 36 26 
34 9
9 31 2 4 47 16 3 7 13 
37 7
16 45 4 27 17 14 12 
21 6
39 6 16 22 11 47 
35 7
16 12 40 38 11 17 48 
18 5
25 47 22 48 15 
44 8
40 33 49 38 11 22 27 31 
