50
12 2
45 9 
9 7
20 31 42 12 11 24 26 
45 7
7 3 12 28 27 37 24 
44 5
10 3 4 27 35 
35 3
11 5 44 
27 10
5 32 40 21 2 45 8 44 41 7 
4 6
3 31 38 33 44 46 
3 13
1 36 43 4 46 44 40 11 28 31 45 2 0 
32 7
27 47 46 30 6 24 21 
21 6
17 27 29 10 40 32 
6 9
41 20 33 32 31 28 38 25 22 
26 8
33 30 37 15 29 9 18 43 
43 5
3 15 33 2 26 
18 4
38 37 26 1 
29 8
21 7 49 47 40 26 10 48 
37 6
23 18 26 45 31 11 
30 5
32 46 19 26 2 
31 8
41 3 9 17 4 6 37 2 
2 10
19 10 16 27 31 22 30 43 49 3 
17 10
7 21 46 5 23 22 28 31 39 14 
41 7
42 6 34 22 48 31 27 
46 8
32 10 17 30 20 3 5 4 
33 9
7 22 26 6 43 4 15 10 11 
38 8
8 13 28 1 18 6 4 23 
48 2
41 29 
10 7
47 21 44 46 33 2 29 
40 9
27 25 3 16 20 34 29 13 21 
47 3
32 10 29 
49 7
14 0 29 15 23 2 8 
7 5
33 45 29 17 27 
23 6
37 49 39 17 38 42 
42 5
41 5 19 9 23 
39 4
16 36 23 17 
22 6
41 6 33 16 2 17 
25 3
14 40 6 
28 7
38 3 36 17 6 45 19 
24 5
5 32 19 45 9 
0 2
49 3 
11 6
35 9 3 5 33 37 
14 3
25 49 17 
34 4
41 16 40 36 
36 4
3 28 39 34 
16 6
39 34 40 8 2 22 
15 5
5 26 33 43 49 
1 3
38 3 18 
5 9
15 42 35 13 46 27 17 24 11 
19 5
42 30 24 2 28 
20 5
9 40 6 46 13 
13 4
38 5 40 20 
8 4
38 27 16 49 
