30
14 6
21 13 0 29 27 17 
17 6
27 15 26 14 20 25 
29 2
18 14 
26 4
8 17 18 6 
6 2
22 26 
18 5
13 29 1 5 26 
8 4
26 13 23 4 
4 3
15 16 8 
23 4
19 12 11 8 
13 6
8 7 14 20 11 18 
11 5
22 23 13 1 21 
15 5
4 2 17 24 3 
3 3
27 21 15 
24 5
12 7 27 19 15 
1 3
19 18 11 
9 4
19 22 0 27 
27 6
14 3 17 9 24 2 
0 2
14 9 
22 5
6 21 11 9 7 
7 5
13 24 16 22 28 
5 2
18 16 
21 6
22 14 25 3 11 10 
28 3
2 25 7 
25 4
19 21 28 17 
20 2
13 17 
2 3
15 28 27 
10 2
16 21 
16 4
10 7 4 5 
19 6
25 1 9 23 24 12 
12 3
24 23 19 
