30
27 8
8 19 18 29 0 25 4 14 
14 9
17 28 27 9 20 7 1 5 3 
4 14
6 16 29 27 10 9 22 0 1 11 18 7 25 26 
25 9
20 29 13 4 19 2 17 27 24 
0 9
22 4 2 26 27 28 13 7 24 
18 9
26 20 4 27 3 5 23 22 7 
29 8
15 25 21 8 26 27 17 4 
17 10
9 25 14 8 10 29 15 26 19 21 
26 13
4 18 7 13 17 12 16 8 29 0 22 23 19 
8 10
27 28 17 9 26 2 29 10 3 23 
13 9
25 11 24 23 28 26 0 15 16 
16 6
9 26 13 4 15 12 
15 8
29 2 1 9 17 12 16 13 
28 8
8 13 14 20 1 22 0 19 
23 6
22 18 1 13 26 8 
12 8
7 21 11 20 19 26 15 16 
9 7
11 4 15 17 16 8 14 
19 8
12 6 24 25 27 17 28 26 
22 8
23 0 5 18 26 28 4 20 
3 4
18 14 21 8 
5 4
22 14 11 18 
1 7
15 24 4 14 20 28 23 
7 8
12 26 4 14 11 21 18 0 
20 10
25 24 2 18 1 12 14 22 10 28 
24 7
19 1 13 20 0 11 25 
2 7
21 10 15 0 20 8 25 
21 8
29 2 6 12 7 11 17 3 
10 6
2 17 8 6 4 20 
6 4
19 21 10 4 
11 8
9 13 7 12 5 4 24 21 
