50
18 9
35 16 23 15 17 48 28 21 5 
5 6
13 19 18 40 20 39 
21 6
12 45 16 4 47 18 
28 9
22 14 1 18 33 16 43 48 41 
48 12
30 11 10 18 27 28 35 19 47 49 46 41 
15 8
26 49 46 16 29 17 18 1 
37 4
12 20 14 1 
1 12
32 33 14 39 20 31 28 0 15 11 37 24 
14 8
1 28 37 45 19 0 43 23 
12 6
34 45 46 21 37 11 
34 8
27 2 12 25 44 46 13 23 
23 6
18 29 0 2 14 34 
13 8
5 20 34 22 30 36 32 4 
43 7
38 49 33 46 28 14 35 
0 12
23 24 17 31 32 6 16 2 4 1 14 42 
19 11
7 6 2 22 5 4 48 33 16 39 14 
45 7
26 12 21 14 49 47 16 
8 5
47 44 30 27 41 
41 10
11 6 48 28 31 17 44 8 36 47 
27 10
29 34 42 44 8 7 48 9 49 4 
30 7
48 4 13 42 38 8 2 
49 10
39 45 26 43 4 9 27 48 15 29 
29 6
23 27 10 15 4 49 
4 12
21 30 19 29 0 49 40 13 31 27 16 33 
26 7
15 44 11 49 47 45 2 
42 6
7 30 47 3 27 0 
3 6
7 11 46 25 42 20 
20 9
13 37 39 6 16 2 5 1 3 
2 13
16 33 23 30 32 0 10 34 39 20 9 19 26 
16 14
28 47 4 45 2 22 9 0 15 20 21 19 6 18 
6 9
31 16 19 41 40 20 0 38 25 
47 12
32 42 9 48 24 21 45 26 46 8 16 41 
35 6
18 11 39 48 43 7 
32 8
1 47 25 22 13 2 0 9 
36 3
40 13 41 
17 8
18 38 46 40 0 10 15 41 
33 8
1 44 19 2 22 28 43 4 
40 7
5 36 22 6 17 4 44 
31 6
1 6 4 44 0 41 
46 9
15 34 3 47 43 12 17 48 22 
22 8
13 40 28 32 19 16 33 46 
44 11
10 38 25 26 33 8 41 27 31 34 40 
24 4
39 47 0 1 
9 8
7 47 49 39 16 27 2 32 
39 9
24 49 20 19 2 35 9 1 5 
11 8
41 35 26 25 48 3 1 12 
38 5
44 17 43 30 6 
25 6
44 34 3 11 32 6 
10 5
44 29 17 48 2 
7 6
3 42 9 27 19 35 
