50
39 7
48 43 47 19 16 6 7 
7 11
12 16 25 31 17 11 43 45 35 34 39 
6 12
12 47 11 27 48 33 46 3 2 19 39 40 
16 10
28 5 38 25 7 13 14 39 20 35 
19 14
49 26 6 15 43 0 1 9 25 24 39 8 28 46 
11 11
37 24 38 35 6 32 36 7 3 47 20 
20 5
42 29 28 11 16 
47 7
39 6 32 48 11 0 35 
3 12
30 36 22 26 32 6 37 11 24 17 15 10 
36 9
24 11 45 32 44 46 3 18 22 
32 11
3 45 36 43 47 49 31 9 48 37 11 
35 9
15 17 28 11 7 1 23 47 16 
38 7
16 8 46 22 30 11 10 
24 8
12 11 28 9 19 36 22 3 
22 10
27 8 4 25 38 45 24 5 3 36 
9 9
32 40 41 37 24 21 45 19 48 
10 6
26 34 4 38 28 3 
30 8
21 3 41 23 45 8 43 38 
45 11
25 32 15 36 30 22 7 13 31 9 33 
8 7
38 19 22 30 37 17 42 
42 9
20 2 28 41 25 33 8 5 21 
17 5
7 41 35 3 8 
37 8
3 11 32 26 9 29 8 46 
31 7
7 32 18 27 45 29 0 
0 6
25 47 34 19 2 31 
29 9
20 12 13 41 21 37 5 1 31 
27 7
22 12 6 31 26 33 4 
46 11
41 4 15 44 19 38 21 37 36 5 6 
34 5
7 33 10 0 26 
26 11
37 10 44 43 27 1 3 13 19 14 34 
33 12
40 34 49 4 42 6 5 44 25 27 48 45 
14 6
26 16 12 40 28 41 
41 9
46 30 5 42 9 48 17 14 29 
28 14
5 35 19 43 49 48 13 1 14 20 10 42 24 16 
40 6
4 33 9 18 14 6 
12 11
7 6 27 1 23 29 43 4 14 24 21 
48 13
18 5 39 47 49 6 32 9 28 13 41 25 33 
21 10
1 30 2 49 46 29 42 12 25 9 
25 13
7 45 19 0 18 42 16 33 44 48 21 22 23 
49 8
19 18 33 13 21 32 28 48 
1 10
21 12 28 29 15 26 35 19 4 5 
13 9
49 45 26 48 28 29 15 16 23 
5 11
28 48 29 22 41 44 16 46 33 42 1 
43 9
32 39 26 19 7 12 28 18 30 
4 11
40 23 22 46 33 12 10 15 18 1 27 
23 7
4 12 30 18 35 25 13 
15 8
46 35 19 45 3 1 13 4 
2 5
42 21 44 6 0 
18 9
48 31 40 25 23 36 49 4 43 
44 7
36 5 46 33 26 2 25 
