20
6 9
16 8 19 17 1 0 12 13 7 
7 5
13 16 8 2 6 
12 9
11 1 10 15 4 13 8 6 19 
0 8
4 10 6 5 18 3 8 2 
1 8
16 15 10 13 12 6 5 18 
17 4
15 16 6 18 
19 7
4 16 6 11 5 3 12 
3 9
14 15 0 10 2 19 4 18 11 
11 10
4 12 10 16 8 19 18 3 5 14 
10 10
13 9 16 4 11 12 15 0 1 3 
18 10
11 0 15 8 13 5 3 1 9 17 
9 5
18 5 10 15 13 
13 11
10 6 7 14 2 12 9 5 1 18 4 
15 8
10 1 3 18 17 9 12 2 
2 7
4 13 7 5 3 0 15 
8 7
6 7 18 11 12 16 0 
14 4
3 13 16 11 
16 10
7 6 19 1 5 10 17 14 11 8 
4 9
11 19 2 0 10 12 3 5 13 
5 10
0 13 16 18 1 19 2 9 4 11 
