30
12 12
9 25 8 6 7 20 14 24 21 2 19 3 
3 11
0 5 1 7 27 28 24 11 12 8 16 
19 14
14 23 6 12 21 24 15 0 22 9 27 17 18 4 
21 18
25 10 20 12 4 29 15 9 0 1 5 8 14 26 19 2 23 7 
14 16
4 26 22 0 15 29 11 21 12 23 2 19 17 7 8 25 
20 13
4 2 12 6 27 21 10 29 13 7 23 22 16 
27 12
13 29 0 20 28 9 18 3 5 1 19 2 
2 11
13 26 12 22 21 4 15 1 27 20 14 
1 14
27 23 2 26 5 18 3 21 13 29 15 6 25 8 
5 10
4 8 27 21 7 3 1 26 29 10 
9 8
21 12 19 28 27 6 23 22 
16 11
17 22 23 10 8 24 13 25 20 3 18 
22 11
8 16 7 13 2 26 19 14 20 25 9 
23 16
29 6 19 8 16 26 14 17 28 20 21 1 9 0 10 4 
7 13
4 26 22 12 24 21 18 3 5 10 15 14 20 
29 13
26 27 23 24 21 4 18 5 1 14 20 15 0 
6 10
0 23 4 1 12 20 19 26 17 9 
4 16
24 10 0 20 21 2 29 15 13 7 19 6 5 23 26 14 
10 13
20 23 16 8 15 25 28 7 21 24 4 18 5 
26 14
29 6 4 5 21 18 11 23 1 22 28 7 2 14 
25 8
1 21 28 12 14 10 16 22 
13 10
1 20 2 11 4 22 8 16 27 28 
18 9
7 27 26 19 1 29 0 10 16 
17 9
19 23 16 6 11 24 28 14 15 
15 13
1 4 14 19 2 29 10 21 11 24 28 17 7 
28 11
25 3 15 10 8 23 27 9 17 26 13 
24 10
12 4 3 7 19 17 29 10 15 16 
0 12
19 6 4 23 8 27 3 18 11 21 14 29 
11 8
13 17 3 26 8 0 15 14 
8 14
10 23 21 11 28 14 12 5 16 3 22 0 1 13 
