50
9 14
4 30 19 35 42 28 38 22 1 0 43 11 24 33 
30 6
3 2 34 46 44 9 
22 10
39 42 44 16 33 4 47 38 25 9 
19 13
39 49 7 26 0 15 10 11 24 17 28 9 5 
35 16
6 26 18 45 5 24 9 10 41 7 13 40 16 44 2 49 
42 10
41 23 22 43 9 39 14 38 33 26 
25 10
48 18 4 14 34 26 2 22 46 37 
38 10
20 32 49 26 45 22 42 28 9 17 
47 13
8 12 24 11 21 13 41 45 39 40 20 23 22 
4 14
49 36 23 15 9 22 0 31 28 20 14 41 16 25 
33 17
14 12 7 13 15 2 3 0 9 22 1 44 20 21 42 10 27 
17 10
19 1 49 31 23 36 11 38 10 15 
43 8
23 37 26 42 9 48 15 39 
39 19
15 13 21 2 49 36 43 47 5 48 45 19 32 22 28 7 16 27 42 
15 11
29 39 20 34 33 46 4 49 43 19 17 
48 15
45 18 6 43 39 20 21 24 29 41 25 46 28 3 16 
37 13
13 24 11 43 31 0 6 26 1 18 16 14 25 
46 15
26 36 48 49 27 41 45 34 29 15 40 24 25 30 3 
2 11
39 30 32 25 10 0 27 33 18 35 12 
12 11
18 10 36 44 33 47 40 34 24 26 2 
18 17
12 35 0 48 28 8 2 41 36 23 14 37 24 6 25 16 3 
27 8
39 10 5 45 2 23 33 46 
0 13
44 33 5 18 11 37 34 14 4 9 28 19 2 
10 9
12 8 33 17 27 20 2 35 19 
5 6
0 27 39 19 35 16 
16 16
48 18 13 35 45 34 20 39 3 5 26 37 4 31 1 22 
13 10
31 37 47 49 16 33 39 40 14 35 
14 13
18 4 33 44 25 0 21 24 37 42 7 13 45 
7 11
36 35 26 19 34 39 14 20 21 44 33 
21 10
39 14 33 44 45 48 41 7 49 47 
20 13
38 45 33 16 4 47 29 15 10 6 28 48 7 
29 10
49 23 41 15 3 20 40 46 48 11 
11 9
37 47 41 19 45 9 17 0 29 
40 15
23 12 31 41 49 47 35 26 45 13 29 44 46 3 36 
49 15
1 4 26 6 19 35 39 15 29 40 13 46 17 38 21 
34 10
7 25 0 15 23 30 46 16 44 12 
3 11
30 29 40 8 46 16 33 48 31 18 1 
1 9
32 37 49 45 17 9 33 16 3 
44 15
31 34 40 30 23 0 22 33 8 7 12 21 14 26 35 
23 13
29 42 41 44 18 40 34 17 27 28 43 4 47 
24 16
9 12 8 6 19 45 47 35 46 28 48 18 36 41 37 14 
6 12
49 35 45 26 18 37 24 20 28 48 36 32 
8 7
47 10 44 24 3 18 32 
45 16
6 1 46 16 27 14 39 40 24 48 11 20 21 38 47 35 
28 12
19 4 6 38 20 39 48 9 24 18 0 23 
41 14
42 46 4 47 35 24 21 18 11 48 31 23 40 29 
36 11
46 7 39 40 12 24 4 18 32 6 17 
26 15
35 42 12 16 44 40 49 43 37 19 6 46 7 38 25 
31 10
13 41 32 37 17 44 16 4 3 40 
32 8
1 38 31 2 39 36 6 8 
