50
9 7
0 25 17 48 40 34 47 
47 9
36 39 26 46 10 37 11 43 9 
34 5
2 36 9 48 32 
40 7
32 25 11 44 9 17 10 
48 14
23 34 43 36 5 3 38 35 26 29 13 9 31 46 
17 8
42 15 19 9 28 32 7 40 
32 9
15 40 34 20 45 21 17 36 23 
14 6
12 31 46 23 18 3 
3 7
7 1 45 12 37 48 14 
23 12
10 48 28 2 26 1 12 42 43 36 32 14 
46 11
47 41 8 11 25 14 36 22 48 28 0 
36 12
47 24 34 46 32 41 7 23 35 28 48 25 
43 8
45 1 47 49 30 23 48 39 
21 6
25 32 1 5 7 22 
22 5
20 19 46 21 27 
7 11
41 3 18 4 25 36 17 45 11 21 29 
5 7
49 21 15 48 19 35 42 
15 6
32 2 45 17 5 0 
0 11
9 2 8 44 46 10 29 15 25 1 18 
42 4
17 23 26 5 
26 8
24 23 42 47 49 27 48 33 
49 8
25 39 5 18 26 4 43 8 
8 7
45 46 0 31 28 30 49 
18 9
12 14 45 27 7 41 6 49 0 
39 5
24 47 49 43 4 
6 6
12 28 37 38 18 1 
35 14
33 41 24 11 48 28 1 5 25 38 36 20 19 45 
38 8
4 35 6 44 41 48 28 24 
24 12
39 28 36 30 12 26 35 33 11 37 25 38 
28 11
6 24 41 19 35 8 46 23 36 17 38 
41 12
7 16 44 46 18 28 36 30 25 38 19 35 
29 5
2 0 11 48 7 
11 9
40 47 7 46 16 24 29 19 35 
45 11
35 43 4 15 18 3 32 7 13 8 16 
20 6
30 22 10 12 35 32 
33 5
37 24 31 35 26 
27 4
18 4 26 22 
37 8
6 47 30 16 33 31 3 24 
4 6
38 49 45 7 27 39 
16 4
41 37 11 45 
13 2
48 45 
31 8
14 37 48 25 2 8 33 12 
12 9
10 6 14 20 23 24 18 3 31 
2 6
34 23 15 29 0 31 
25 14
24 36 30 31 9 0 44 35 46 7 41 49 40 21 
1 8
21 3 0 23 43 19 35 6 
30 8
20 43 24 37 44 8 41 25 
19 9
41 35 11 22 1 5 17 28 44 
10 6
12 23 47 0 20 40 
44 7
30 41 40 0 38 25 19 
