30
28 3
13 4 10 
10 4
29 22 18 28 
4 5
15 6 28 19 23 
16 2
26 12 
12 9
13 20 14 27 17 9 16 1 25 
26 6
24 23 8 16 9 2 
8 6
22 26 24 9 7 29 
29 4
10 8 14 21 
7 6
20 23 1 18 8 0 
9 8
14 27 26 12 18 8 15 11 
24 8
25 15 11 22 17 8 26 19 
2 5
17 18 3 15 26 
23 7
21 26 17 6 4 7 13 
14 6
9 1 25 29 12 20 
20 3
7 12 14 
25 5
24 13 14 22 12 
1 4
5 7 14 12 
5 3
1 0 22 
22 7
8 10 24 25 18 5 27 
27 3
12 9 22 
18 9
11 21 9 19 2 3 22 7 10 
11 4
18 24 17 9 
15 5
24 4 6 9 2 
17 7
2 19 0 11 24 12 23 
21 3
23 18 29 
13 4
28 12 25 23 
6 4
4 15 19 23 
19 5
17 6 4 18 24 
0 3
17 7 5 
3 2
18 2 
