50
48 4
45 5 13 30 
30 8
47 9 48 44 16 29 22 21 
13 7
8 9 48 10 29 1 41 
5 5
19 40 25 48 37 
45 4
48 17 41 38 
24 3
37 9 41 
41 6
21 24 44 45 13 25 
9 6
13 30 33 26 24 6 
37 6
31 24 34 25 23 5 
4 10
0 10 42 6 26 25 23 22 14 49 
49 6
25 44 34 40 39 4 
14 8
28 11 25 6 0 7 4 19 
22 5
27 30 7 39 4 
23 5
40 3 4 16 37 
25 11
2 36 14 5 27 49 4 6 37 41 42 
26 7
4 43 15 27 9 31 46 
6 9
14 34 19 4 25 1 28 9 27 
42 6
18 38 25 34 4 8 
10 6
36 35 13 3 4 16 
0 4
4 33 14 34 
31 4
37 33 36 26 
36 5
10 25 17 31 19 
33 8
1 32 2 9 27 31 28 0 
28 7
21 14 6 32 7 46 33 
27 7
17 22 33 26 25 47 6 
2 5
25 35 33 7 21 
32 7
39 20 33 8 1 28 12 
1 6
33 6 32 17 13 15 
20 5
32 44 19 39 47 
47 4
16 30 27 20 
39 5
32 22 49 18 20 
19 8
12 43 5 6 20 34 14 36 
44 6
49 30 35 41 20 17 
40 5
23 29 5 49 43 
21 8
3 7 41 15 17 28 30 2 
7 8
21 22 29 38 17 28 14 2 
35 7
34 44 8 2 10 15 11 
46 4
38 16 28 26 
34 8
49 37 42 35 19 17 6 0 
43 5
19 26 11 38 40 
12 3
19 29 32 
38 5
46 42 43 7 45 
11 4
14 35 43 17 
15 5
21 29 26 35 1 
17 10
27 45 36 1 3 7 21 11 34 44 
18 4
29 42 8 39 
8 5
13 35 18 42 32 
29 7
18 30 40 15 12 13 7 
16 5
47 30 23 46 10 
3 4
23 21 10 17 
