20
19 9
13 14 10 5 18 1 16 8 17 
17 9
11 6 16 1 18 5 10 9 19 
8 12
11 4 12 15 10 0 13 16 18 3 14 19 
1 15
2 5 16 3 19 6 4 10 9 0 13 14 7 17 12 
18 12
8 12 14 6 7 17 9 19 0 15 10 4 
10 18
14 2 6 19 5 15 13 7 17 18 11 8 3 16 4 1 9 0 
14 12
4 10 0 6 2 19 11 18 1 5 16 8 
6 11
11 17 14 18 5 1 13 7 12 10 15 
15 11
2 13 9 16 8 10 0 11 3 18 6 
12 12
4 0 11 8 16 7 2 18 1 5 3 6 
7 11
13 4 2 0 10 12 6 16 18 1 3 
16 15
14 11 12 8 17 7 10 13 15 1 9 0 3 19 2 
11 12
4 6 17 12 13 14 2 0 10 15 8 16 
9 10
1 18 5 2 17 0 15 10 16 13 
3 10
2 1 5 10 15 0 16 8 12 7 
5 12
19 2 6 3 1 12 17 9 0 10 14 13 
4 10
11 14 12 13 7 8 10 2 1 18 
2 13
16 14 15 0 10 7 11 9 12 4 3 5 1 
13 12
4 6 19 7 11 15 10 16 8 9 1 5 
0 14
8 15 10 2 16 3 5 14 12 7 18 11 1 9 
