20
16 10
6 3 13 19 8 17 9 10 0 15 
15 11
2 17 18 1 3 6 11 13 7 10 16 
3 11
17 16 7 18 5 11 19 0 15 10 14 
14 8
19 0 11 17 8 7 1 3 
18 5
11 15 7 3 1 
1 10
15 4 8 6 12 9 14 7 13 18 
11 8
19 2 18 3 7 14 15 8 
8 11
16 0 7 13 14 2 17 1 5 4 11 
0 10
14 7 10 5 3 4 16 8 2 19 
19 7
11 14 16 3 5 10 0 
9 3
16 1 4 
4 8
1 6 13 7 0 8 17 9 
13 7
4 12 15 10 1 16 8 
5 5
0 10 3 8 19 
17 8
3 15 6 12 4 14 16 8 
2 7
10 0 15 11 8 12 6 
7 11
6 3 18 1 4 11 8 14 0 10 15 
6 7
7 16 17 4 1 15 2 
12 4
13 17 1 2 
10 9
16 2 19 7 13 5 3 0 15 
