30
12 10
7 23 1 5 18 17 8 2 26 20 
20 15
14 11 12 5 28 8 27 10 24 1 9 22 23 25 2 
26 11
16 19 2 29 15 10 12 14 11 21 4 
8 12
5 23 22 15 13 7 16 9 25 20 12 21 
17 13
0 22 23 13 12 6 9 27 11 21 24 4 2 
16 10
2 26 19 27 1 8 10 15 11 25 
25 12
28 7 13 20 1 19 2 11 21 8 16 23 
11 14
16 24 20 21 9 0 27 10 17 7 2 14 26 25 
15 14
3 16 8 24 21 6 19 26 5 18 9 0 13 29 
10 11
22 3 1 28 20 16 0 11 21 2 26 
21 16
8 27 10 13 15 11 25 26 2 22 9 17 28 6 4 3 
9 11
28 17 11 21 15 29 8 14 20 19 2 
27 12
7 23 16 19 20 17 28 21 11 0 29 1 
1 14
19 2 13 7 20 14 25 24 18 3 16 27 10 12 
29 11
4 15 14 3 23 7 28 9 27 26 2 
0 10
19 14 28 17 27 15 10 3 6 11 
28 15
5 3 23 27 10 9 0 20 21 7 29 13 19 25 4 
14 10
20 29 0 23 9 5 1 11 26 19 
24 8
23 7 18 1 20 17 15 11 
7 12
1 12 25 27 28 8 24 11 29 2 23 22 
18 10
15 22 6 24 12 3 1 19 2 4 
4 8
29 21 23 28 17 26 3 18 
2 16
12 16 26 29 10 25 7 17 5 18 11 9 1 22 21 20 
19 14
18 5 23 25 15 27 28 0 1 9 3 16 14 26 
13 10
21 23 8 28 17 6 25 3 1 15 
22 11
21 17 10 8 6 18 5 3 2 20 7 
3 14
5 28 10 13 29 15 4 18 0 22 1 21 6 19 
5 11
8 3 12 15 22 23 2 19 20 14 28 
23 16
8 25 27 6 19 13 29 20 14 4 5 28 17 7 24 12 
6 9
21 3 18 23 22 13 17 0 15 
