50
29 11
40 15 5 1 43 47 21 13 7 35 19 
19 11
35 45 21 11 49 43 20 34 5 0 29 
35 7
29 38 37 2 19 45 27 
27 8
33 13 11 18 0 15 20 35 
20 9
47 18 30 37 19 10 0 17 27 
13 11
33 42 36 25 1 3 29 14 39 27 28 
28 9
3 30 33 24 21 11 12 34 13 
46 7
26 0 3 38 48 32 41 
41 5
2 17 44 8 46 
5 8
24 37 22 25 8 29 15 19 
38 7
42 35 26 32 46 8 31 
31 13
9 44 40 34 22 26 2 1 3 7 49 24 38 
0 7
30 6 46 8 19 27 20 
10 12
2 25 23 17 11 37 40 20 44 6 32 4 
4 6
43 49 33 8 30 10 
18 7
24 20 27 30 23 49 25 
25 10
14 9 10 13 8 45 23 5 18 1 
43 8
29 4 42 7 45 19 34 39 
39 6
21 13 34 23 30 43 
15 5
29 22 27 3 5 
16 3
1 49 22 
22 9
12 15 45 3 5 31 48 36 16 
47 7
3 11 30 29 20 34 17 
17 6
20 1 10 33 41 47 
34 9
23 2 19 1 39 31 28 43 47 
24 6
5 18 14 48 28 31 
1 10
12 13 29 16 17 31 48 36 34 25 
36 7
32 13 44 40 9 1 22 
8 9
37 42 0 4 14 38 25 5 41 
23 9
32 6 10 21 18 39 34 48 25 
2 10
41 10 34 40 30 35 26 45 9 31 
45 8
12 43 11 22 25 19 35 2 
30 12
0 6 18 47 4 28 20 39 26 2 21 37 
37 7
8 5 20 10 30 35 26 
26 8
30 46 38 2 31 48 37 42 
32 6
38 23 36 3 46 10 
42 5
38 8 13 43 26 
11 9
47 10 3 45 19 27 28 48 14 
14 6
25 7 13 8 24 11 
48 9
49 46 1 26 24 11 21 23 22 
21 8
19 39 44 29 30 23 28 48 
33 6
13 4 6 27 17 28 
9 6
31 25 2 7 36 40 
40 12
49 44 7 36 2 3 12 29 10 31 9 6 
12 6
45 1 6 22 28 40 
49 7
40 19 4 16 18 48 31 
7 8
44 14 40 3 43 29 9 31 
3 11
47 22 15 11 46 32 13 7 40 28 31 
6 7
12 23 30 0 10 33 40 
44 7
40 21 7 41 36 31 10 
