100
51 2
97 31 
31 3
21 37 51 
78 2
1 21 
21 5
2 82 31 47 78 
92 1
72 
72 5
2 65 0 90 92 
91 1
77 
77 5
8 23 20 27 91 
64 2
81 19 
19 3
2 69 64 
81 4
97 0 87 64 
93 2
47 53 
53 3
4 94 93 
4 2
53 25 
25 4
7 60 40 4 
23 4
17 77 67 20 
20 4
26 5 77 23 
36 1
52 
52 6
74 68 11 29 34 36 
22 1
43 
43 4
86 62 89 22 
85 1
12 
12 4
33 7 74 85 
34 1
52 
87 1
81 
42 5
24 13 55 40 8 
8 3
48 77 42 
40 3
88 25 42 
46 3
48 56 30 
30 2
38 46 
56 3
70 39 46 
37 1
31 
63 3
68 32 13 
13 2
42 63 
32 3
50 88 63 
33 2
12 98 
98 2
2 33 
6 1
65 
65 4
80 72 94 6 
15 1
79 
79 2
60 15 
28 2
76 45 
45 2
88 28 
70 3
47 56 38 
38 4
30 29 70 9 
66 1
10 
10 4
50 82 11 66 
2 6
21 72 19 69 29 98 
83 2
17 88 
88 5
86 40 32 45 83 
29 4
2 99 38 52 
57 1
75 
75 3
5 84 57 
97 5
51 80 94 81 39 
39 3
97 14 56 
94 4
65 97 59 53 
80 4
86 65 3 97 
61 2
90 59 
59 3
1 94 61 
9 3
55 89 38 
74 3
52 3 12 
7 4
25 95 3 12 
60 4
25 99 5 79 
44 3
16 0 84 
84 3
99 75 44 
27 2
77 55 
55 4
42 9 27 50 
11 3
52 10 90 
82 4
86 10 21 54 
54 2
26 82 
69 5
19 26 67 2 76 
86 7
88 80 26 82 47 43 17 
3 4
74 80 7 71 
0 3
81 44 72 
99 5
60 29 84 58 95 
95 2
7 99 
58 2
99 96 
17 5
23 83 18 86 24 
24 2
42 17 
18 2
17 16 
16 4
14 44 76 18 
73 1
26 
26 7
54 86 69 73 20 68 1 
96 2
89 58 
49 1
76 
76 5
28 69 16 41 49 
67 3
23 69 68 
90 3
61 72 11 
14 2
16 39 
5 3
75 20 60 
50 3
10 32 55 
71 3
62 3 48 
62 2
71 43 
89 3
9 96 43 
1 4
78 59 26 35 
47 4
86 70 93 21 
41 1
76 
68 4
52 63 26 67 
48 3
46 8 71 
35 1
1 
