50
31 4
15 32 12 26 
26 9
45 44 3 5 4 22 39 20 31 
12 13
16 11 39 31 9 6 32 13 41 7 38 2 45 
1 3
49 24 35 
35 8
39 16 37 42 9 25 38 1 
24 6
28 42 1 22 20 14 
36 9
25 29 30 45 48 9 28 6 11 
11 7
48 12 44 32 41 36 22 
6 9
4 39 20 23 36 22 33 12 42 
28 7
24 44 17 49 36 30 10 
45 5
20 26 2 36 12 
30 5
32 7 25 36 28 
39 5
35 26 12 6 20 
20 13
42 47 6 41 3 5 24 15 0 29 39 45 26 
22 12
37 24 11 34 27 17 19 26 6 41 46 33 
41 11
17 7 25 21 11 22 42 12 20 43 46 
32 12
44 5 30 10 40 11 12 31 27 48 17 38 
18 3
25 19 46 
46 5
27 22 41 5 18 
19 7
33 0 15 18 22 40 21 
2 5
49 12 42 45 7 
7 7
3 30 49 41 21 12 2 
25 10
18 30 36 35 29 0 41 38 43 47 
47 4
20 21 25 8 
38 5
33 12 35 32 25 
0 4
19 3 25 20 
40 3
32 10 19 
10 9
32 49 4 3 8 33 40 28 27 
17 7
28 13 41 32 22 5 44 
44 10
32 4 33 16 26 21 11 29 28 17 
5 9
32 26 29 42 20 46 33 48 17 
14 3
13 24 37 
34 3
22 16 8 
8 4
10 23 47 34 
37 5
22 42 35 4 14 
13 6
12 17 29 14 3 33 
4 7
6 23 44 10 37 26 3 
33 11
48 44 42 19 38 22 3 5 10 6 13 
3 10
20 26 7 13 0 10 49 4 33 9 
29 8
13 25 5 36 27 44 15 20 
15 5
31 20 29 19 43 
43 6
25 42 21 41 16 15 
49 7
10 7 2 28 1 3 16 
16 7
35 44 12 34 9 43 49 
42 11
41 20 33 21 24 37 43 5 2 35 6 
21 8
44 42 47 43 9 7 41 19 
9 7
36 16 27 35 21 12 3 
27 6
22 32 46 9 29 10 
48 6
33 11 32 5 36 23 
23 4
4 8 6 48 
