100
18 3
48 95 6 
6 6
64 62 12 55 82 18 
2 2
11 31 
31 6
51 5 99 97 2 37 
41 4
99 36 75 47 
47 3
71 86 41 
94 6
85 55 52 89 84 45 
45 2
34 94 
68 3
73 56 30 
30 4
14 39 46 68 
40 2
74 79 
79 5
5 23 99 0 40 
88 3
60 16 99 
99 8
41 92 90 79 53 16 31 88 
73 4
68 3 66 77 
77 4
39 28 81 73 
71 5
54 24 47 90 34 
34 5
90 60 69 45 71 
97 5
52 28 31 63 87 
87 5
16 74 14 15 97 
37 1
31 
46 3
44 96 30 
98 2
25 27 
27 2
9 98 
15 2
85 87 
52 4
97 56 94 25 
25 3
98 93 52 
36 5
28 41 4 91 65 
65 5
13 93 11 63 36 
89 2
94 9 
9 5
83 90 91 27 89 
54 3
71 57 72 
72 3
59 69 54 
23 3
79 64 43 
43 8
44 3 55 28 62 38 35 23 
64 5
6 67 7 23 66 
22 1
60 
60 5
51 56 34 88 22 
85 3
15 94 76 
76 3
39 42 85 
4 2
36 49 
49 5
5 0 93 96 4 
0 2
49 79 
5 5
49 38 79 31 3 
3 6
57 43 73 11 29 5 
33 3
38 57 20 
20 5
67 13 91 8 33 
82 3
12 16 6 
55 7
95 43 50 94 6 35 81 
12 5
26 84 82 6 61 
53 3
66 99 8 
8 3
53 95 20 
61 3
91 59 12 
38 6
33 5 83 43 51 48 
48 5
63 38 18 83 24 
51 4
60 31 13 38 
92 3
99 75 42 
42 5
11 92 57 50 76 
50 2
55 42 
57 5
33 54 3 83 42 
11 7
2 65 42 3 75 10 62 
96 2
46 49 
93 5
65 86 49 70 25 
80 2
26 28 
28 6
97 36 43 91 77 80 
14 3
91 87 30 
91 8
7 61 36 9 28 20 14 86 
69 4
39 34 62 72 
90 8
16 71 84 99 13 9 34 67 
62 4
43 69 6 11 
29 1
3 
81 5
77 58 44 55 21 
35 3
43 55 19 
24 3
71 48 74 
83 5
67 38 57 9 48 
39 6
77 76 67 69 75 30 
58 3
78 81 1 
1 2
13 58 
84 4
94 90 12 7 
7 3
91 84 64 
86 5
93 91 56 59 47 
59 4
63 72 61 86 
56 6
26 68 52 75 60 86 
10 2
16 11 
75 7
39 92 56 41 11 19 26 
67 5
83 64 39 20 90 
13 6
17 20 90 65 51 1 
74 4
40 87 78 24 
78 3
74 58 16 
16 8
90 88 87 10 82 99 32 78 
70 2
93 17 
26 4
56 80 12 75 
66 4
17 73 53 64 
17 3
13 66 70 
63 5
59 48 97 65 44 
95 3
55 18 8 
19 2
75 35 
44 5
46 43 32 81 63 
21 1
81 
32 2
44 16 
