100
41 1
60 
60 4
46 18 49 41 
9 1
56 
56 4
66 99 58 9 
63 1
4 
4 2
80 63 
80 7
2 69 20 34 71 30 4 
17 1
91 
91 2
66 17 
64 1
2 
2 12
29 62 80 84 24 28 14 12 1 3 66 64 
97 1
86 
86 2
55 97 
33 1
39 
39 3
62 31 33 
6 1
0 
0 3
12 6 27 
23 1
20 
20 5
80 73 26 8 23 
98 1
93 
93 3
78 42 98 
54 1
53 
53 2
71 54 
66 3
2 56 91 
88 1
30 
30 3
80 70 88 
72 1
65 
65 5
84 89 77 38 72 
42 1
93 
78 3
74 47 93 
27 1
0 
12 2
2 0 
68 3
52 32 96 
96 1
68 
32 1
68 
52 4
45 67 19 68 
83 1
74 
74 4
28 78 51 83 
77 1
65 
16 1
28 
28 5
2 74 92 61 16 
87 1
73 
73 3
20 45 87 
92 1
28 
71 2
80 53 
11 1
51 
51 2
74 11 
90 1
40 
40 3
29 90 76 
24 2
2 35 
35 2
24 13 
50 1
36 
36 2
84 50 
59 1
18 
18 2
60 59 
67 1
52 
82 2
55 94 
94 1
82 
55 4
26 82 15 86 
89 1
65 
49 1
60 
46 3
62 60 5 
57 1
21 
21 3
14 43 57 
31 1
39 
45 3
73 81 52 
81 1
45 
14 4
2 95 21 79 
79 1
14 
95 1
14 
34 1
80 
84 3
2 36 65 
47 2
78 99 
76 1
40 
1 2
2 37 
37 1
1 
3 1
2 
62 3
2 46 39 
29 2
2 40 
25 2
26 22 
22 1
25 
26 4
20 25 55 7 
8 1
20 
58 1
56 
70 1
30 
69 1
80 
38 1
65 
7 2
26 10 
10 1
7 
44 1
99 
99 3
47 56 44 
15 2
55 85 
5 2
46 48 
61 2
28 75 
19 1
52 
85 1
15 
43 1
21 
75 1
61 
48 1
5 
13 1
35 
