30
24 4
2 6 16 23 
23 6
5 1 12 0 15 24 
16 7
7 22 0 11 24 3 5 
6 6
9 28 17 3 24 25 
2 4
21 24 12 28 
13 4
7 12 21 11 
11 5
1 16 28 17 13 
21 7
10 4 2 19 3 13 14 
12 7
23 2 13 7 14 20 8 
15 3
23 9 8 
8 8
18 19 20 12 27 17 4 15 
9 5
6 26 15 25 7 
29 4
7 5 3 17 
17 6
29 11 8 6 28 7 
3 6
16 0 29 6 21 1 
5 4
23 29 0 16 
20 4
27 4 8 12 
14 3
27 12 21 
7 8
13 26 16 17 9 29 10 12 
26 6
0 7 1 9 28 19 
19 3
8 21 26 
28 5
6 26 2 11 17 
1 4
23 11 26 3 
25 5
9 0 6 22 4 
22 3
16 25 18 
18 2
8 22 
0 8
4 26 23 3 5 25 10 16 
10 4
21 0 7 27 
4 5
0 21 20 25 8 
27 4
14 20 8 10 
