100
40 5
39 48 18 21 97 
97 2
43 40 
92 2
34 9 
9 5
2 0 75 53 92 
94 2
15 32 
32 5
41 71 69 99 94 
43 6
80 15 6 69 45 97 
34 4
92 24 84 27 
27 3
30 73 34 
84 4
41 49 64 34 
51 2
96 37 
37 6
19 26 2 51 11 79 
83 2
73 95 
95 3
35 4 83 
25 5
46 5 53 64 67 
67 1
25 
64 4
63 73 84 25 
63 2
64 31 
31 3
33 15 63 
46 3
60 25 16 
16 4
52 73 55 46 
79 2
2 37 
11 4
49 74 98 37 
2 10
79 19 47 86 88 85 9 17 21 37 
42 3
90 73 28 
28 4
39 86 62 42 
12 3
81 78 85 
85 10
75 65 5 2 19 35 58 86 54 12 
53 6
87 96 9 25 38 61 
56 2
66 89 
89 6
55 18 69 98 60 56 
39 4
40 28 75 19 
19 7
65 82 37 85 69 2 39 
75 5
76 85 9 62 39 
14 3
78 15 45 
45 5
78 30 72 43 14 
18 6
40 89 55 80 7 1 
1 2
71 18 
7 7
20 57 5 18 8 76 74 
99 4
4 32 76 72 
72 3
45 41 99 
29 4
35 73 59 6 
6 5
47 43 0 29 13 
62 4
65 35 28 75 
36 2
78 86 
86 7
28 85 35 2 82 15 36 
61 2
71 53 
38 4
47 53 66 73 
73 10
42 16 27 83 5 64 38 29 91 10 
96 3
87 51 53 
87 4
96 88 53 59 
4 4
48 99 65 95 
81 2
12 49 
49 6
11 84 78 0 81 3 
69 5
43 19 5 32 89 
5 8
76 25 85 73 69 78 7 47 
68 4
82 91 66 90 
90 4
42 24 44 68 
66 7
38 35 93 26 68 56 91 
74 4
11 59 7 44 
44 3
22 90 74 
13 3
91 6 21 
21 4
2 40 17 13 
93 2
0 66 
88 4
2 87 48 52 
52 2
16 88 
48 4
4 40 88 23 
15 6
94 24 14 43 86 31 
57 2
7 58 
58 3
85 55 57 
30 3
65 27 45 
78 6
36 14 49 12 5 45 
33 3
31 55 82 
82 6
70 19 55 68 86 33 
0 6
9 93 65 6 49 77 
3 1
49 
80 4
18 43 65 71 
71 4
61 32 1 80 
65 8
19 62 30 22 85 80 0 4 
17 2
21 2 
23 2
48 98 
98 3
11 89 23 
41 4
84 32 72 50 
59 4
74 47 29 87 
20 2
7 60 
60 3
46 89 20 
47 7
6 38 2 5 59 24 70 
70 2
82 47 
91 4
13 73 68 66 
26 2
37 66 
35 6
29 95 86 85 66 62 
10 2
8 73 
55 7
89 82 18 22 58 33 16 
22 3
44 65 55 
76 4
75 99 5 7 
54 2
85 8 
77 1
0 
50 1
41 
8 3
10 7 54 
24 4
15 34 90 47 
