100
48 2
71 19 
19 5
64 53 78 48 62 
71 4
48 3 34 58 
68 2
67 59 
59 5
61 94 95 0 68 
67 3
68 69 13 
41 3
76 38 17 
17 3
24 86 41 
38 6
9 70 29 56 11 41 
76 8
49 41 16 8 69 22 98 72 
89 3
43 45 66 
66 2
10 89 
45 5
28 27 88 26 89 
43 5
22 88 89 62 86 
58 4
96 99 71 92 
34 7
52 6 71 86 31 79 87 
3 4
71 7 80 57 
5 3
60 20 12 
12 7
85 74 9 7 91 10 5 
20 5
23 77 5 26 13 
60 3
79 5 26 
14 3
39 52 28 
28 3
45 14 49 
52 5
36 34 14 29 78 
39 4
56 14 97 64 
1 3
35 26 55 
55 4
50 27 90 1 
26 8
1 20 60 73 69 45 35 86 
35 2
1 26 
72 5
92 0 65 76 27 
98 5
33 76 2 23 15 
22 2
43 76 
69 5
76 2 67 26 77 
8 3
42 91 76 
16 4
18 76 42 13 
49 4
76 28 85 4 
4 2
25 49 
85 2
12 49 
73 2
26 70 
70 5
38 44 64 74 73 
18 2
16 83 
83 3
88 86 18 
24 3
17 42 88 
88 7
83 45 32 40 86 43 24 
42 6
8 16 33 40 91 24 
86 9
17 43 82 26 80 88 34 83 96 
0 3
72 59 97 
97 5
39 81 94 80 0 
54 2
82 2 
2 5
98 29 69 25 54 
82 9
54 21 37 11 10 86 77 46 40 
40 5
42 25 88 82 63 
46 3
30 56 82 
77 9
91 27 20 99 82 95 57 81 69 
10 4
66 11 82 12 
11 4
90 10 82 38 
37 2
31 82 
21 5
78 47 31 82 15 
90 3
11 6 55 
6 4
65 91 34 90 
62 2
43 19 
57 3
75 77 3 
80 5
97 3 65 86 78 
7 3
12 3 33 
27 4
55 77 72 45 
50 2
55 47 
79 3
15 60 34 
9 2
38 12 
63 3
13 32 40 
25 4
4 40 99 2 
91 7
77 42 12 99 6 51 8 
33 3
98 42 7 
78 6
21 99 65 52 19 80 
65 4
6 72 80 78 
74 2
12 70 
29 5
52 95 38 99 2 
36 2
52 99 
47 4
21 84 23 50 
23 3
20 98 47 
84 4
44 75 99 47 
96 2
58 86 
32 3
63 88 75 
13 4
63 16 20 67 
99 12
95 30 36 58 84 78 29 91 77 25 94 93 
15 3
79 98 21 
31 4
51 37 21 34 
51 3
31 91 44 
44 4
84 51 70 75 
87 2
81 34 
64 5
19 81 70 61 39 
61 2
59 64 
81 4
64 87 97 77 
94 4
53 59 97 99 
53 3
93 19 94 
93 2
53 99 
92 2
72 58 
95 4
99 77 59 29 
56 3
46 39 38 
30 2
46 99 
75 4
57 84 44 32 
