30
4 13
6 25 10 29 12 14 27 2 19 23 22 18 1 
1 9
0 16 19 2 24 9 18 12 4 
18 12
25 17 27 13 21 4 1 26 19 8 16 20 
22 9
24 21 19 23 20 0 10 4 12 
23 11
3 15 21 4 8 16 22 14 28 26 25 
19 12
8 11 22 9 20 15 4 2 6 1 18 5 
2 8
4 5 1 19 17 27 29 6 
27 8
10 6 20 18 3 4 26 2 
14 11
17 16 13 11 21 4 23 5 0 15 12 
12 10
15 8 17 28 4 20 14 1 11 22 
5 10
6 16 8 29 14 11 26 2 19 3 
6 10
4 5 8 16 24 17 27 9 19 2 
15 9
12 23 25 0 19 20 14 16 8 
20 14
25 18 3 8 12 7 15 13 27 0 9 22 19 21 
9 9
25 8 6 19 20 29 1 3 17 
11 6
14 7 19 3 5 12 
28 5
7 12 23 29 24 
24 7
22 10 6 26 1 8 28 
29 6
4 5 21 28 9 2 
25 7
18 4 9 15 10 20 23 
8 12
23 9 6 19 7 12 3 5 18 20 24 15 
7 5
28 11 8 16 20 
13 6
0 3 18 14 20 26 
0 7
13 1 22 15 14 20 17 
17 8
14 6 18 12 2 9 10 0 
10 9
27 17 4 16 24 21 22 25 26 
3 8
8 23 13 20 11 5 27 9 
16 11
14 6 5 1 18 26 15 10 23 7 21 
21 9
20 14 18 10 29 22 23 16 26 
26 9
24 21 16 23 27 5 18 13 10 
