50
29 5
47 21 13 7 19 
19 9
45 11 49 43 20 34 5 0 29 
35 3
37 45 27 
27 6
11 18 0 15 20 35 
20 6
30 37 19 10 0 27 
13 5
25 3 29 39 28 
28 9
3 30 33 24 21 11 12 34 13 
46 3
48 32 41 
41 4
17 44 8 46 
5 5
22 25 8 15 19 
38 2
8 31 
31 10
44 34 22 2 1 3 7 49 24 38 
0 3
19 27 20 
10 8
23 17 37 40 20 44 32 4 
4 4
49 8 30 10 
18 5
27 30 23 49 25 
25 7
13 8 45 23 5 18 1 
43 4
42 7 19 39 
39 5
13 34 23 30 43 
15 3
22 27 5 
16 3
1 49 22 
22 7
15 45 5 31 48 36 16 
47 3
29 34 17 
17 4
10 33 41 47 
34 7
23 19 1 39 31 28 47 
24 2
28 31 
1 6
16 31 48 36 34 25 
36 5
44 40 9 1 22 
8 6
4 14 38 25 5 41 
23 7
10 21 18 39 34 48 25 
2 5
40 30 26 45 31 
45 6
11 22 25 19 35 2 
30 8
18 4 28 20 39 2 21 37 
37 5
20 10 30 35 26 
26 4
2 48 37 42 
32 3
3 46 10 
42 2
43 26 
11 6
45 19 27 28 48 14 
14 2
8 11 
48 8
49 46 1 26 11 21 23 22 
21 6
44 29 30 23 28 48 
33 3
6 17 28 
9 3
7 36 40 
40 7
36 2 3 12 10 9 6 
12 2
28 40 
49 6
19 4 16 18 48 31 
7 5
3 43 29 9 31 
3 6
32 13 7 40 28 31 
6 2
33 40 
44 5
21 41 36 31 10 
