100
5 1
98 
98 4
95 74 15 5 
36 1
54 
54 5
40 68 77 67 36 
39 2
72 68 
68 4
54 84 40 39 
78 2
16 32 
32 2
8 78 
18 2
72 67 
67 3
87 54 18 
83 3
99 42 69 
69 8
44 25 50 81 70 80 83 37 
80 2
23 69 
16 2
78 2 
2 2
91 16 
8 5
25 52 44 11 32 
26 3
13 72 11 
11 3
8 22 26 
21 2
92 19 
19 3
77 79 21 
4 1
49 
49 3
76 13 4 
89 1
0 
0 10
50 38 94 63 91 42 75 30 47 89 
66 2
15 95 
95 3
98 12 66 
70 1
69 
52 4
60 76 8 7 
7 3
91 17 52 
88 2
93 12 
12 4
96 88 95 55 
14 1
10 
10 4
91 48 65 14 
72 6
23 39 18 73 26 85 
85 3
46 6 72 
63 3
37 0 87 
87 4
67 40 29 63 
55 2
28 12 
96 2
1 12 
15 6
66 9 51 64 98 38 
38 2
0 15 
61 1
22 
22 3
79 11 61 
79 2
22 19 
56 2
41 99 
99 3
83 42 56 
41 3
77 28 56 
29 3
28 90 87 
17 1
7 
82 1
25 
25 4
8 69 64 82 
13 4
3 26 46 49 
97 1
34 
34 7
1 65 97 35 90 58 59 
24 3
90 62 48 
48 3
44 10 24 
62 2
24 33 
90 6
29 43 34 24 45 27 
40 4
54 71 68 87 
53 1
9 
9 6
6 46 53 43 15 73 
77 6
91 44 41 54 19 84 
84 2
68 77 
44 6
46 8 77 48 74 69 
42 3
99 83 0 
73 3
72 9 76 
43 5
33 37 9 90 60 
46 6
85 9 44 65 13 86 
93 2
88 51 
51 2
15 93 
47 2
6 0 
30 1
0 
75 1
0 
91 5
77 10 0 2 7 
94 2
6 0 
71 4
64 6 40 57 
37 3
63 43 69 
86 2
46 23 
65 4
46 34 31 10 
23 3
72 80 86 
59 1
34 
58 3
3 60 34 
35 1
34 
33 3
43 62 3 
3 4
13 58 64 33 
6 6
47 9 85 94 92 71 
92 2
21 6 
57 2
81 71 
31 2
65 1 
1 3
34 31 96 
45 2
20 90 
74 2
98 44 
27 1
90 
64 4
3 71 15 25 
20 2
45 81 
81 3
57 69 20 
28 3
55 29 41 
76 3
52 49 73 
50 2
0 69 
60 3
52 58 43 
