50
43 3
35 44 15 
15 6
17 37 39 29 45 43 
8 4
39 35 7 27 
27 6
14 20 41 13 7 8 
9 7
23 3 1 5 11 21 44 
44 6
25 43 7 0 34 9 
48 7
17 47 45 30 22 46 37 
37 6
45 28 48 25 15 10 
45 5
37 48 28 29 15 
10 2
21 37 
7 8
13 38 16 44 8 19 24 27 
24 6
11 21 14 4 22 7 
38 5
17 41 7 18 20 
20 5
23 27 47 49 38 
11 3
24 9 49 
49 7
29 32 18 26 35 20 11 
39 5
15 8 21 32 1 
1 5
9 12 29 35 39 
33 5
25 29 46 47 35 
35 6
43 49 18 1 8 33 
22 3
48 21 24 
29 9
33 15 1 6 49 4 47 30 45 
30 3
48 46 29 
47 8
20 33 46 48 28 31 29 26 
13 5
0 7 27 17 36 
36 6
6 46 0 13 2 21 
18 4
35 38 14 49 
14 7
27 2 46 3 18 24 12 
5 3
0 9 28 
28 7
23 45 47 21 37 5 17 
25 5
44 33 46 2 37 
26 2
49 47 
32 5
6 49 39 46 3 
3 5
9 14 46 32 42 
46 10
3 25 33 16 48 47 32 30 36 14 
21 9
24 28 9 39 10 22 36 23 41 
2 6
14 34 25 36 6 16 
0 6
31 5 13 19 36 44 
40 1
41 
41 5
6 38 27 21 40 
17 5
15 38 13 48 28 
16 3
7 46 2 
31 3
0 6 47 
12 2
1 14 
34 3
44 2 19 
42 1
3 
6 7
32 41 4 36 31 29 2 
23 4
9 28 20 21 
4 3
6 29 24 
19 3
0 7 34 
