20
10 9
16 5 6 17 2 4 13 7 0 
0 7
8 4 2 19 3 6 10 
14 9
12 7 15 9 17 19 6 4 16 
16 7
10 12 13 7 8 11 14 
4 9
7 17 2 0 10 14 5 3 12 
12 7
6 14 19 16 18 4 15 
3 7
11 8 6 4 19 2 0 
5 5
10 13 11 2 4 
2 10
15 0 10 4 6 1 5 3 7 13 
13 8
9 10 16 5 1 6 7 2 
7 12
14 4 6 11 18 8 16 10 13 17 9 2 
18 6
17 19 7 6 12 8 
8 9
0 6 7 9 16 11 1 3 18 
11 9
9 17 3 5 1 7 19 8 16 
19 7
12 6 0 14 18 3 11 
9 7
11 14 17 8 13 7 15 
15 5
2 14 1 12 9 
1 6
8 11 2 13 15 6 
6 13
12 8 7 13 14 19 2 10 0 3 18 1 17 
17 8
18 7 10 11 4 9 14 6 
