30
24 11
16 0 10 2 26 21 11 28 17 13 20 
20 8
7 26 22 23 27 9 24 3 
13 6
14 7 29 25 24 4 
17 7
5 18 29 23 21 24 27 
28 8
4 16 12 7 24 15 29 10 
11 6
4 26 27 24 8 14 
21 10
14 29 15 7 17 24 6 18 5 1 
26 8
23 8 20 9 11 24 10 18 
3 5
10 5 27 9 20 
9 10
16 2 26 14 20 29 15 3 25 4 
23 5
26 17 20 16 5 
22 4
20 29 15 19 
19 3
1 29 22 
15 10
6 2 28 9 21 22 0 1 18 16 
29 10
9 17 28 13 22 10 0 19 21 14 
4 6
11 5 13 28 9 2 
25 7
5 18 1 9 13 7 10 
1 6
15 14 5 19 25 21 
16 6
24 9 28 10 15 23 
18 9
21 17 6 12 8 2 26 25 15 
0 6
2 24 8 10 29 15 
14 7
1 13 9 8 21 11 29 
6 5
2 15 18 27 21 
27 6
20 6 11 5 3 17 
5 8
1 3 21 17 27 4 25 23 
2 8
6 9 24 0 15 10 18 4 
10 10
3 24 16 0 29 26 2 28 25 7 
7 7
20 13 25 28 21 10 12 
12 3
18 28 7 
8 5
26 0 18 14 11 
