50
18 7
16 23 15 48 28 21 5 
5 4
13 19 18 39 
21 4
45 16 47 18 
28 9
22 14 1 18 33 16 43 48 41 
48 10
11 10 18 28 35 19 47 49 46 41 
15 6
46 16 29 17 18 1 
37 3
12 14 1 
1 9
14 39 20 28 0 15 11 37 24 
14 8
1 28 37 45 19 0 43 23 
12 5
34 45 46 37 11 
34 5
12 25 46 13 23 
23 5
18 0 2 14 34 
13 5
5 34 36 32 4 
43 5
49 46 28 14 35 
0 11
23 24 31 32 6 16 2 4 1 14 42 
19 9
6 2 22 5 4 48 33 16 14 
45 7
26 12 21 14 49 47 16 
8 5
47 44 30 27 41 
41 9
6 48 28 31 17 44 8 36 47 
27 6
42 8 7 9 49 4 
30 4
42 38 8 2 
49 9
39 45 26 43 4 9 27 48 29 
29 4
10 15 4 49 
4 9
19 29 0 49 40 13 31 27 33 
26 5
11 49 47 45 2 
42 5
30 47 3 27 0 
3 4
46 25 42 20 
20 6
39 6 16 2 1 3 
2 11
33 23 30 32 0 10 39 20 9 19 26 
16 11
18 6 21 20 15 0 19 45 47 9 28 
6 9
31 16 19 41 40 20 0 38 25 
47 10
32 42 48 24 21 45 26 8 16 41 
35 4
39 48 43 7 
32 7
47 25 22 13 2 0 9 
36 2
13 41 
17 4
46 40 15 41 
33 5
19 2 22 28 4 
40 4
6 17 4 44 
31 5
6 4 44 0 41 
46 8
15 34 3 43 12 17 48 22 
22 5
28 32 19 33 46 
44 4
8 41 31 40 
24 3
47 0 1 
9 6
49 39 16 27 2 32 
39 7
49 20 2 35 9 1 5 
11 5
26 25 48 1 12 
38 2
30 6 
25 5
34 3 11 32 6 
10 3
29 48 2 
7 2
27 35 
