30
12 7
14 21 8 1 18 9 23 
23 7
26 6 25 9 18 10 12 
9 7
24 23 4 18 6 10 12 
18 11
16 23 22 3 1 28 9 7 20 14 12 
8 13
20 26 2 6 12 29 10 7 13 5 1 3 25 
21 6
0 2 14 12 1 27 
13 10
6 11 19 2 17 8 1 10 29 22 
22 6
14 5 18 2 24 13 
29 8
8 5 14 4 27 2 10 13 
10 11
25 1 24 4 8 29 23 7 13 28 9 
1 12
12 10 20 13 21 6 3 18 5 8 4 17 
17 8
0 7 13 2 26 16 5 1 
2 10
4 21 11 20 17 29 22 13 8 19 
19 5
16 15 13 7 2 
27 8
26 20 16 29 25 4 5 21 
15 3
19 6 3 
3 6
0 15 18 1 4 8 
6 8
13 23 25 8 1 9 15 0 
20 11
8 0 1 18 5 2 14 7 27 28 4 
4 13
11 26 2 29 10 3 1 28 9 27 16 20 7 
28 6
4 18 5 20 10 11 
7 9
8 25 18 17 20 19 10 0 4 
14 6
12 22 29 21 20 18 
5 9
29 17 28 27 22 20 8 11 1 
0 9
17 20 3 7 26 25 6 21 24 
24 5
9 10 0 22 25 
11 6
13 4 2 25 5 28 
25 9
23 7 27 6 11 24 8 10 0 
16 5
18 19 27 17 4 
26 6
23 4 8 0 27 17 
