50
13 7
37 7 2 1 43 10 31 
31 6
28 0 24 35 4 13 
5 6
41 1 35 37 36 43 
43 12
25 23 22 48 17 13 0 42 4 47 1 5 
20 5
34 14 9 12 10 
10 7
28 7 13 25 38 39 20 
8 8
16 34 0 21 18 49 35 45 
45 10
6 2 12 18 37 22 27 7 46 8 
49 6
15 4 47 48 6 8 
37 11
36 4 24 44 45 26 13 7 39 5 3 
3 7
22 4 6 32 14 24 37 
39 16
12 38 26 37 9 1 32 42 41 10 23 46 47 15 29 40 
23 8
42 43 7 17 29 39 44 33 
33 11
18 6 32 34 16 12 25 38 24 22 23 
21 9
36 6 24 7 8 12 42 35 19 
19 8
28 9 38 30 44 16 14 21 
4 11
37 6 47 43 49 3 1 29 38 17 31 
22 11
3 33 2 45 40 47 43 41 17 48 27 
27 7
16 14 0 47 45 22 7 
48 12
40 11 15 0 29 44 43 49 12 22 2 28 
36 10
41 28 12 37 21 44 15 14 5 47 
47 9
15 27 38 39 4 49 43 22 36 
1 11
17 5 42 43 4 13 32 0 39 30 35 
35 6
21 8 31 0 5 1 
30 4
25 19 24 1 
40 5
22 14 39 48 28 
28 8
36 32 19 10 31 48 11 40 
17 9
1 32 23 22 29 15 4 43 9 
9 6
2 19 14 20 39 17 
0 8
41 8 35 43 1 27 31 48 
14 9
9 27 12 20 40 36 3 26 19 
16 5
27 8 33 19 25 
44 6
23 36 37 29 48 19 
26 8
2 25 32 37 29 7 14 39 
32 7
17 28 33 26 3 1 39 
6 8
45 2 3 33 46 21 4 49 
11 5
15 38 46 48 28 
41 7
5 12 0 36 22 39 46 
15 8
49 47 12 11 36 17 48 39 
46 7
45 42 6 11 39 7 41 
7 10
46 13 25 23 10 21 37 45 26 27 
38 8
39 11 19 33 18 10 47 4 
42 8
23 46 1 21 12 43 39 34 
34 4
20 33 8 42 
12 12
15 36 45 41 14 39 20 21 18 48 42 33 
25 8
30 7 43 26 2 10 33 16 
2 8
26 45 22 13 6 25 9 48 
24 6
3 37 21 31 30 33 
29 7
39 23 4 44 26 17 48 
18 5
45 12 33 8 38 
