50
31 2
1 25 
25 4
37 6 35 31 
1 12
12 28 31 27 2 26 10 0 15 39 20 23 
13 2
11 33 
33 5
29 0 48 16 13 
11 6
3 5 48 10 13 42 
23 4
7 1 6 2 
2 4
47 1 23 38 
6 4
36 23 25 10 
7 7
38 42 0 9 23 26 32 
21 2
19 46 
46 4
32 35 37 21 
19 4
35 21 36 43 
10 6
6 1 15 11 36 30 
36 5
16 19 6 3 10 
45 2
24 29 
29 4
14 33 44 45 
24 4
45 41 48 17 
3 3
11 32 36 
32 12
46 49 43 20 39 27 17 15 3 35 7 12 
30 2
14 10 
14 4
30 22 29 35 
41 3
24 43 42 
42 3
7 41 11 
43 5
26 19 32 41 22 
28 2
1 18 
18 3
37 22 28 
40 2
39 17 
17 4
27 32 40 24 
39 4
40 48 1 32 
0 4
7 1 33 44 
44 3
16 0 29 
27 4
17 32 1 49 
35 6
19 32 46 14 25 4 
48 5
39 33 24 11 22 
5 2
49 11 
15 3
32 10 1 
4 2
20 35 
49 3
5 32 27 
22 5
14 34 43 48 18 
26 5
34 43 7 1 38 
37 3
18 25 46 
12 2
1 32 
20 4
4 32 1 8 
38 3
7 2 26 
34 5
8 26 22 47 9 
9 2
7 34 
47 2
2 34 
8 2
34 20 
16 3
44 33 36 
