100
39 5
83 40 82 27 50 
50 6
53 43 12 65 7 39 
24 9
42 11 2 61 32 14 53 51 44 
44 6
48 30 73 49 21 24 
93 9
20 90 19 21 53 43 72 76 96 
96 8
31 71 46 61 72 32 55 93 
48 6
90 34 44 38 62 15 
15 6
29 0 23 12 84 48 
97 4
69 59 31 49 
49 6
40 57 95 6 44 97 
78 4
77 99 75 52 
52 4
70 98 66 78 
5 6
95 66 10 87 16 60 
60 6
92 10 89 30 5 19 
82 3
39 54 46 
46 6
57 28 96 38 55 82 
63 5
43 71 59 1 45 
45 6
98 16 54 81 68 63 
42 4
24 7 27 6 
6 5
99 81 35 49 42 
4 7
28 74 9 30 14 89 71 
71 9
96 63 7 67 73 1 59 43 4 
14 4
94 4 24 36 
36 3
59 79 14 
29 5
62 15 81 8 89 
89 8
80 31 4 60 92 70 0 29 
99 4
6 78 8 26 
26 4
21 95 16 99 
8 5
29 85 62 54 99 
41 6
94 22 23 35 84 90 
90 10
93 20 77 0 22 48 75 33 84 41 
9 6
80 27 4 43 72 1 
1 5
20 65 63 71 9 
25 1
81 
81 6
45 91 29 83 6 25 
19 4
59 93 22 60 
30 10
2 38 4 58 44 76 77 40 34 60 
18 4
74 58 23 35 
35 4
21 41 6 18 
80 3
9 89 87 
87 5
5 38 57 43 80 
92 5
60 86 38 89 22 
98 4
52 45 2 94 
94 9
41 72 28 85 73 14 20 98 64 
77 5
68 90 78 33 30 
43 8
50 71 65 93 9 28 63 87 
74 3
4 18 11 
11 6
24 34 69 83 10 74 
13 3
17 2 76 
76 5
93 32 28 30 13 
16 4
5 45 26 20 
20 9
1 62 72 93 73 94 90 40 16 
32 7
64 28 72 76 96 24 23 
23 12
37 21 18 68 3 72 15 0 41 7 17 32 
75 7
58 90 59 78 85 27 31 
31 6
96 97 89 72 83 75 
66 4
5 67 95 52 
53 7
93 91 24 84 50 62 72 
72 12
79 20 31 9 23 32 94 68 93 69 53 96 
65 5
70 43 50 1 3 
3 8
84 17 0 56 58 47 23 65 
7 8
42 79 83 71 23 50 70 33 
33 5
17 85 77 90 7 
70 5
54 89 65 52 7 
22 4
41 19 90 92 
85 6
75 33 8 94 38 95 
95 7
5 66 73 26 49 28 85 
38 9
0 56 87 57 30 48 85 46 92 
17 9
33 40 13 54 91 56 73 23 3 
0 8
28 3 90 89 15 23 38 61 
21 8
10 44 35 26 93 23 40 37 
37 5
23 68 73 21 86 
40 10
30 17 12 61 62 49 47 39 20 21 
88 2
91 67 
67 6
71 59 62 88 79 66 
91 9
17 59 69 81 12 88 54 53 58 
2 6
47 13 30 98 24 84 
84 7
62 41 3 53 15 2 90 
83 7
39 61 7 11 81 31 57 
57 7
46 38 55 87 49 58 83 
69 5
97 86 91 72 11 
68 5
77 37 23 72 45 
55 3
57 46 96 
47 3
2 40 3 
56 5
38 79 17 86 3 
62 9
29 84 53 40 20 8 67 48 28 
28 10
0 95 32 94 62 4 43 51 46 76 
12 5
40 54 50 15 91 
58 6
75 3 18 57 30 91 
54 9
12 45 17 34 64 82 70 91 8 
64 5
34 54 32 94 27 
73 8
95 79 44 17 20 94 37 71 
10 5
5 21 11 60 34 
59 9
86 75 36 19 67 97 91 63 71 
86 5
69 92 56 59 37 
51 2
24 28 
61 5
40 83 24 96 0 
34 6
30 64 48 54 11 10 
27 5
42 9 75 39 64 
79 6
7 72 56 73 67 36 
