30
4 11
0 15 12 21 2 1 3 8 17 28 20 
20 8
25 13 7 17 5 11 24 4 
28 9
23 17 6 11 2 26 15 10 4 
8 6
2 19 7 24 21 4 
3 12
23 5 21 27 17 14 10 16 6 7 25 4 
2 8
0 28 8 22 11 4 25 18 
21 12
11 25 3 1 18 15 29 7 4 8 16 19 
12 10
14 25 26 19 4 23 9 27 18 1 
15 5
26 1 28 21 4 
0 9
6 2 19 29 4 22 5 18 24 
10 7
14 19 3 28 17 11 7 
26 7
11 12 6 15 17 28 9 
11 14
16 25 19 2 26 14 22 9 28 10 27 5 20 21 
6 9
26 0 13 24 3 14 28 22 25 
1 9
16 4 24 21 15 23 22 9 12 
9 9
23 11 18 1 17 12 25 29 26 
22 11
27 23 24 11 2 16 1 18 29 0 6 
18 8
12 19 2 22 21 9 0 13 
16 8
1 3 22 19 25 13 11 21 
24 6
6 1 8 22 20 0 
23 10
3 1 19 12 22 9 28 27 17 7 
17 11
3 4 25 28 9 27 20 19 26 23 10 
27 8
14 22 23 11 17 12 3 5 
25 12
13 12 17 9 21 11 20 16 3 19 2 6 
29 6
22 0 13 19 21 9 
19 15
0 10 25 14 21 16 8 11 18 5 29 23 12 17 7 
13 7
25 6 7 29 20 16 18 
5 6
3 19 0 11 20 27 
7 9
19 13 8 14 20 21 3 10 23 
14 8
12 27 10 7 3 6 19 11 
