30
8 4
16 21 7 19 
19 8
13 28 14 11 16 8 18 29 
7 5
29 3 21 20 8 
21 9
22 8 4 7 10 29 15 18 25 
13 3
19 16 20 
20 9
12 24 11 18 5 17 7 13 25 
16 6
8 13 25 19 22 3 
29 3
7 21 19 
15 6
6 11 21 28 1 26 
26 4
5 28 17 15 
1 2
22 15 
28 6
10 15 19 26 11 6 
25 5
16 20 21 27 17 
17 6
23 26 20 27 9 25 
5 4
26 0 20 11 
11 9
15 0 19 2 20 9 28 27 5 
24 2
20 22 
3 4
7 6 16 10 
22 10
14 6 0 18 1 16 2 21 24 23 
23 3
17 22 12 
2 3
4 11 22 
18 5
20 9 21 22 19 
0 5
12 11 5 22 4 
6 5
15 22 28 14 3 
9 4
12 17 18 11 
12 5
0 20 9 23 4 
10 3
21 28 3 
14 4
22 4 19 6 
27 3
25 17 11 
4 5
14 2 21 12 0 
