100
18 5
34 76 8 10 15 
15 7
4 74 13 57 92 90 18 
8 12
22 23 37 45 91 0 87 27 92 86 49 18 
34 5
12 18 4 39 20 
73 7
88 67 46 60 14 27 1 
1 2
19 73 
27 9
46 8 78 84 21 68 73 98 29 
14 12
73 19 93 56 0 51 60 39 61 28 33 3 
7 11
54 68 84 51 86 77 32 99 9 65 63 
63 4
21 54 68 7 
65 3
25 61 7 
9 8
11 5 96 51 82 7 30 52 
99 6
59 19 39 90 64 7 
32 8
35 4 64 7 84 40 17 31 
77 9
10 6 57 46 79 71 67 19 7 
86 4
30 8 31 7 
51 14
69 71 59 14 10 70 9 7 28 53 62 30 97 52 
84 9
56 19 7 38 61 27 32 24 12 
61 12
17 10 65 95 22 44 66 50 84 14 19 81 
3 3
45 39 14 
33 5
87 95 25 14 67 
28 4
71 51 42 14 
39 8
57 44 56 34 14 3 66 99 
0 7
38 14 93 69 8 36 64 
93 3
41 0 14 
19 7
84 64 61 1 77 99 14 
94 3
26 37 64 
64 12
80 19 26 82 99 32 94 87 0 75 68 60 
37 6
78 31 94 6 8 88 
72 5
36 43 54 62 5 
5 7
69 29 9 75 58 42 72 
62 5
85 40 11 51 72 
54 4
7 63 72 38 
43 8
26 81 20 68 89 78 72 55 
36 8
40 2 59 72 55 0 76 95 
48 5
58 24 75 91 76 
76 8
18 25 20 90 36 82 16 48 
91 6
42 29 8 26 35 48 
75 5
5 48 47 64 59 
59 4
99 36 51 75 
47 3
40 75 69 
69 5
5 17 0 51 47 
38 5
96 84 95 0 54 
23 2
8 40 
40 9
47 62 74 96 44 32 52 36 23 
81 3
43 45 61 
50 4
66 61 97 46 
66 4
50 61 39 68 
44 4
79 61 39 40 
22 9
53 58 52 57 61 42 74 8 96 
95 8
33 45 97 26 87 38 61 36 
80 3
67 64 42 
42 9
91 10 49 21 5 28 82 22 80 
4 4
15 32 34 24 
24 5
48 55 10 84 4 
31 7
88 83 67 26 86 37 32 
17 5
61 49 69 41 32 
16 4
79 68 76 11 
11 4
9 62 35 16 
68 13
21 79 7 13 70 56 63 29 64 43 27 16 66 
82 5
64 42 9 76 92 
92 7
85 56 15 46 8 82 25 
52 5
40 51 22 29 9 
96 4
38 40 9 22 
55 4
24 36 53 43 
53 6
97 41 25 55 22 51 
71 4
28 98 77 51 
97 6
95 41 90 53 51 50 
10 8
18 61 24 77 42 51 26 20 
70 7
30 41 49 51 21 68 83 
30 5
9 70 86 51 26 
20 4
43 76 10 34 
2 3
36 45 58 
58 7
48 12 90 57 22 5 2 
45 8
29 95 3 85 2 81 8 21 
25 6
65 87 53 33 76 92 
46 5
73 77 92 27 50 
12 4
58 88 34 84 
85 4
62 92 45 74 
74 5
15 26 40 22 85 
57 8
39 67 77 15 58 22 88 13 
29 7
45 91 52 5 83 68 27 
13 3
15 68 57 
90 7
78 58 88 15 97 76 99 
41 8
53 17 70 89 60 93 97 26 
26 12
74 31 94 35 43 64 10 91 56 41 95 30 
56 6
84 68 14 92 39 26 
35 4
32 26 91 11 
21 7
68 98 42 63 70 27 45 
98 3
71 21 27 
67 8
6 31 57 73 80 77 79 33 
79 5
77 68 16 44 67 
88 6
31 73 12 90 57 37 
89 3
87 41 43 
87 6
89 25 95 64 33 8 
6 4
67 77 60 37 
83 3
31 29 70 
49 4
17 70 42 8 
78 4
90 37 27 43 
60 5
14 73 6 41 64 
