20
16 6
4 2 19 12 0 15 
15 9
1 13 14 2 0 9 17 6 16 
12 8
19 14 10 4 3 8 16 6 
19 9
2 12 11 10 3 16 14 13 4 
4 11
13 17 10 0 6 16 5 14 12 19 2 
3 14
5 12 14 17 1 0 10 2 19 6 18 11 13 8 
1 5
15 14 18 3 7 
14 10
9 11 15 12 7 6 4 1 3 19 
17 8
9 4 6 15 10 5 3 11 
0 10
4 8 16 11 18 5 3 15 13 7 
10 12
4 12 5 18 3 19 13 7 17 9 11 8 
2 7
19 16 3 15 11 9 4 
6 7
13 4 17 14 15 3 12 
8 8
12 18 3 9 7 11 0 10 
11 11
14 8 3 5 18 19 2 0 10 9 17 
7 8
9 14 8 18 1 5 10 0 
9 9
14 17 5 11 8 7 2 15 10 
18 9
8 3 5 1 0 10 7 13 11 
13 9
4 6 10 15 0 3 18 5 19 
5 10
18 3 4 10 0 11 9 17 13 7 
