50
33 6
29 38 3 1 26 46 
46 8
13 39 45 19 38 5 33 6 
26 10
48 22 30 23 35 5 33 8 11 43 
1 6
20 41 27 6 44 33 
3 6
38 33 36 0 31 11 
34 9
5 41 30 39 15 45 19 17 37 
37 10
29 11 13 42 49 5 18 20 39 34 
17 5
29 7 43 22 34 
19 12
36 41 13 44 46 40 34 21 12 6 47 4 
45 7
46 39 34 41 42 29 21 
15 8
36 23 8 27 31 34 32 2 
39 10
45 23 37 21 11 38 34 14 46 16 
30 17
8 0 23 49 41 10 43 36 18 24 21 20 34 26 14 28 32 
14 6
25 22 30 49 44 39 
44 15
1 18 35 10 27 14 43 4 49 24 13 32 25 19 6 
49 12
44 47 37 14 20 41 48 27 23 30 22 29 
31 5
11 40 5 3 15 
5 12
34 37 26 2 8 46 28 27 31 9 42 47 
40 6
43 19 2 6 12 31 
11 8
9 31 37 0 10 26 3 39 
12 5
19 20 40 9 28 
6 8
40 7 41 19 1 16 44 46 
2 8
4 41 32 5 15 48 24 40 
0 8
11 30 28 4 18 3 20 35 
35 5
26 8 44 48 0 
20 8
37 12 1 30 23 49 0 29 
4 7
42 27 0 2 19 23 44 
22 5
14 26 32 17 49 
43 7
40 30 17 7 44 26 25 
32 8
44 21 13 2 30 22 36 15 
48 7
8 24 21 49 26 35 2 
8 10
42 48 30 23 36 15 26 35 5 18 
27 7
15 4 49 5 1 44 7 
7 6
6 43 17 9 27 21 
21 8
32 38 48 30 19 45 39 7 
24 6
48 44 41 13 30 2 
23 10
30 28 49 4 15 8 39 20 42 26 
13 9
32 19 47 46 44 37 24 9 38 
38 8
21 33 46 41 13 39 3 18 
9 9
10 29 11 7 13 16 5 42 12 
47 5
19 49 13 25 5 
18 8
0 25 38 36 30 37 44 8 
42 7
4 9 8 37 45 23 5 
28 6
0 16 23 30 5 12 
10 6
9 29 25 11 44 30 
25 7
14 18 44 41 47 43 10 
16 4
6 28 9 39 
29 9
41 33 37 10 17 9 45 49 20 
41 13
29 34 6 49 24 38 25 1 19 2 45 30 36 
36 8
19 15 30 8 18 3 32 41 
