30
5 4
22 0 3 16 
16 10
21 6 10 23 20 9 27 3 5 13 
3 6
19 5 16 28 24 12 
13 6
12 21 27 1 18 16 
18 3
15 2 13 
27 8
20 11 24 13 1 12 16 4 
29 4
19 20 25 8 
8 5
22 1 20 7 29 
25 6
1 26 2 29 4 28 
20 7
27 29 24 2 16 8 4 
15 6
14 23 1 18 0 10 
10 7
16 12 21 24 0 15 6 
0 6
5 15 10 4 19 23 
4 7
23 7 0 25 20 9 27 
12 7
13 6 10 11 14 27 3 
1 9
15 25 13 8 26 19 2 27 17 
24 7
6 27 20 3 10 2 26 
2 7
24 28 20 14 18 1 25 
14 4
15 12 2 22 
22 6
8 5 11 21 28 14 
26 5
1 25 24 17 28 
28 7
6 22 2 26 25 3 9 
11 5
27 21 22 12 6 
6 7
28 16 12 10 21 24 11 
19 4
3 1 29 0 
9 6
4 7 23 17 28 16 
17 4
26 23 9 1 
21 7
6 10 16 11 22 13 7 
23 6
4 16 9 17 15 0 
7 4
9 4 8 21 
