100
14 5
32 49 64 88 39 
39 2
99 14 
88 2
14 36 
36 2
4 88 
68 3
72 5 46 
46 5
55 12 25 8 68 
75 3
55 41 37 
37 4
44 7 31 75 
17 3
59 19 13 
13 3
65 69 17 
19 5
55 33 84 59 17 
87 2
45 85 
85 2
34 87 
60 1
56 
56 5
55 22 83 92 60 
42 3
69 12 96 
96 4
26 28 22 42 
23 1
90 
90 5
22 23 92 11 54 
99 5
30 27 35 16 39 
73 1
25 
25 3
31 46 73 
94 2
6 74 
74 3
20 1 94 
77 1
24 
24 2
53 77 
41 3
54 75 52 
52 2
33 41 
9 1
64 
64 3
14 62 9 
97 4
54 93 78 48 
48 4
0 12 97 26 
4 2
66 36 
28 4
61 96 82 51 
51 2
22 28 
0 3
95 48 92 
92 4
90 56 0 57 
91 2
2 76 
76 2
3 91 
2 2
55 91 
71 1
95 
95 3
0 55 71 
26 2
96 48 
12 5
67 42 58 46 48 
66 2
6 4 
93 4
86 97 33 79 
79 2
31 93 
33 7
19 35 93 40 1 63 52 
82 3
28 61 62 
62 4
89 64 82 45 
70 2
81 29 
29 3
34 89 70 
6 4
94 49 72 66 
63 2
33 49 
49 4
14 6 63 58 
1 4
33 72 78 74 
34 4
29 57 7 85 
7 5
50 61 37 21 34 
57 2
34 92 
45 3
87 98 62 
31 9
37 44 79 25 72 38 61 3 43 
43 1
31 
3 3
76 35 31 
61 5
82 7 28 31 10 
38 2
31 67 
72 4
68 1 6 31 
67 3
12 58 38 
50 3
7 22 89 
89 3
50 62 29 
22 6
40 90 50 96 51 56 
59 2
17 19 
8 1
46 
35 7
3 33 44 55 99 53 86 
86 3
93 35 81 
53 2
35 24 
44 3
31 35 37 
78 3
97 1 65 
65 2
13 78 
55 10
75 35 19 2 56 15 98 46 18 95 
10 2
84 61 
27 2
99 69 
69 4
42 13 40 27 
40 6
33 30 22 20 69 5 
98 3
45 55 80 
80 2
98 30 
5 2
68 40 
20 2
74 40 
15 1
55 
30 4
99 40 80 47 
58 3
67 12 49 
47 1
30 
84 2
10 19 
21 1
7 
18 1
55 
81 2
70 86 
54 3
97 41 90 
11 2
90 32 
32 2
14 11 
16 1
99 
83 1
56 
