30
20 9
4 13 24 21 11 26 17 3 1 
1 7
25 16 21 17 26 14 20 
15 3
27 19 29 
29 7
7 9 16 25 6 10 15 
19 5
24 13 12 10 15 
13 6
19 20 22 0 21 11 
11 7
0 20 22 12 4 13 24 
21 12
12 20 22 6 2 1 3 18 13 27 17 28 
12 5
21 11 3 19 0 
28 2
5 21 
9 8
25 29 7 8 16 26 17 14 
14 4
16 1 18 9 
17 8
1 20 21 7 6 9 0 10 
26 8
10 4 20 3 1 27 9 25 
22 6
13 24 11 21 16 6 
6 6
2 21 17 29 7 22 
10 6
29 18 26 19 16 17 
0 6
11 3 17 23 13 12 
3 7
0 20 21 2 26 12 7 
7 6
29 9 17 3 6 8 
16 9
14 22 29 10 27 9 1 5 4 
4 4
20 26 11 16 
5 5
28 2 24 8 16 
18 5
8 2 14 10 21 
2 7
6 25 5 18 3 23 21 
23 2
0 2 
25 5
1 9 29 2 26 
8 4
9 7 18 5 
27 5
16 26 15 21 24 
24 6
19 20 22 5 11 27 
