50
29 5
13 14 34 20 43 
43 3
37 36 29 
22 5
36 46 49 15 40 
40 2
17 22 
36 4
22 0 38 43 
18 4
47 0 44 24 
24 5
10 8 13 4 18 
16 4
49 21 25 38 
38 9
6 19 5 21 25 7 9 36 16 
47 3
18 21 0 
0 6
18 23 36 42 14 47 
4 3
12 10 24 
31 2
23 19 
19 10
6 38 14 23 30 48 31 37 21 3 
8 5
49 27 21 24 5 
5 6
11 38 17 41 33 8 
20 6
21 12 29 2 3 1 
1 9
7 12 37 23 10 49 33 39 20 
9 5
33 41 35 2 38 
10 6
23 24 2 1 41 4 
33 5
42 9 45 5 1 
28 2
25 34 
34 4
11 29 35 28 
41 6
9 30 5 2 10 6 
6 4
39 19 38 41 
2 5
9 20 10 41 26 
7 4
1 17 23 38 
13 5
29 30 37 24 39 
39 6
1 6 12 25 13 15 
15 7
27 22 49 39 46 44 12 
12 5
1 39 20 4 15 
44 3
42 18 15 
42 6
44 33 0 27 17 14 
14 5
25 19 42 29 0 
17 6
7 30 25 5 42 40 
49 7
32 22 16 8 15 25 1 
25 9
16 37 28 17 35 14 39 49 38 
11 3
5 34 26 
26 2
2 11 
35 5
9 27 48 25 34 
30 7
13 41 19 45 17 27 32 
46 4
22 32 15 27 
27 7
15 35 37 42 30 8 46 
3 2
20 19 
21 7
37 47 20 16 8 38 19 
37 7
21 13 25 43 1 27 19 
48 3
35 19 23 
23 7
7 0 10 19 1 31 48 
32 3
49 46 30 
45 2
33 30 
