100
54 4
22 66 90 45 
45 7
32 82 6 66 96 54 30 
90 7
55 2 72 54 8 70 65 
66 3
45 63 54 
22 5
36 61 54 37 15 
61 2
22 41 
41 3
7 29 61 
38 2
85 7 
7 6
41 71 78 82 23 38 
85 5
38 14 40 70 74 
64 2
74 55 
55 4
90 0 47 64 
74 6
64 39 70 0 33 85 
63 7
26 69 88 66 68 43 60 
60 5
35 18 13 44 63 
43 7
3 83 63 91 87 50 13 
68 2
72 63 
88 8
16 46 1 5 40 93 63 9 
69 2
8 63 
26 4
92 63 93 73 
77 2
93 1 
1 6
23 88 57 33 93 77 
93 8
5 18 1 77 26 31 88 56 
25 3
99 48 95 
95 3
73 17 25 
48 4
75 49 36 25 
99 6
25 96 89 94 79 51 
23 5
7 94 1 40 0 
0 6
42 59 74 23 2 55 
40 5
96 88 23 97 85 
94 8
24 78 11 23 9 34 99 72 
44 5
60 33 12 67 59 
13 3
60 20 43 
18 6
30 81 93 60 39 15 
35 3
9 31 60 
97 9
78 57 52 40 14 31 28 19 10 
96 7
45 17 29 40 20 99 57 
34 4
17 94 84 33 
33 6
19 1 44 74 89 34 
84 2
76 34 
17 7
95 10 15 34 98 28 96 
2 3
90 98 0 
98 2
17 2 
3 3
43 20 27 
27 4
50 89 31 3 
20 6
3 91 86 53 96 13 
47 4
6 55 89 42 
62 2
67 50 
50 3
27 43 62 
67 3
62 91 44 
79 2
31 99 
31 7
8 79 93 97 35 89 27 
56 4
59 93 73 80 
80 2
76 56 
73 3
95 56 26 
59 3
56 0 44 
53 3
20 86 16 
16 4
15 65 88 53 
86 4
20 15 53 8 
11 3
76 8 94 
8 6
46 69 11 90 31 86 
76 4
80 84 11 14 
65 2
16 90 
70 3
85 74 90 
72 3
68 90 94 
15 6
16 18 32 22 86 17 
91 5
52 49 43 67 20 
49 4
21 48 9 91 
9 6
35 88 49 94 29 12 
21 2
49 42 
39 2
74 18 
5 3
93 81 88 
46 4
8 88 4 92 
42 3
0 47 21 
92 3
4 26 46 
14 4
85 97 24 76 
24 2
94 14 
36 3
22 32 48 
32 4
45 15 36 57 
78 3
97 94 7 
37 3
22 89 81 
28 4
87 12 17 97 
10 2
17 97 
75 2
48 58 
58 3
57 12 75 
82 2
7 45 
89 7
47 37 27 31 33 99 57 
57 7
58 97 1 32 89 71 96 
71 2
7 57 
4 2
92 46 
12 4
28 9 58 44 
29 3
96 9 41 
19 3
51 33 97 
52 2
91 97 
30 2
18 45 
6 2
47 45 
81 3
18 5 37 
87 2
28 43 
83 2
51 43 
51 3
83 19 99 
