20
2 7
1 18 0 13 6 8 16 
16 11
9 7 11 15 0 1 3 5 18 14 2 
6 5
7 15 3 11 2 
13 9
4 0 12 1 3 18 7 19 2 
5 7
4 16 7 0 15 9 12 
12 11
14 17 9 4 10 11 8 13 1 3 5 
10 10
14 7 12 11 17 9 19 3 1 15 
15 7
14 6 17 16 8 5 10 
1 13
2 18 14 4 16 8 9 17 12 7 13 11 10 
7 9
10 14 6 19 16 3 1 5 13 
18 4
2 1 16 13 
3 7
4 16 6 10 12 7 13 
0 10
5 19 2 4 13 16 8 17 9 14 
9 7
16 12 17 1 5 10 0 
14 9
12 19 7 1 16 10 15 0 4 
17 7
12 8 9 1 10 15 0 
8 7
17 11 1 2 12 15 0 
11 7
10 8 16 12 6 1 19 
19 6
14 7 13 0 10 11 
4 7
12 3 5 1 0 13 14 
