50
24 5
41 23 30 31 45 
45 8
19 42 4 49 43 29 33 24 
31 9
16 26 14 32 29 30 22 18 24 
30 8
0 27 31 24 21 40 26 35 
18 9
33 16 28 31 43 6 29 41 12 
12 11
9 27 19 22 36 40 15 44 4 18 5 
41 8
36 16 24 11 49 2 18 15 
29 10
48 31 27 46 44 26 45 18 4 49 
6 12
11 16 33 5 18 7 47 43 42 36 20 32 
43 14
40 45 28 18 3 8 36 23 6 25 32 14 47 21 
16 10
31 4 23 6 32 41 18 0 14 38 
33 6
23 27 18 6 45 44 
44 10
49 27 21 1 15 29 12 40 7 33 
4 8
5 16 29 10 45 2 12 28 
28 5
18 1 13 43 4 
2 7
39 5 42 4 7 41 32 
5 9
4 22 7 2 6 10 15 12 46 
46 8
38 29 23 22 1 5 26 32 
15 10
36 44 10 38 12 26 37 21 5 41 
37 4
40 22 15 25 
25 6
0 10 7 43 37 1 
22 9
49 5 32 12 46 8 37 35 31 
40 11
43 13 12 37 21 0 30 48 9 44 26 
9 6
12 7 48 40 49 47 
47 8
19 43 14 6 10 0 48 9 
48 7
47 40 29 21 11 9 3 
7 11
49 6 32 5 3 2 26 9 27 25 44 
20 6
39 0 42 3 1 6 
1 7
28 44 46 14 39 20 25 
42 6
49 45 2 6 20 38 
0 8
20 40 25 30 23 47 16 19 
10 9
5 8 15 32 4 47 38 25 11 
32 10
22 43 7 31 16 46 10 35 2 6 
49 11
9 42 44 39 22 23 45 26 7 41 29 
11 5
6 3 41 48 10 
36 7
15 17 41 12 6 43 39 
13 4
40 14 28 35 
19 8
47 26 45 12 14 0 8 17 
23 9
24 33 46 8 16 0 49 43 14 
17 3
36 27 19 
27 9
21 44 33 30 12 39 7 17 29 
26 10
30 19 31 7 29 15 46 49 39 40 
21 9
27 48 43 44 38 30 34 40 15 
35 5
14 32 30 22 13 
14 11
47 43 31 39 13 35 19 16 23 1 3 
8 7
39 10 43 38 23 22 19 
39 10
8 49 1 20 14 34 27 2 26 36 
3 6
11 7 43 20 14 48 
38 8
21 10 15 46 8 16 42 34 
34 3
21 39 38 
