30
18 7
10 9 6 24 4 26 16 
16 9
0 28 9 4 19 11 8 1 18 
26 8
13 2 22 14 12 5 18 15 
4 13
21 3 1 18 8 16 15 10 0 13 22 23 2 
24 14
12 19 2 29 27 5 18 3 1 17 28 7 21 20 
6 4
18 0 10 13 
29 4
0 24 9 13 
13 12
26 23 28 9 27 20 4 21 0 29 6 12 
9 12
22 21 25 16 13 15 29 5 18 1 28 17 
0 8
16 29 15 10 6 2 4 13 
12 10
10 23 20 24 21 27 28 17 26 13 
21 12
4 9 17 25 15 2 23 12 11 24 7 13 
20 10
12 22 17 27 7 13 11 24 14 1 
27 7
17 12 24 20 14 25 13 
15 8
4 21 9 25 0 10 26 14 
14 7
25 26 28 27 20 5 15 
10 10
12 8 18 3 1 0 15 28 6 4 
25 10
14 19 2 21 11 23 15 9 27 28 
19 5
25 16 24 1 28 
28 10
16 13 9 23 14 12 24 10 19 25 
1 11
16 7 3 2 19 24 11 4 9 20 10 
2 10
26 25 23 24 21 0 17 5 1 4 
23 10
12 13 2 25 28 17 4 21 11 8 
8 8
17 10 4 3 22 23 7 16 
3 8
4 10 24 11 1 5 8 22 
7 8
20 5 1 21 24 11 17 8 
22 7
11 9 4 26 20 8 3 
11 10
25 20 16 17 1 3 21 22 23 7 
5 7
9 26 2 7 14 3 24 
17 11
8 20 2 7 21 11 24 12 23 27 9 
