50
8 3
45 18 17 
17 2
31 8 
12 1
35 
35 4
41 28 43 12 
44 2
24 31 
31 8
23 4 5 17 48 6 7 44 
13 1
36 
36 2
37 13 
22 1
20 
20 2
29 22 
43 2
26 35 
11 1
47 
47 2
48 11 
39 2
42 18 
18 3
8 29 39 
32 2
0 5 
5 4
31 0 32 21 
26 3
43 29 10 
10 1
26 
29 7
23 46 18 41 20 45 26 
42 2
39 19 
19 3
30 25 42 
49 1
24 
24 5
44 23 9 38 49 
25 1
19 
2 1
23 
23 7
31 28 24 37 33 29 2 
45 2
8 29 
41 3
35 4 29 
46 3
9 29 15 
15 3
14 46 3 
3 1
15 
21 2
5 27 
0 3
32 5 14 
33 1
23 
37 4
16 23 36 1 
1 2
37 34 
38 1
24 
9 2
46 24 
4 3
41 31 30 
30 3
4 19 40 
40 1
30 
14 2
15 0 
7 1
31 
6 1
31 
48 3
31 16 47 
34 1
1 
27 1
21 
28 2
23 35 
16 2
37 48 
