100
51 3
5 97 31 
31 6
55 21 37 4 43 51 
78 2
1 21 
21 7
57 2 6 82 31 47 78 
92 1
72 
72 5
2 65 0 90 92 
91 1
77 
77 7
32 76 8 23 20 27 91 
64 2
81 19 
19 4
83 2 69 64 
81 4
97 0 87 64 
93 2
47 53 
53 3
4 94 93 
4 4
31 68 53 25 
25 6
42 9 7 60 40 4 
23 5
11 17 77 67 20 
20 7
86 76 80 26 5 77 23 
36 1
52 
52 6
74 68 11 29 34 36 
22 2
0 43 
43 7
31 69 5 86 62 89 22 
85 2
90 12 
12 4
33 7 74 85 
34 1
52 
87 1
81 
42 7
25 95 24 13 55 40 8 
8 4
57 48 77 42 
40 5
45 48 88 25 42 
46 3
48 56 30 
30 4
18 86 38 46 
56 3
70 39 46 
37 2
65 31 
63 6
61 76 27 68 32 13 
13 2
42 63 
32 4
77 50 88 63 
33 5
57 58 68 12 98 
98 3
38 2 33 
6 3
11 21 65 
65 6
39 37 80 72 94 6 
15 1
79 
79 2
60 15 
28 2
76 45 
45 4
40 50 88 28 
70 3
47 56 38 
38 6
26 98 30 29 70 9 
66 2
76 10 
10 4
50 82 11 66 
2 6
21 72 19 69 29 98 
83 3
19 17 88 
88 6
54 86 40 32 45 83 
29 4
2 99 38 52 
57 4
21 33 8 75 
75 3
5 84 57 
97 5
51 80 94 81 39 
39 5
71 65 97 14 56 
94 5
9 65 97 59 53 
80 5
20 86 65 3 97 
61 4
63 67 90 59 
59 3
1 94 61 
9 5
94 55 89 25 38 
74 4
49 52 3 12 
7 4
25 95 3 12 
60 4
25 99 5 79 
44 4
62 16 0 84 
84 3
99 75 44 
27 3
63 77 55 
55 5
42 31 9 27 50 
11 5
6 23 52 10 90 
82 4
86 10 21 54 
54 3
88 26 82 
69 6
43 19 26 67 2 76 
86 9
20 30 88 80 26 82 47 43 17 
3 5
35 74 80 7 71 
0 4
22 81 44 72 
99 6
60 29 84 47 58 95 
95 3
42 7 99 
58 4
14 99 33 96 
17 5
23 83 18 86 24 
24 2
42 17 
18 4
90 30 17 16 
16 4
14 44 76 18 
73 1
26 
26 8
38 54 86 69 73 20 68 1 
96 2
89 58 
49 3
74 47 76 
76 9
20 66 63 77 28 69 16 41 49 
67 4
61 23 69 68 
90 5
18 85 61 72 11 
14 3
58 16 39 
5 5
51 43 75 20 60 
50 4
45 10 32 55 
71 4
39 62 3 48 
62 3
44 71 43 
89 3
9 96 43 
1 4
78 59 26 35 
47 6
99 49 86 70 93 21 
41 1
76 
68 6
4 33 52 63 26 67 
48 4
40 46 8 71 
35 2
3 1 
