30
5 6
2 23 3 13 7 24 
24 4
10 27 13 5 
4 8
1 15 0 16 11 17 26 12 
12 8
3 14 2 19 21 29 10 4 
26 3
3 0 4 
17 2
19 4 
11 3
20 23 4 
16 5
4 20 9 19 18 
18 6
20 28 9 29 8 16 
19 6
12 20 17 16 29 0 
9 5
10 15 18 13 16 
27 3
24 20 2 
2 6
29 12 5 20 27 25 
10 5
24 9 25 12 3 
3 8
12 5 21 26 13 10 29 28 
7 2
5 22 
22 3
6 13 7 
28 5
0 20 1 18 3 
13 11
8 25 20 14 23 22 5 3 9 15 24 
1 4
28 4 25 14 
14 3
12 13 1 
0 4
4 28 26 19 
23 6
6 5 8 13 11 21 
15 3
4 9 13 
20 8
11 16 18 28 27 19 2 13 
29 8
12 2 19 25 18 3 8 6 
6 3
23 22 29 
8 4
13 23 18 29 
21 3
12 3 23 
25 5
1 29 10 13 2 
