30
27 7
16 18 17 28 15 10 7 
7 6
20 8 19 25 28 27 
10 7
25 22 27 9 19 26 12 
9 12
6 25 2 29 10 17 18 1 24 11 16 8 
8 9
24 23 4 7 6 26 15 17 9 
11 9
6 21 12 25 29 15 9 14 20 
1 7
14 15 22 24 25 9 4 
18 9
23 15 21 24 5 27 9 13 6 
17 8
0 8 24 12 23 27 9 13 
29 7
22 26 13 4 9 11 16 
2 4
21 15 9 14 
4 8
8 15 29 26 19 3 1 24 
25 10
9 14 10 3 1 13 7 26 21 11 
24 7
8 17 9 0 18 1 4 
22 10
16 29 10 14 1 3 26 19 13 28 
15 10
4 26 2 27 8 18 3 1 11 6 
28 5
21 7 27 23 22 
13 13
21 29 0 26 19 20 3 18 5 12 25 22 17 
19 8
10 3 14 4 7 13 23 22 
26 12
5 14 13 6 4 8 25 23 22 15 29 10 
3 8
6 4 25 19 0 15 13 22 
12 6
17 21 11 23 13 10 
23 9
8 26 19 20 17 28 12 18 5 
20 5
23 7 13 21 11 
5 6
26 18 13 21 0 23 
16 5
22 9 27 0 29 
6 8
11 9 26 8 0 15 3 18 
14 8
1 25 0 22 26 19 2 11 
21 9
12 25 2 28 20 13 11 18 5 
0 8
17 14 13 6 16 24 3 5 
