100
73 3
65 30 72 
72 4
54 51 67 73 
30 7
11 81 73 74 31 94 76 
65 10
41 51 4 83 1 25 54 97 73 31 
45 2
15 75 
75 7
18 7 40 47 81 45 89 
15 5
35 45 13 58 12 
57 11
54 90 98 20 31 32 82 78 11 18 7 
7 4
75 60 3 57 
18 4
75 39 24 57 
11 4
41 68 30 57 
82 3
62 32 57 
32 8
41 8 82 47 22 57 63 87 
31 13
65 30 57 91 56 84 59 67 81 35 66 25 61 
20 5
97 64 53 25 57 
98 2
66 57 
90 6
84 57 93 58 60 34 
61 4
89 47 31 27 
25 7
20 62 78 17 31 65 43 
66 10
98 2 87 68 38 31 78 37 49 95 
35 9
64 15 97 28 31 80 89 62 54 
81 9
67 30 55 6 12 75 31 85 33 
59 6
22 51 58 38 31 97 
84 6
63 31 97 90 92 51 
56 3
42 83 31 
91 5
71 9 31 39 86 
86 5
60 50 70 87 91 
39 4
76 18 92 91 
87 7
86 10 66 68 32 74 79 
79 6
64 23 60 21 24 87 
74 6
30 47 5 3 6 87 
68 8
51 11 78 99 9 42 66 87 
10 3
4 87 37 
89 7
14 61 62 8 97 35 75 
47 8
19 88 32 61 74 27 75 34 
64 10
8 79 3 38 20 14 40 35 26 63 
63 6
84 3 12 32 27 64 
26 4
49 64 83 21 
40 5
78 75 14 64 16 
14 7
89 40 38 62 58 64 53 
38 6
64 43 14 44 66 59 
44 3
77 38 85 
43 7
69 93 25 38 88 1 3 
27 6
23 83 63 96 47 61 
12 9
13 28 50 97 69 19 81 63 15 
58 9
9 8 34 90 14 24 59 0 15 
13 5
12 3 15 93 53 
76 5
93 53 34 39 30 
94 3
51 21 30 
51 11
72 94 68 48 46 65 95 52 23 59 84 
92 5
3 37 84 34 39 
97 9
20 12 70 65 35 89 84 59 50 
0 6
78 54 28 85 36 58 
24 8
95 41 33 34 18 83 79 58 
8 12
32 89 88 95 83 64 58 77 2 93 67 9 
83 10
65 60 27 54 71 24 56 46 8 26 
60 8
83 7 37 90 86 77 79 99 
6 3
74 48 81 
48 6
46 51 36 22 77 6 
33 4
22 28 24 81 
19 4
47 29 12 34 
69 4
43 37 12 67 
50 4
99 86 12 97 
42 5
56 70 68 28 85 
85 10
78 17 93 81 0 70 41 4 42 44 
70 4
97 86 42 85 
9 4
58 91 68 8 
34 9
76 95 24 92 90 19 1 58 47 
93 10
43 23 13 85 5 76 8 16 90 54 
36 5
49 5 0 48 99 
99 5
50 28 68 36 60 
5 6
16 74 54 36 95 93 
49 5
71 26 36 66 29 
29 3
88 19 49 
52 2
21 51 
21 5
79 94 52 16 26 
16 6
5 80 21 71 93 40 
71 4
91 49 83 16 
80 3
78 16 35 
96 3
27 88 95 
95 10
17 28 24 34 51 8 96 3 66 5 
3 8
63 95 13 7 92 74 64 43 
88 5
29 8 96 47 43 
54 8
72 0 83 5 35 93 57 65 
28 9
99 33 42 12 95 23 35 2 0 
17 7
85 4 46 2 95 25 1 
1 4
43 65 34 17 
23 6
46 79 27 28 93 51 
46 6
23 17 48 83 51 53 
77 4
60 48 44 8 
22 5
32 33 59 37 48 
4 5
65 10 78 17 85 
78 9
80 40 0 85 57 4 25 66 68 
53 5
20 14 76 46 13 
2 5
8 66 17 28 55 
41 5
32 65 11 24 85 
67 5
31 72 81 69 8 
37 7
62 92 60 22 69 66 10 
55 2
81 2 
62 6
35 82 37 89 25 14 
