30
12 7
14 11 28 13 7 25 5 
5 11
21 16 13 18 4 10 15 27 28 6 12 
25 8
1 13 14 12 17 8 16 10 
7 4
14 29 12 2 
20 7
16 4 3 1 18 27 26 
26 14
18 17 2 29 10 16 3 0 1 22 19 6 20 21 
27 11
22 2 6 21 5 3 20 8 16 0 10 
4 14
18 16 24 19 6 5 10 29 9 1 0 22 21 20 
9 7
28 2 0 29 3 8 4 
19 9
17 26 13 11 14 8 16 4 18 
16 14
20 4 28 27 26 19 25 29 13 0 22 23 24 5 
24 8
13 16 8 4 3 1 0 10 
21 13
11 8 14 6 2 26 5 1 4 17 28 27 0 
11 7
21 3 12 19 14 23 28 
28 13
9 2 12 10 15 29 0 16 21 11 1 5 22 
23 5
16 13 11 10 1 
18 9
4 13 22 3 5 20 29 26 19 
29 13
0 13 7 4 6 14 18 17 9 28 16 8 26 
10 12
6 0 13 4 5 1 23 26 24 28 27 25 
3 11
8 15 22 20 18 11 24 26 17 9 27 
6 10
21 10 15 29 0 26 4 8 27 5 
8 13
13 3 14 6 21 24 19 2 27 9 22 25 29 
1 12
25 4 28 13 20 2 26 10 15 21 24 23 
15 6
6 2 28 3 5 1 
22 8
3 18 4 26 16 8 27 28 
13 14
8 10 29 16 23 12 18 5 0 1 24 25 19 17 
0 12
4 29 10 6 16 9 27 28 26 24 21 13 
2 10
21 1 15 9 28 27 14 8 26 7 
17 8
21 13 29 3 25 19 26 14 
14 10
8 12 7 25 29 21 11 19 2 17 
