50
19 7
43 29 34 14 44 28 24 
24 11
4 23 9 14 38 37 11 33 26 19 2 
28 8
29 38 17 36 46 35 19 4 
44 6
19 25 10 29 0 15 
25 11
6 49 36 30 31 15 0 44 35 7 12 
12 8
16 35 31 3 0 15 49 25 
7 11
6 34 0 29 37 21 45 17 36 22 25 
35 14
20 43 36 25 5 1 17 28 48 11 27 41 6 12 
0 14
31 2 44 10 29 15 18 23 32 25 30 46 7 12 
31 14
34 5 47 1 0 15 11 48 25 37 26 2 33 12 
30 8
32 20 0 25 13 41 8 36 
36 13
6 37 29 1 43 25 48 28 27 35 23 30 7 
2 6
13 43 31 0 24 33 
33 9
5 1 26 2 48 31 11 24 39 
15 11
25 49 0 5 48 31 17 21 12 34 44 
49 15
20 22 25 12 39 18 26 43 4 38 8 27 10 40 15 
3 7
10 14 17 48 37 12 1 
1 11
41 23 36 33 6 35 47 43 9 31 3 
11 9
13 35 29 24 33 8 16 31 4 
47 5
38 1 9 31 43 
48 17
33 32 6 31 9 26 35 15 13 29 8 38 3 5 36 43 34 
26 14
21 24 37 6 49 31 41 42 27 18 48 16 8 33 
13 9
6 39 20 30 2 45 48 11 37 
37 12
26 36 32 21 24 3 31 17 42 41 7 13 
45 8
10 20 27 16 13 7 32 22 
4 8
10 32 49 39 27 28 24 11 
27 13
32 20 14 39 42 38 22 36 35 45 26 4 49 
39 8
40 13 27 29 4 43 49 33 
42 5
27 8 5 26 37 
17 12
35 3 5 20 34 40 7 32 28 9 15 37 
20 11
49 17 27 30 22 18 13 32 45 35 38 
38 10
29 10 24 27 28 48 41 47 49 20 
32 13
0 30 23 27 48 17 37 21 45 20 34 4 43 
29 14
38 0 21 11 48 44 28 7 46 16 23 36 39 19 
21 11
26 37 22 41 7 5 32 15 29 43 9 
41 10
14 1 6 21 37 35 26 38 30 46 
46 6
29 0 28 22 14 41 
14 10
10 41 27 19 40 24 3 23 22 46 
22 11
49 27 21 8 46 18 20 14 7 23 45 
10 12
18 3 45 38 4 49 14 34 40 0 44 16 
16 7
12 43 45 26 11 29 10 
40 6
39 14 10 17 9 49 
43 13
16 39 48 36 23 49 47 1 21 32 19 2 35 
6 10
36 25 7 41 13 1 18 35 26 48 
23 9
1 24 29 0 14 32 36 22 43 
34 9
7 19 32 31 17 48 9 10 15 
18 8
8 20 10 0 49 6 26 22 
8 9
42 11 48 49 22 30 26 18 5 
5 9
42 35 31 17 48 15 21 33 8 
9 8
1 47 34 40 48 17 24 21 
