100
91 4
72 73 60 23 
23 8
13 46 25 1 4 47 29 91 
14 7
89 35 97 69 50 7 51 
51 5
70 97 7 11 14 
82 6
13 32 25 54 49 2 
2 7
90 95 78 33 46 85 82 
49 6
77 19 70 15 82 1 
1 7
71 85 44 54 23 81 49 
87 6
97 22 76 84 71 20 
20 4
80 40 15 87 
25 3
82 23 27 
27 5
13 4 44 46 25 
47 6
58 92 98 33 16 23 
39 6
69 81 93 74 28 41 
41 7
29 11 30 81 69 93 39 
61 6
50 71 5 67 81 16 
16 6
93 98 90 57 47 61 
38 3
56 36 46 
46 7
23 70 2 77 42 38 27 
5 4
15 56 61 72 
72 8
91 40 43 78 89 35 66 5 
88 3
35 15 13 
13 11
15 21 82 55 48 27 79 26 81 23 88 
53 3
4 71 19 
19 9
83 8 0 56 42 73 26 49 53 
63 3
73 95 62 
62 8
93 81 37 58 85 65 52 63 
68 5
90 0 29 94 9 
9 6
0 64 43 42 54 68 
34 6
52 29 42 89 71 18 
18 5
50 26 44 90 34 
86 3
73 76 96 
96 4
75 79 32 86 
15 10
13 48 93 54 88 5 89 49 32 20 
40 4
20 72 67 81 
81 12
69 85 48 62 61 41 13 99 70 39 40 1 
73 9
19 22 63 91 92 86 83 7 17 
17 6
7 79 28 35 93 73 
75 3
59 96 44 
44 11
64 99 89 37 66 1 18 97 35 27 75 
77 4
32 46 49 64 
64 7
44 66 71 9 80 36 77 
48 4
15 13 81 79 
79 10
60 26 96 76 80 13 57 95 17 48 
54 7
95 15 99 82 1 21 9 
36 5
60 38 52 33 64 
33 5
78 76 2 47 36 
52 5
66 34 92 36 62 
78 5
72 33 2 97 90 
90 6
2 16 68 3 18 78 
97 15
42 4 51 14 26 6 32 0 87 78 89 31 44 24 83 
59 2
75 66 
66 12
52 98 44 99 83 72 64 43 67 69 37 59 
50 4
61 14 18 95 
95 10
2 35 12 79 60 54 50 63 56 29 
67 5
66 61 40 8 76 
76 7
33 87 86 26 67 79 65 
24 5
11 84 97 69 7 
7 7
17 93 73 14 32 51 24 
28 6
58 30 39 83 17 84 
84 7
42 35 10 87 24 98 28 
83 11
98 19 73 97 31 85 28 71 3 66 12 
93 8
62 16 15 39 17 32 7 41 
85 5
62 1 83 81 2 
56 5
38 55 19 5 95 
80 4
29 20 64 79 
10 6
12 84 60 4 8 74 
74 6
39 65 11 37 3 10 
35 8
14 17 84 88 95 72 44 94 
37 4
66 62 74 44 
89 8
34 14 15 72 11 31 97 44 
29 8
32 80 41 68 60 34 23 95 
99 6
54 44 66 57 6 81 
12 3
10 95 83 
32 9
77 82 71 7 97 93 29 15 96 
45 2
3 92 
92 5
73 26 45 52 47 
57 5
16 79 99 71 11 
11 8
74 41 24 21 89 51 30 57 
31 4
4 89 97 83 
42 9
84 34 26 19 97 46 9 65 22 
4 7
53 22 23 10 31 27 97 
26 10
42 79 13 18 69 97 19 92 76 58 
6 3
99 97 21 
0 4
68 9 19 97 
21 4
11 13 54 6 
58 5
28 60 62 47 26 
22 4
4 73 87 42 
98 5
16 66 83 84 47 
71 9
57 61 64 53 32 87 34 1 83 
3 6
45 60 90 83 74 8 
65 4
62 74 42 76 
69 7
39 14 41 26 81 24 66 
60 9
79 3 58 10 91 29 36 95 55 
70 4
46 49 51 81 
43 3
72 9 66 
55 3
56 13 60 
8 4
19 67 10 3 
94 2
68 35 
30 3
28 41 11 
