100
12 5
2 97 57 88 44 
44 6
20 77 79 12 9 86 
88 10
54 81 3 79 12 76 16 28 21 15 
57 4
96 83 12 29 
25 4
76 73 24 31 
31 6
13 28 64 70 67 25 
24 5
26 15 89 8 25 
73 9
41 15 25 61 92 90 39 19 67 
65 5
54 81 30 90 92 
92 5
73 36 65 61 98 
30 7
90 98 39 65 63 61 82 
7 3
43 23 28 
28 6
31 18 78 64 88 7 
23 8
56 76 96 14 7 80 19 75 
87 3
80 64 58 
58 3
18 37 87 
64 9
40 32 31 75 28 61 68 83 87 
80 10
49 98 77 63 87 26 23 27 3 68 
67 6
31 18 94 10 63 73 
39 7
37 82 8 30 52 19 73 
61 11
48 53 64 30 73 45 82 55 68 40 92 
6 4
18 72 38 20 
20 6
44 75 85 77 6 91 
38 5
48 6 0 68 66 
33 2
16 5 
5 5
90 54 35 93 33 
16 11
42 33 51 95 88 45 89 78 21 71 0 
74 4
21 90 13 32 
32 7
82 91 42 64 18 50 74 
13 8
79 76 55 31 74 84 11 45 
45 11
89 82 15 61 8 16 27 93 53 13 95 
11 3
13 78 34 
55 4
81 96 13 61 
51 4
56 85 16 82 
82 12
32 39 1 83 66 45 97 61 63 4 51 30 
85 7
84 8 20 98 72 99 51 
41 6
8 73 4 68 84 71 
71 7
34 21 59 4 47 41 16 
68 8
64 90 83 38 61 41 80 27 
4 9
19 46 78 37 59 71 41 82 18 
27 9
47 90 36 80 19 45 68 79 48 
76 5
25 13 23 88 46 
46 4
4 63 96 76 
1 4
82 34 10 75 
75 5
20 64 29 23 1 
10 6
34 59 70 1 67 35 
34 10
19 10 70 40 14 1 62 71 78 11 
14 3
59 23 34 
84 6
43 85 13 41 19 56 
56 6
51 23 62 42 77 84 
19 10
4 27 39 34 84 73 26 54 23 42 
63 8
89 80 3 67 30 82 54 46 
37 8
83 39 91 93 9 58 4 79 
9 4
37 78 44 29 
29 5
50 75 9 97 57 
78 8
34 16 66 28 9 21 11 4 
93 4
37 5 43 45 
43 5
7 99 84 91 93 
79 9
13 83 15 88 8 44 62 37 27 
96 6
55 98 54 57 23 46 
49 4
80 69 59 22 
22 7
98 69 2 0 54 94 49 
59 7
10 71 49 4 72 14 90 
69 6
70 62 22 49 26 3 
54 8
96 63 77 65 88 22 5 19 
18 7
28 6 32 58 86 4 67 
86 3
60 18 44 
15 7
60 83 79 24 73 45 88 
97 5
3 12 29 90 82 
66 6
60 78 82 99 81 38 
83 8
68 37 15 79 57 82 64 17 
89 7
63 45 53 24 16 8 62 
62 6
69 56 79 34 40 89 
8 9
41 79 17 85 89 24 45 26 39 
98 6
22 30 80 96 92 85 
52 2
81 39 
81 6
55 95 65 52 88 66 
42 6
32 99 56 16 19 72 
72 6
60 6 48 85 42 59 
26 6
24 19 69 80 77 8 
77 9
99 80 54 50 26 44 60 20 56 
50 6
29 0 70 77 32 2 
0 4
22 50 38 16 
95 3
16 81 45 
21 5
74 16 71 78 88 
3 9
47 80 63 91 97 35 69 88 36 
99 5
43 42 77 85 66 
47 3
3 27 71 
36 3
92 27 3 
17 3
8 53 83 
53 4
89 17 61 45 
40 5
64 34 60 61 62 
60 6
66 72 15 77 86 40 
91 6
3 37 43 32 94 20 
2 3
12 22 50 
94 3
91 67 22 
48 4
38 72 61 27 
35 3
3 5 10 
90 9
30 65 68 5 73 97 74 27 59 
70 5
69 10 34 31 50 
