100
88 8
16 10 63 83 72 61 64 74 
74 3
43 19 88 
64 5
17 59 44 88 42 
61 6
22 88 95 92 19 12 
83 12
18 19 45 97 75 27 49 53 88 23 63 79 
63 4
88 50 26 83 
42 5
71 6 94 32 64 
44 10
28 64 43 4 57 36 52 22 71 13 
59 4
94 86 64 84 
55 5
84 18 68 9 46 
46 6
7 1 98 34 55 0 
9 9
25 22 1 7 80 55 26 35 90 
68 6
57 0 55 13 89 16 
3 5
67 91 12 17 20 
20 8
36 78 25 41 96 56 70 3 
17 12
32 38 80 5 3 64 47 56 26 69 52 8 
62 8
18 90 22 95 84 51 33 76 
76 5
4 1 95 94 62 
51 6
80 53 10 87 62 60 
84 6
55 52 50 62 24 59 
95 4
76 61 62 81 
90 5
32 26 62 37 9 
34 6
37 10 0 86 50 46 
50 8
73 34 84 58 49 43 36 63 
2 4
43 40 14 35 
35 6
71 78 45 2 9 7 
14 6
56 86 33 2 45 25 
25 6
33 9 91 39 20 14 
91 7
3 10 7 24 86 58 25 
60 7
15 66 53 51 69 45 93 
93 5
49 11 60 16 72 
53 5
51 65 60 98 83 
45 11
83 31 35 73 60 14 41 13 37 43 86 
33 6
25 62 66 14 28 97 
73 4
50 45 43 86 
86 8
59 71 14 34 57 73 45 91 
43 8
74 44 56 45 2 73 22 50 
89 3
16 82 68 
82 7
58 13 75 89 21 10 30 
16 9
41 88 22 67 93 89 37 32 68 
72 9
27 75 28 88 30 1 11 4 93 
11 3
72 93 37 
32 6
90 87 16 42 17 31 
94 8
59 39 29 10 58 76 42 28 
71 9
29 86 35 92 42 5 44 85 48 
26 7
19 90 63 37 9 17 85 
85 4
23 71 24 26 
37 15
69 16 99 8 19 45 26 47 66 18 11 21 24 90 34 
21 3
92 37 82 
77 3
29 10 67 
67 6
3 16 48 75 15 77 
10 9
51 34 57 88 91 77 97 94 82 
29 6
94 47 71 65 77 8 
8 7
38 69 56 29 40 37 17 
99 6
66 37 0 52 27 79 
79 7
31 47 49 83 36 57 99 
27 5
72 99 97 83 28 
40 3
8 2 19 
19 7
83 74 26 97 61 40 37 
57 6
68 44 10 86 47 79 
47 7
79 29 87 17 57 37 49 
13 4
82 68 45 44 
31 6
79 69 45 49 32 96 
96 5
75 31 20 12 66 
49 8
93 70 0 79 50 83 31 47 
69 5
37 8 60 31 17 
80 4
51 81 17 9 
23 4
48 85 83 1 
75 9
72 96 83 5 65 56 82 67 39 
97 7
54 83 19 27 15 10 33 
18 5
55 62 83 24 37 
56 6
14 20 8 75 17 43 
12 5
0 58 3 96 61 
28 7
98 4 72 27 94 44 33 
22 6
62 61 9 44 16 43 
4 4
28 76 44 72 
52 6
99 44 54 84 78 17 
78 5
41 92 20 35 52 
54 4
97 6 52 1 
1 6
46 76 72 54 23 9 
30 2
72 82 
98 4
28 46 15 53 
15 5
60 98 70 97 67 
70 5
49 81 15 24 20 
41 5
16 78 45 20 36 
36 7
44 20 79 50 24 41 66 
48 3
67 23 71 
38 4
39 8 17 58 
58 6
12 82 94 91 50 38 
92 5
78 21 71 24 61 
24 10
18 7 91 70 85 84 37 92 36 6 
6 5
54 42 7 39 24 
87 4
32 51 47 5 
39 5
38 25 6 94 75 
65 3
29 53 75 
5 4
17 75 71 87 
0 7
12 81 99 34 49 68 46 
66 6
99 60 33 96 37 36 
7 6
9 46 24 91 6 35 
81 4
80 0 70 95 
