50
38 1
10 
10 4
20 49 4 38 
37 1
8 
8 3
34 30 37 
24 1
22 
22 2
45 24 
45 6
36 30 22 13 31 9 
34 3
16 8 0 
0 2
47 34 
14 4
27 48 12 40 
40 1
14 
12 3
43 4 14 
30 2
45 8 
20 2
10 11 
11 5
36 7 3 47 20 
19 1
9 
9 3
45 19 48 
17 1
3 
3 2
11 17 
47 2
11 0 
43 2
7 12 
7 3
11 43 35 
27 2
14 33 
33 4
5 44 25 27 
35 3
7 1 23 
23 1
35 
1 2
6 35 
31 3
26 45 29 
29 1
31 
41 1
48 
48 3
14 9 41 
28 2
5 13 
13 5
45 26 28 15 16 
46 2
36 5 
5 4
28 46 33 42 
36 5
11 45 32 46 18 
4 2
12 10 
16 3
13 34 39 
39 1
16 
42 4
15 18 5 21 
26 2
31 13 
32 2
36 49 
49 2
10 32 
6 2
1 2 
2 2
44 6 
15 2
42 13 
18 2
42 36 
25 1
33 
44 2
33 2 
21 1
42 
