30
18 12
12 23 25 14 29 15 10 1 28 16 24 11 
11 11
26 8 22 21 24 17 25 13 29 12 18 
16 13
21 19 6 9 27 4 10 0 3 18 20 22 23 
28 14
22 25 18 7 13 24 19 4 26 14 21 20 10 27 
1 7
29 26 23 17 9 18 4 
10 13
12 6 20 27 17 28 16 8 23 22 5 18 2 
15 14
13 19 6 18 3 5 24 20 21 4 12 14 26 25 
29 14
8 5 3 21 18 11 24 1 0 22 4 14 26 25 
14 12
6 7 25 3 18 24 29 15 28 17 27 20 
12 11
18 4 15 10 0 22 24 11 17 27 26 
13 13
4 20 11 5 3 15 2 19 6 17 9 28 8 
24 12
28 12 25 23 18 5 11 20 14 29 0 15 
0 12
6 2 8 16 23 29 3 5 12 24 25 20 
20 19
23 5 7 28 26 14 6 4 3 16 27 10 2 24 15 13 0 9 22 
3 12
22 23 17 0 29 15 5 7 13 16 14 20 
6 10
4 16 25 7 13 10 0 15 14 20 
4 12
13 6 29 15 9 28 12 26 16 20 25 1 
2 10
26 25 5 23 20 0 10 13 27 17 
9 11
21 13 4 1 20 17 27 19 16 8 22 
8 9
11 23 19 0 10 29 7 13 9 
5 15
23 3 22 0 7 29 15 13 19 26 2 10 27 24 20 
21 8
16 11 26 15 29 23 9 28 
22 13
16 20 25 11 29 10 12 19 26 28 9 3 5 
19 11
15 25 26 22 16 8 5 28 9 7 13 
27 11
10 5 16 7 23 20 14 28 9 2 12 
23 15
25 8 20 21 24 27 10 7 16 3 0 1 5 18 2 
7 10
19 20 14 6 23 8 3 5 27 28 
25 14
23 4 28 29 15 24 14 0 22 11 18 6 19 2 
17 9
13 9 10 11 1 3 14 12 2 
26 13
15 29 20 2 19 1 5 11 21 28 4 22 12 
