50
43 5
47 10 5 27 16 
16 13
6 19 26 27 36 23 41 11 37 24 33 3 43 
27 5
43 16 8 45 36 
5 5
18 43 11 45 14 
14 5
25 34 40 23 5 
45 5
2 21 5 27 9 
9 7
21 44 36 4 26 45 2 
21 5
9 25 35 45 33 
3 7
0 6 49 47 16 39 1 
1 3
24 36 3 
39 3
29 20 3 
47 4
7 43 46 3 
49 5
3 22 36 44 46 
6 3
16 3 23 
23 5
17 16 14 10 6 
30 4
7 28 37 32 
32 8
20 26 35 13 41 12 30 28 
37 9
42 10 44 16 41 30 31 34 38 
28 2
30 32 
38 6
20 12 8 46 37 15 
34 7
14 12 37 8 44 35 19 
31 5
17 11 37 36 46 
41 3
32 37 16 
44 6
4 49 9 37 34 13 
10 4
43 4 37 23 
42 4
46 11 37 36 
46 12
42 40 0 47 49 38 25 17 31 7 22 26 
36 9
25 1 2 31 27 9 16 49 42 
17 4
23 46 31 40 
33 3
25 16 21 
40 3
46 14 17 
0 5
26 3 7 46 48 
48 3
19 7 0 
7 8
47 25 30 29 0 11 48 46 
26 5
32 9 0 16 46 
22 3
19 49 46 
25 6
7 14 21 33 46 36 
2 3
45 36 9 
4 3
44 10 9 
8 4
38 34 29 27 
35 4
21 34 32 12 
12 7
15 18 34 38 11 32 35 
18 3
5 12 29 
29 5
39 15 7 8 18 
19 5
16 48 22 34 20 
24 2
1 16 
13 2
32 44 
15 3
12 29 38 
20 4
32 39 38 19 
11 6
31 5 42 12 16 7 
