30
14 4
3 5 9 23 
23 11
16 24 27 28 26 19 10 29 20 14 4 
9 6
2 20 14 8 15 29 
5 6
1 28 15 14 20 19 
20 10
5 17 9 16 8 10 24 22 23 25 
25 11
15 0 6 16 8 21 19 3 1 20 13 
22 4
17 20 2 3 
24 8
23 19 29 0 15 17 20 1 
10 9
23 19 21 11 15 0 16 20 28 
8 6
18 12 20 25 9 16 
16 9
18 23 19 20 25 11 15 10 8 
11 9
12 16 21 17 27 0 15 10 7 
1 8
12 15 17 27 25 24 5 18 
18 5
8 16 2 19 1 
27 8
7 23 1 29 0 11 28 17 
29 5
24 27 9 7 23 
3 6
14 19 25 13 0 22 
2 7
9 12 26 13 18 21 22 
17 11
19 20 15 22 1 4 11 24 27 6 12 
0 9
21 11 24 13 25 6 3 10 27 
7 3
27 29 11 
13 5
4 0 2 3 25 
15 11
16 25 10 5 1 9 17 11 24 19 26 
26 5
4 2 23 12 15 
19 10
17 16 24 3 18 5 23 25 10 15 
21 6
28 0 10 11 25 2 
4 4
13 26 17 23 
28 5
27 5 21 23 10 
6 3
25 0 17 
12 6
1 11 2 26 8 17 
