30
27 5
14 2 10 8 21 
21 12
15 29 6 14 13 5 3 19 2 25 9 27 
8 11
24 29 15 4 17 27 12 20 19 18 13 
10 9
27 17 7 0 12 3 18 1 5 
9 9
19 4 21 3 7 25 29 15 0 
0 9
4 16 10 25 1 5 3 11 9 
15 10
1 21 25 4 8 9 28 23 19 29 
25 12
12 1 18 4 22 6 15 0 28 9 11 21 
7 10
13 12 10 9 17 28 16 20 1 11 
1 9
25 16 15 0 10 3 26 7 13 
13 10
7 22 2 19 11 21 12 1 16 8 
26 8
11 6 4 2 19 28 17 1 
3 10
12 9 1 11 21 6 10 29 0 20 
22 6
13 24 18 5 25 16 
16 11
2 1 5 24 11 0 22 13 7 17 28 
5 8
20 21 16 0 29 10 22 2 
18 8
19 25 10 22 8 28 14 24 
29 8
8 21 9 17 3 5 15 23 
23 6
6 19 2 24 15 29 
17 9
7 28 6 16 8 11 29 10 26 
19 8
18 23 9 13 26 21 8 15 
28 10
25 17 11 2 26 6 7 15 18 16 
12 11
25 3 4 8 20 14 7 13 2 24 10 
11 10
4 26 3 13 7 17 28 16 25 0 
24 8
22 23 8 16 6 2 18 12 
2 10
16 13 23 26 27 28 12 24 21 5 
14 5
27 21 12 18 6 
20 7
6 12 8 4 7 5 3 
4 10
11 9 0 15 12 26 8 25 20 6 
6 11
23 26 25 21 24 3 17 28 20 14 4 
