30
12 5
20 14 21 19 3 
3 4
28 11 12 16 
19 6
21 12 6 22 23 14 
21 11
23 19 26 8 5 1 15 0 4 12 20 
14 10
8 7 19 2 23 12 17 11 15 0 
20 9
12 6 27 21 29 7 23 22 16 
27 5
20 9 5 1 2 
2 5
4 15 1 27 14 
1 8
29 21 18 5 26 2 23 27 
5 6
27 21 7 1 26 10 
9 3
27 6 22 
16 8
10 8 24 13 25 20 3 18 
22 6
13 26 19 20 25 9 
23 8
21 28 20 14 8 26 19 1 
7 5
5 10 15 14 20 
29 4
4 1 20 0 
6 4
20 19 26 9 
4 5
2 26 21 29 10 
10 10
16 8 15 25 28 7 24 4 18 5 
26 9
22 23 11 21 1 5 4 6 28 
25 3
10 16 22 
13 3
22 16 28 
18 3
1 10 16 
17 4
24 28 14 15 
15 8
14 2 10 21 11 24 17 7 
28 7
3 10 8 23 17 26 13 
24 4
17 10 15 16 
0 4
11 21 14 29 
11 6
3 26 8 0 15 14 
8 7
14 16 28 11 21 23 10 
