50
38 10
10 9 17 41 18 32 20 14 16 33 
33 10
41 14 20 34 49 22 24 17 31 38 
9 7
38 25 2 21 49 18 6 
6 9
24 32 12 2 10 15 0 5 9 
46 4
18 17 45 43 
43 4
12 37 5 46 
48 4
27 28 34 4 
4 8
18 5 45 24 21 8 49 48 
49 8
31 9 14 33 23 45 19 4 
35 7
2 34 13 41 0 10 30 
30 8
42 10 32 13 24 26 2 35 
27 10
47 23 48 28 18 26 2 0 29 34 
34 11
42 25 20 10 35 3 33 47 48 28 27 
20 9
38 28 34 40 21 8 33 29 13 
13 12
0 15 35 2 41 21 30 22 36 14 40 20 
37 8
12 15 3 43 28 22 23 14 
14 7
8 33 13 1 49 38 37 
23 9
27 16 8 15 29 49 47 21 37 
18 8
46 11 0 4 38 27 9 1 
1 5
28 14 42 47 18 
5 5
7 24 6 4 43 
19 6
3 21 2 8 16 49 
42 10
31 30 8 34 39 3 1 47 45 21 
21 10
20 4 13 36 23 31 9 19 12 42 
45 8
26 39 4 49 42 16 46 44 
47 8
27 24 2 1 34 42 10 23 
29 6
3 23 20 27 28 12 
12 10
37 21 25 43 44 16 29 40 6 32 
28 10
1 34 20 48 27 37 2 8 15 29 
17 5
38 39 46 33 7 
7 5
40 5 22 11 17 
0 6
18 13 35 2 27 6 
40 8
16 20 36 12 2 26 7 13 
26 11
2 45 10 32 8 27 40 30 22 36 25 
15 9
22 23 13 37 25 10 28 32 6 
41 7
38 22 44 33 35 13 3 
3 9
44 34 19 42 37 24 29 10 41 
8 9
32 23 14 20 19 26 4 42 28 
2 15
26 28 27 6 19 35 47 32 30 9 22 0 39 13 40 
10 10
6 38 34 30 44 15 26 35 47 3 
11 5
18 32 39 44 7 
22 9
15 37 39 26 2 33 41 13 7 
39 8
11 2 45 17 31 32 42 22 
16 8
36 23 40 25 38 12 45 19 
31 5
49 42 39 21 33 
24 9
6 32 4 47 5 3 33 36 30 
32 12
6 8 36 30 15 11 24 39 38 26 2 12 
25 6
34 16 12 15 9 26 
36 7
16 32 40 21 24 13 26 
44 6
12 3 41 10 11 45 
