100
14 2
56 23 
23 6
85 37 52 79 98 14 
49 2
83 47 
47 3
54 33 49 
91 1
64 
64 4
85 97 78 91 
79 2
6 23 
52 6
37 78 94 7 28 23 
72 6
28 3 66 24 94 65 
65 2
56 72 
60 2
87 13 
13 8
24 99 83 9 35 67 7 60 
34 2
7 25 
25 3
58 4 34 
89 3
80 32 18 
18 4
8 81 38 89 
4 9
75 99 56 38 25 44 83 19 51 
77 3
29 88 53 
53 5
2 20 1 80 77 
5 1
33 
33 6
82 97 56 98 47 5 
82 4
3 33 92 87 
87 4
60 39 99 82 
40 2
66 76 
76 4
46 56 66 40 
42 5
29 9 94 39 41 
41 3
55 50 42 
2 4
36 53 71 8 
8 4
21 18 69 2 
48 7
12 19 86 22 36 3 38 
38 5
30 4 18 27 48 
51 3
30 94 4 
28 4
72 83 52 29 
80 7
21 89 44 69 67 19 53 
29 3
42 77 28 
99 4
13 4 87 0 
0 5
55 99 62 81 96 
45 2
58 39 
39 6
85 42 61 20 87 45 
57 1
93 
93 3
12 57 30 
31 2
55 3 
3 6
72 20 82 56 48 31 
55 6
50 56 0 32 41 31 
17 1
26 
26 6
21 56 15 85 74 17 
63 1
12 
12 5
48 62 81 93 63 
92 2
82 78 
78 5
52 94 69 64 92 
94 6
42 72 78 52 51 58 
58 4
25 45 11 94 
71 5
68 24 2 97 90 
90 2
35 71 
97 6
64 27 9 44 33 71 
24 8
13 72 73 56 20 71 86 27 
81 7
88 74 18 61 0 12 37 
20 7
3 24 22 88 69 39 53 
11 4
74 22 69 58 
69 10
80 20 9 74 22 78 11 21 15 8 
73 3
56 86 24 
83 5
13 49 4 28 54 
54 2
47 83 
27 5
38 74 97 43 24 
86 3
73 48 24 
56 11
26 73 14 3 24 33 76 55 4 10 65 
10 2
56 84 
85 6
39 64 21 26 23 88 
88 6
81 77 20 61 16 85 
22 6
48 11 62 20 69 70 
70 1
22 
9 7
15 66 42 97 69 13 43 
43 3
62 27 9 
30 3
51 38 93 
96 1
0 
62 6
32 43 12 0 22 95 
50 2
55 41 
44 6
97 80 68 98 4 46 
46 3
95 76 44 
84 1
10 
6 2
79 16 
16 2
88 6 
98 3
23 44 33 
1 1
53 
66 5
9 72 40 76 68 
36 3
48 2 67 
67 4
19 80 13 36 
95 2
46 62 
32 4
62 55 89 59 
19 5
67 48 21 80 4 
61 4
37 39 81 88 
7 3
34 52 13 
74 5
27 11 81 26 69 
35 2
90 13 
59 1
32 
15 3
9 69 26 
21 6
80 85 8 26 19 69 
37 5
61 52 23 81 75 
68 3
71 44 66 
75 2
4 37 
