20
2 8
8 4 3 5 18 12 0 14 
14 10
11 3 18 8 15 10 0 19 2 17 
0 11
12 1 5 14 17 8 16 19 2 4 10 
12 12
13 7 0 10 11 16 2 19 5 1 9 17 
6 6
3 5 18 15 10 17 
17 14
13 7 6 19 9 0 8 3 16 14 4 12 5 18 
10 12
9 14 19 12 11 5 18 6 7 13 4 0 
18 11
4 15 10 14 19 2 1 5 6 17 9 
19 14
13 15 0 10 12 7 17 14 8 5 18 16 3 4 
15 8
8 4 14 6 18 3 5 19 
7 8
10 12 17 11 16 19 3 5 
8 8
15 0 3 2 19 14 9 17 
3 11
17 6 14 2 19 15 8 16 13 7 1 
1 7
0 13 4 12 5 18 3 
16 10
4 12 19 3 13 7 9 17 0 11 
11 8
4 10 9 12 14 13 7 16 
5 13
17 4 12 6 19 2 1 18 10 15 0 13 7 
9 8
10 11 16 8 4 12 17 18 
4 12
11 16 19 2 18 5 1 15 10 0 9 17 
13 9
16 19 12 11 5 1 3 10 17 
