50
24 3
30 33 6 
6 7
9 5 0 15 10 2 24 
33 6
38 31 24 22 15 49 
30 3
35 24 7 
31 2
33 16 
16 7
19 15 29 7 3 31 42 
22 5
7 33 2 39 4 
4 4
48 28 49 22 
39 3
22 12 21 
2 7
6 28 17 19 47 22 41 
7 5
17 11 22 30 16 
21 2
42 39 
12 6
32 40 20 39 29 28 
11 2
7 28 
28 8
23 29 8 2 26 12 4 11 
25 5
26 29 34 48 37 
37 3
14 23 25 
48 3
4 43 25 
34 3
27 47 25 
29 5
12 28 16 25 10 
26 4
25 36 40 28 
41 3
3 2 38 
47 8
23 10 42 34 1 2 45 27 
19 4
49 16 2 14 
17 6
7 8 20 14 15 2 
8 3
28 17 23 
23 4
28 37 47 8 
15 6
6 17 1 16 33 13 
13 4
20 40 15 18 
1 3
18 47 15 
32 2
12 0 
0 3
6 32 20 
40 4
13 26 12 27 
36 3
26 35 44 
10 4
3 47 29 6 
3 3
41 10 16 
27 4
20 34 40 47 
20 7
13 27 17 12 0 45 44 
14 3
37 17 19 
42 4
21 45 47 16 
45 6
44 46 42 20 47 9 
49 3
4 19 33 
43 3
46 5 48 
5 3
43 6 46 
46 3
43 45 5 
35 2
30 36 
18 2
1 13 
9 2
6 45 
44 3
45 20 36 
38 2
33 41 
