50
33 9
34 28 15 35 26 43 47 24 21 
21 11
36 22 42 4 47 27 31 46 33 45 29 
47 4
21 32 30 33 
26 10
45 41 48 29 33 16 30 22 39 40 
15 14
24 30 23 14 5 28 17 18 48 19 35 4 33 38 
30 10
37 22 26 45 18 42 9 47 15 7 
32 11
1 36 0 40 19 9 31 8 16 47 42 
16 7
46 44 1 5 29 32 26 
29 9
20 23 22 16 42 13 45 26 21 
8 3
6 32 25 
25 7
3 35 41 31 48 28 8 
6 7
0 2 8 17 13 22 39 
38 3
15 0 24 
24 15
23 3 38 35 2 27 11 17 28 7 15 13 43 39 33 
0 8
14 12 6 32 44 27 9 38 
20 7
7 29 22 23 45 35 18 
18 11
37 9 31 46 30 19 15 43 4 34 20 
35 8
15 25 9 17 24 20 33 44 
23 9
24 37 29 15 39 20 17 9 2 
22 14
6 31 26 37 5 1 21 20 28 46 30 41 10 29 
41 12
42 26 25 7 9 17 44 49 36 22 1 10 
31 11
13 37 21 11 44 25 32 10 22 18 49 
28 14
39 25 22 45 7 13 15 37 24 11 42 27 49 33 
37 14
19 2 44 22 23 30 46 7 28 42 27 31 48 18 
5 6
16 27 17 15 22 4 
1 9
32 27 16 19 22 39 43 41 3 
13 10
43 7 24 31 28 29 14 34 6 2 
42 12
41 49 29 14 19 9 28 36 30 21 37 32 
40 5
34 12 32 36 26 
48 7
4 15 26 37 11 14 25 
19 12
37 45 2 49 32 1 18 15 42 27 9 44 
36 8
21 43 42 32 41 40 39 3 
4 5
21 48 15 18 5 
17 8
5 35 6 41 23 15 10 24 
9 14
0 43 45 19 35 23 18 41 10 42 30 32 46 39 
44 11
16 39 14 31 41 10 0 45 19 35 37 
12 4
0 40 14 43 
10 7
22 2 44 9 31 17 41 
7 8
20 28 43 13 41 24 37 30 
27 11
0 43 5 1 28 19 21 37 24 39 34 
34 10
18 33 2 40 39 14 13 43 27 11 
2 8
19 6 10 34 23 24 37 13 
14 8
48 34 13 0 15 42 12 44 
11 6
24 46 28 31 48 34 
43 12
24 13 7 36 33 27 9 18 1 45 12 34 
39 12
24 28 27 9 26 1 44 46 34 23 36 6 
45 11
20 19 26 29 3 30 21 43 28 9 44 
3 5
25 45 36 1 24 
46 8
16 9 22 18 37 11 21 39 
49 5
19 42 28 31 41 
