50
9 11
13 39 34 25 6 12 44 46 43 11 24 
24 10
15 20 41 6 45 35 12 48 9 31 
43 8
34 38 25 16 37 21 12 9 
46 10
4 29 19 30 16 17 9 25 21 39 
12 15
49 30 19 36 43 34 13 40 24 20 21 1 9 17 7 
13 13
12 35 49 47 21 15 20 48 9 28 17 30 44 
44 6
31 9 45 3 18 13 
30 13
22 37 20 17 18 2 35 19 32 46 49 12 13 
17 12
18 19 45 46 36 30 25 38 31 27 12 13 
20 10
24 34 23 30 5 12 41 7 13 0 
15 8
24 0 38 6 13 19 48 27 
21 14
38 43 0 19 26 46 28 39 34 13 40 18 11 12 
47 7
37 3 8 19 22 31 13 
49 8
12 32 37 13 30 14 45 19 
31 11
22 2 18 4 47 27 17 48 44 8 24 
48 13
13 35 38 6 15 0 42 3 22 31 27 11 24 
35 15
4 28 24 14 37 0 22 23 30 5 48 11 18 40 13 
45 11
41 19 36 22 17 49 44 11 24 18 34 
29 7
11 8 46 6 18 5 1 
1 8
3 22 12 37 0 29 8 32 
5 10
27 25 6 18 3 20 14 35 29 23 
18 16
0 17 21 29 10 44 8 16 45 35 5 36 32 30 6 31 
6 14
24 37 42 15 29 5 36 39 22 9 18 48 19 16 
8 6
29 47 18 1 27 31 
4 6
31 46 37 39 36 35 
0 13
18 1 10 15 48 27 19 35 22 37 21 20 40 
28 8
13 42 21 3 35 26 27 34 
37 15
16 10 6 0 1 43 4 35 47 2 49 38 32 25 30 
11 9
40 29 21 23 9 48 45 35 2 
40 7
12 11 21 32 35 0 7 
22 15
45 31 7 35 47 6 36 23 48 38 32 30 25 0 1 
23 10
10 7 20 16 22 11 27 2 35 5 
27 12
8 5 36 23 0 10 15 31 28 17 48 41 
41 10
24 36 45 19 2 27 34 20 14 3 
10 8
0 2 18 23 36 33 27 37 
19 13
45 17 6 39 46 47 49 21 30 12 0 15 41 
38 11
33 43 2 15 22 3 48 17 21 37 25 
16 8
37 42 23 6 43 18 46 14 
36 14
45 18 6 4 12 22 26 14 17 10 41 27 32 25 
14 8
35 39 36 5 41 16 33 49 
3 8
44 47 1 5 38 48 28 41 
42 5
16 48 28 6 34 
34 11
7 41 43 20 21 32 9 28 12 42 45 
7 6
12 23 22 34 20 40 
32 10
33 49 37 22 36 30 40 34 18 1 
26 5
33 39 21 36 28 
2 9
38 10 23 30 33 31 41 37 11 
39 8
14 9 26 19 6 4 21 46 
25 9
5 43 17 9 36 22 37 46 38 
33 6
38 32 26 2 10 14 
