50
37 1
5 
5 4
1 31 35 37 
29 1
32 
32 2
38 29 
27 1
24 
24 2
39 27 
35 1
5 
42 1
21 
21 3
30 28 42 
49 1
13 
13 3
6 38 49 
46 2
41 0 
0 1
46 
41 2
19 46 
4 1
10 
10 2
11 4 
8 1
38 
38 5
1 9 32 13 8 
22 1
18 
18 3
33 22 23 
15 1
39 
39 3
1 15 24 
44 1
47 
47 3
11 36 44 
12 4
1 19 48 7 
7 1
12 
48 1
12 
19 2
12 41 
1 9
14 39 30 38 12 5 3 43 6 
33 2
9 18 
9 3
38 33 11 
6 2
13 1 
45 1
28 
28 3
21 40 45 
3 1
1 
30 3
1 21 17 
17 1
30 
23 1
18 
20 2
14 26 
26 1
20 
14 2
1 20 
40 1
28 
11 4
9 10 47 2 
2 2
11 25 
31 1
5 
43 2
1 34 
34 1
43 
36 2
47 16 
16 1
36 
25 1
2 
