20
12 12
4 18 5 11 10 13 7 6 17 14 16 8 
8 14
3 12 9 0 10 18 11 14 15 13 17 7 19 6 
14 8
6 19 7 10 8 17 9 12 
17 10
8 2 14 9 3 1 18 5 12 13 
6 14
4 8 12 19 2 0 9 16 3 11 18 7 10 14 
7 10
15 14 13 6 8 16 12 11 3 1 
19 8
2 14 13 10 8 3 9 6 
9 12
17 4 10 15 13 14 6 1 3 19 11 8 
4 8
2 9 12 5 3 18 6 15 
16 7
12 7 13 0 5 3 6 
2 10
19 17 4 11 13 18 3 1 6 0 
10 8
6 19 8 9 14 12 11 0 
0 8
6 1 18 5 8 16 2 10 
11 10
2 12 6 8 7 15 10 5 3 9 
15 7
7 8 11 9 18 5 4 
18 11
2 6 12 13 17 5 1 4 15 0 8 
3 13
4 6 5 1 19 2 7 13 17 9 8 16 11 
5 11
4 13 12 15 0 17 3 18 1 16 11 
13 11
12 2 19 7 8 16 5 18 3 9 17 
1 8
0 9 17 3 18 5 2 7 
