30
26 5
27 0 10 19 7 
7 8
8 28 17 27 25 24 14 26 
13 2
18 28 
28 5
16 29 27 7 13 
18 6
23 11 21 10 17 13 
15 5
29 19 9 14 12 
12 3
16 9 15 
14 8
4 24 8 10 15 19 20 7 
29 7
15 1 17 9 28 11 19 
19 9
6 1 24 26 16 20 14 15 29 
20 9
19 24 10 0 3 4 14 6 23 
23 6
4 18 3 20 0 2 
6 5
19 2 17 10 20 
10 9
26 6 24 5 18 3 20 14 22 
22 3
25 10 4 
3 5
4 20 23 10 24 
27 6
26 25 7 28 17 8 
8 7
25 7 14 24 11 17 27 
24 9
8 19 20 14 7 10 3 1 25 
16 5
1 12 28 19 11 
11 7
29 0 21 18 5 8 16 
17 8
0 29 6 8 7 4 27 18 
21 2
11 18 
5 6
1 4 9 10 0 11 
25 5
27 8 22 7 24 
1 7
19 5 16 0 29 24 9 
9 5
29 15 12 5 1 
0 7
17 26 20 11 1 5 23 
4 8
3 5 2 14 20 17 23 22 
2 3
6 4 23 
