30
8 11
20 14 5 27 26 4 13 24 11 29 22 
22 15
11 24 8 6 19 26 0 1 3 23 12 13 29 7 17 
29 11
14 25 22 15 10 2 3 1 8 6 27 
11 13
14 9 27 15 8 21 24 23 22 4 6 1 5 
13 13
6 8 20 14 23 22 5 3 28 9 15 24 26 
5 13
25 8 12 0 15 13 26 2 3 27 9 24 11 
24 10
8 22 0 10 11 12 13 3 5 6 
9 12
11 23 14 19 2 10 5 3 13 16 17 27 
3 14
28 17 27 10 29 15 13 5 24 9 22 19 21 20 
2 16
4 14 26 25 28 5 18 0 9 1 20 21 27 10 29 16 
18 9
17 6 14 20 1 25 2 19 16 
16 10
6 23 15 4 20 9 2 19 18 25 
19 13
21 12 7 16 0 22 3 18 14 20 9 28 4 
6 16
4 24 18 11 22 0 10 29 15 13 23 25 16 7 28 20 
4 11
6 0 8 16 11 17 2 26 19 12 14 
23 10
6 16 13 11 21 22 10 28 9 17 
28 10
23 25 6 13 27 12 3 2 26 19 
20 16
8 13 2 26 18 3 16 12 1 0 7 17 10 27 19 6 
0 10
5 24 20 22 17 4 7 2 19 6 
7 10
21 20 17 25 19 6 0 10 15 22 
12 10
20 5 1 19 28 22 24 4 15 10 
27 11
8 20 11 5 3 28 9 26 2 15 29 
15 13
27 12 29 10 5 3 1 11 6 16 13 7 25 
10 15
20 12 25 23 3 1 9 2 7 26 14 15 29 24 6 
25 12
21 28 1 5 18 6 7 2 29 10 15 16 
1 12
25 11 18 12 2 26 15 10 29 20 14 22 
26 13
21 8 20 22 27 17 28 5 1 10 4 2 13 
14 12
8 9 2 19 29 10 13 18 1 4 11 21 
17 10
26 9 20 0 7 18 3 4 22 23 
21 9
7 3 25 11 19 26 2 23 14 
