50
22 3
47 38 25 
25 6
13 45 26 5 10 22 
38 7
0 33 11 22 36 26 35 
33 5
13 5 32 38 49 
49 7
47 8 33 13 41 45 14 
32 2
33 13 
34 4
4 41 26 2 
2 5
8 28 0 40 34 
41 6
9 5 15 49 4 34 
4 6
43 16 9 34 40 41 
14 5
3 1 36 24 49 
24 8
20 14 1 37 21 46 48 31 
1 8
26 14 12 24 15 13 48 17 
17 5
42 23 46 1 48 
13 11
49 43 33 16 30 36 25 1 26 35 32 
15 12
0 41 48 28 31 27 40 20 5 1 30 43 
12 3
5 1 36 
36 9
8 19 13 38 14 40 29 9 12 
9 7
18 40 41 45 6 4 36 
29 4
18 40 30 36 
40 10
2 39 43 47 4 36 29 15 9 31 
35 5
31 11 13 16 38 
11 5
3 35 38 42 23 
48 4
1 24 15 17 
37 5
18 28 7 24 20 
20 6
6 24 37 15 46 44 
7 4
43 21 37 8 
8 8
2 45 44 27 36 30 49 7 
30 9
27 13 39 26 18 15 29 8 6 
27 8
26 30 3 8 46 31 28 15 
44 5
45 5 8 20 0 
45 7
25 23 9 26 44 8 49 
43 7
4 5 13 7 40 39 15 
5 8
12 43 41 33 44 15 26 25 
31 8
27 35 26 15 42 24 39 40 
28 7
21 37 27 18 15 2 26 
0 5
38 19 2 15 44 
26 11
13 45 34 27 31 28 38 25 30 1 5 
18 8
29 37 6 19 30 9 28 46 
23 5
17 45 42 3 11 
42 4
23 17 31 11 
39 4
40 43 30 31 
16 3
13 4 35 
10 2
3 25 
47 4
22 49 40 3 
46 5
24 17 27 20 18 
3 7
14 11 23 10 27 6 47 
6 6
20 9 18 3 30 19 
19 4
36 0 18 6 
21 3
28 7 24 
