50
31 3
4 40 15 
15 10
21 37 33 0 39 14 49 5 31 7 
40 6
2 7 13 36 31 0 
4 5
31 0 25 18 42 
42 7
44 11 14 39 9 30 4 
18 5
16 3 4 11 22 
25 7
4 21 11 36 22 10 35 
0 6
13 45 32 4 15 40 
9 4
26 23 24 42 
24 8
38 27 28 17 9 16 37 21 
23 4
36 1 9 13 
26 7
9 20 1 3 30 44 2 
43 4
7 13 45 16 
16 7
41 18 46 24 43 17 20 
45 5
43 0 22 8 13 
13 11
0 33 22 23 38 34 40 2 45 28 43 
7 6
33 22 40 43 47 15 
22 12
20 6 3 18 25 38 13 7 41 29 45 12 
11 9
42 35 36 38 25 5 18 6 10 
3 6
34 38 22 26 18 48 
28 3
46 24 13 
46 7
28 27 16 39 34 32 2 
41 5
16 22 48 19 1 
1 6
2 19 26 23 14 41 
19 4
47 33 1 41 
48 7
38 17 37 34 3 29 41 
20 5
26 10 22 6 16 
6 5
49 22 11 20 33 
10 6
30 20 38 25 32 11 
44 3
42 26 29 
29 7
27 48 36 22 32 49 44 
12 3
14 22 27 
27 6
29 49 24 37 46 12 
14 6
36 1 2 12 42 15 
37 7
21 24 49 35 15 27 48 
35 5
11 37 25 32 8 
49 7
6 29 15 27 17 37 33 
21 5
15 37 24 25 47 
32 6
5 0 29 10 46 35 
36 8
29 23 47 11 25 14 40 33 
5 4
32 11 15 47 
39 3
46 15 42 
33 7
7 13 19 15 49 36 6 
2 7
1 40 34 14 46 13 26 
34 6
17 48 46 2 3 13 
38 8
48 8 3 13 24 11 10 22 
17 5
34 24 48 49 16 
30 3
10 26 42 
47 5
19 36 7 21 5 
8 3
38 45 35 
