30
11 8
23 25 3 18 5 12 13 7 
7 10
4 15 26 9 1 18 21 11 20 14 
12 14
11 21 20 14 26 19 15 4 1 22 8 10 27 5 
5 11
3 12 10 9 17 2 26 16 11 14 22 
8 10
4 12 0 10 29 2 26 27 9 17 
17 13
22 5 4 19 26 15 29 10 8 14 25 27 9 
9 12
5 4 2 7 20 14 24 16 8 27 17 15 
26 15
21 7 17 28 12 16 8 13 29 0 22 23 2 5 6 
2 11
6 9 22 24 1 5 18 26 8 20 0 
29 11
6 14 0 10 15 27 17 19 26 16 8 
10 9
18 5 29 12 22 4 6 8 17 
16 9
24 9 28 29 14 6 5 13 26 
13 8
24 11 16 0 26 27 28 23 
23 6
11 27 0 26 13 18 
28 9
24 27 16 19 26 22 1 14 13 
0 10
29 8 23 3 24 13 27 19 26 2 
15 8
7 19 6 21 29 12 17 9 
14 13
25 29 12 16 18 3 5 1 7 20 9 28 17 
20 10
22 9 25 7 14 12 18 1 2 24 
1 10
24 12 2 7 18 3 28 20 14 4 
3 8
0 11 24 4 14 5 1 18 
22 9
20 21 12 10 17 28 2 26 5 
4 8
7 8 12 9 17 10 3 1 
21 8
26 15 22 24 18 7 12 6 
27 13
8 6 12 23 13 19 28 9 17 25 29 0 18 
24 12
16 13 2 19 1 3 25 21 28 9 0 20 
25 7
14 20 24 11 27 17 19 
19 9
12 24 15 0 29 27 28 17 25 
18 11
10 14 20 2 11 21 7 23 1 3 27 
6 8
27 2 26 16 29 15 10 21 
