50
22 3
6 33 19 
19 2
49 22 
33 4
24 47 22 30 
6 11
13 27 31 14 38 32 18 22 23 35 8 
26 5
38 28 10 24 45 
45 2
34 26 
24 3
33 7 26 
10 5
36 28 26 7 15 
28 9
34 10 11 38 36 2 26 47 13 
38 7
43 5 26 28 6 12 29 
32 3
46 6 49 
49 6
19 2 36 42 32 16 
46 3
35 32 9 
27 2
6 44 
44 5
47 42 27 9 23 
35 4
46 0 6 48 
48 2
12 35 
0 7
15 2 35 42 25 20 18 
9 4
8 44 46 2 
14 2
6 23 
23 5
37 7 6 44 14 
34 3
45 28 11 
11 6
21 30 20 34 28 7 
5 5
16 40 20 42 38 
42 6
41 5 49 39 44 0 
20 4
25 11 0 5 
40 2
5 25 
16 2
5 49 
47 6
15 44 33 12 18 28 
12 6
17 48 47 2 38 21 
21 3
11 37 12 
2 7
0 39 9 28 49 7 12 
17 4
29 12 39 37 
18 3
47 6 0 
36 3
10 49 28 
1 2
15 3 
3 3
37 30 1 
15 4
47 1 0 10 
8 2
9 6 
7 5
24 11 2 23 10 
29 3
4 17 38 
43 2
38 41 
30 3
11 33 3 
4 2
29 13 
13 4
31 28 6 4 
31 2
13 6 
25 3
20 40 0 
37 4
3 21 23 17 
39 4
2 42 41 17 
41 3
42 39 43 
