30
8 10
20 0 6 22 12 11 21 24 17 18 
18 12
12 13 0 15 22 11 9 28 27 2 26 8 
17 10
12 25 28 1 3 7 8 19 21 24 
24 10
23 5 4 8 29 10 28 17 21 11 
19 9
6 13 25 1 23 20 11 17 16 
16 4
28 19 14 23 
11 16
18 3 5 4 24 10 13 15 29 19 7 28 0 1 22 8 
6 11
8 12 13 0 10 1 28 9 19 26 2 
2 8
14 13 21 18 3 26 6 0 
9 8
18 1 15 0 10 4 12 6 
1 14
19 6 5 10 29 15 17 28 9 22 23 14 20 11 
10 12
14 20 29 15 7 1 6 24 11 4 9 27 
13 12
14 19 2 18 3 5 29 28 6 21 11 25 
3 9
15 29 13 25 23 17 26 2 11 
23 8
27 19 25 24 15 1 3 16 
14 12
21 12 10 20 13 7 1 5 2 26 16 28 
28 11
6 5 1 18 27 17 24 11 16 13 14 
4 11
5 7 22 25 0 10 9 21 24 11 20 
15 9
22 23 9 7 3 18 1 10 11 
29 8
10 12 25 13 24 11 3 1 
26 9
25 6 21 2 14 20 12 3 18 
27 7
28 12 18 7 10 23 22 
22 9
15 25 8 11 18 1 5 4 27 
7 11
4 14 25 15 0 10 17 27 5 11 21 
25 11
26 19 17 22 23 29 5 3 4 7 13 
21 10
14 24 4 17 0 8 2 26 13 7 
5 11
28 4 25 14 24 11 22 13 7 1 12 
12 11
14 29 0 6 8 26 17 27 9 18 5 
20 7
1 14 8 10 19 26 4 
0 10
6 18 12 8 9 11 21 7 4 2 
