30
29 11
12 25 26 16 21 0 3 5 1 28 14 
14 10
7 2 19 26 9 27 28 6 22 29 
28 10
8 5 18 11 9 27 29 14 20 2 
1 7
3 23 22 29 2 11 24 
0 11
5 4 22 21 9 29 13 6 20 25 8 
21 10
6 23 8 17 0 10 29 12 5 19 
15 6
24 22 23 26 9 17 
17 7
18 19 7 15 20 21 24 
26 5
14 27 29 15 25 
23 13
7 4 22 21 11 1 3 5 18 27 19 15 12 
22 9
23 1 0 15 25 24 11 20 14 
13 4
9 4 0 20 
20 8
2 22 5 9 17 28 0 13 
4 8
23 10 0 6 13 3 16 19 
11 7
7 9 28 1 18 23 22 
24 12
2 25 9 17 15 10 16 22 6 18 5 1 
25 10
24 22 29 10 0 18 3 7 2 26 
2 11
6 20 14 24 10 25 19 7 27 28 1 
9 15
11 28 7 0 13 15 10 27 3 5 24 14 20 8 19 
7 8
11 23 14 2 6 17 9 25 
10 9
4 2 25 24 21 9 3 18 5 
27 10
16 12 28 9 14 2 26 23 5 18 
3 10
23 1 4 29 10 25 6 19 9 16 
5 11
23 20 16 28 27 9 21 24 0 29 10 
8 6
21 6 28 9 16 0 
19 9
14 2 17 9 12 3 23 4 21 
6 10
2 8 4 7 18 3 0 14 21 24 
16 7
29 27 5 3 4 24 8 
18 10
6 17 28 27 10 25 12 24 11 23 
12 6
29 21 27 18 19 23 
