50
26 7
19 31 17 7 30 10 43 
43 5
6 46 40 35 26 
10 4
16 1 19 26 
30 6
44 48 27 19 26 24 
7 6
28 0 38 26 6 44 
17 4
48 24 46 26 
31 4
39 26 11 37 
32 5
12 39 44 46 3 
3 6
42 4 34 36 32 45 
46 6
17 43 11 32 0 16 
39 7
31 20 32 19 24 38 41 
20 6
47 39 14 8 33 42 
42 5
3 27 38 29 20 
33 5
27 48 5 20 34 
14 4
36 29 28 20 
47 3
20 19 25 
37 6
0 8 16 13 36 31 
11 5
41 31 2 46 29 
34 4
25 3 33 22 
22 3
12 8 34 
28 8
18 7 45 15 44 14 6 4 
29 5
23 42 14 11 19 
36 10
0 3 24 37 8 48 19 2 40 14 
19 8
26 30 36 10 29 39 12 47 
12 5
32 9 22 19 21 
41 2
11 39 
4 4
3 40 48 28 
6 6
43 13 7 18 2 28 
44 6
35 32 30 25 28 7 
15 4
40 27 28 0 
45 4
49 5 3 28 
1 2
10 21 
38 4
42 7 40 39 
0 6
36 37 46 7 5 15 
23 2
29 18 
18 5
28 6 5 35 23 
21 3
2 12 1 
2 5
6 21 11 24 36 
24 7
16 39 36 30 17 9 2 
25 3
34 44 47 
40 6
15 4 43 49 36 38 
48 7
33 4 49 30 36 17 9 
8 6
20 35 37 22 36 16 
5 6
9 27 45 0 33 18 
16 5
10 24 37 46 8 
35 4
43 44 8 18 
27 6
42 49 5 33 15 30 
13 2
6 37 
9 4
5 12 24 48 
49 4
45 27 48 40 
