50
13 2
23 39 
39 8
48 18 44 36 0 29 13 21 
23 5
13 10 0 35 38 
15 4
17 2 3 43 
43 2
38 15 
3 5
31 24 16 15 6 
2 7
6 15 38 25 34 17 11 
17 2
15 2 
24 3
3 36 26 
26 3
28 18 24 
36 7
25 24 11 48 28 39 35 
25 2
36 2 
11 5
46 19 2 30 36 
34 6
4 45 2 20 7 1 
38 6
43 1 23 2 45 28 
6 2
2 3 
35 3
18 23 36 
0 6
27 22 23 10 39 41 
10 6
44 8 0 21 23 12 
21 3
10 39 9 
9 4
7 49 48 21 
29 4
46 33 39 4 
4 2
34 29 
33 3
12 37 29 
46 7
42 12 29 40 20 11 49 
49 2
9 46 
42 2
46 47 
47 6
16 19 18 42 22 14 
18 5
35 26 20 39 47 
28 6
20 26 45 36 38 8 
32 3
19 44 40 
40 2
46 32 
44 5
10 39 30 32 27 
19 5
32 47 11 30 45 
27 2
0 44 
20 4
28 18 46 34 
37 3
33 16 48 
12 4
33 46 48 10 
48 7
39 14 9 36 37 45 12 
30 4
11 44 16 19 
8 2
10 28 
45 5
28 48 38 34 19 
1 2
38 34 
7 3
9 34 5 
5 2
14 7 
41 2
14 0 
22 2
0 47 
14 4
5 41 48 47 
31 2
3 16 
16 5
47 30 31 3 37 
