30
11 5
25 5 12 13 7 
7 5
18 21 11 20 14 
12 7
15 19 26 14 20 11 21 
5 5
26 16 11 14 22 
8 6
10 29 2 26 9 17 
17 11
4 19 26 15 29 10 8 14 25 27 9 
9 4
24 8 17 15 
26 12
5 2 23 22 0 29 8 16 12 28 17 13 
2 5
18 26 8 20 0 
29 6
15 17 19 26 16 8 
10 5
22 4 6 8 17 
16 6
29 14 6 5 13 26 
13 6
11 16 0 26 28 23 
23 4
0 26 13 18 
28 6
19 26 22 1 14 13 
0 8
23 3 24 13 27 19 26 2 
15 4
29 12 17 9 
14 9
12 16 3 5 1 7 20 28 17 
20 7
7 14 12 18 1 2 24 
1 5
3 28 20 14 4 
3 6
0 24 4 14 1 18 
22 4
10 28 26 5 
4 4
17 10 3 1 
21 5
24 18 7 12 6 
27 5
19 17 25 0 18 
24 7
19 3 25 21 9 0 20 
25 5
24 11 27 17 19 
19 8
12 24 0 29 27 28 17 25 
18 7
20 2 21 7 23 3 27 
6 3
16 10 21 
