30
20 6
24 14 27 9 29 15 
15 6
23 0 21 24 28 20 
9 8
16 0 10 14 20 26 5 28 
8 7
28 1 16 24 19 26 25 
25 4
29 18 5 8 
26 11
23 8 27 9 17 29 5 3 18 1 19 
24 11
5 3 20 15 10 6 8 21 11 7 4 
16 6
9 11 3 8 13 23 
1 5
14 12 23 8 26 
19 5
14 8 10 0 26 
0 6
15 23 18 19 9 13 
4 7
6 18 28 22 7 21 24 
7 7
6 2 5 4 29 21 24 
11 7
28 16 14 10 13 24 21 
6 6
7 4 14 24 3 5 
10 10
14 12 11 24 9 17 27 19 2 22 
28 8
11 13 8 17 9 4 29 15 
29 8
20 28 17 23 25 7 26 3 
3 8
24 23 6 16 26 2 5 29 
13 6
28 2 5 11 16 0 
5 11
24 26 23 7 13 9 3 18 6 14 25 
2 5
21 3 13 7 10 
22 3
14 4 10 
14 10
10 22 11 6 19 20 27 9 1 5 
23 10
12 26 15 29 0 21 5 3 1 16 
12 6
21 23 10 18 1 17 
18 6
25 12 4 26 0 5 
17 5
28 29 10 26 12 
27 4
14 20 26 10 
21 8
4 15 7 12 2 23 24 11 
