30
4 12
10 0 15 12 21 2 1 3 8 17 28 20 
20 11
0 15 25 13 7 17 18 5 11 24 4 
28 14
4 13 15 26 2 11 6 17 10 27 23 3 25 12 
8 9
29 14 16 2 19 7 24 21 4 
3 16
22 1 4 25 6 16 14 28 7 17 10 27 21 5 18 23 
2 12
7 0 17 28 8 22 21 11 4 25 1 18 
21 16
27 2 19 8 4 7 29 15 0 1 16 3 25 18 11 23 
12 11
14 25 26 19 4 23 28 9 27 18 1 
15 11
22 14 20 26 18 1 9 27 28 21 4 
0 15
10 24 18 5 22 23 4 13 29 2 19 6 17 21 20 
10 12
16 0 6 4 14 19 1 3 28 17 11 7 
26 9
23 14 11 12 6 15 17 28 9 
11 15
16 25 19 2 26 14 22 9 7 28 10 27 5 20 21 
6 11
26 10 0 13 24 3 14 9 28 22 25 
1 13
3 2 16 4 24 21 10 15 23 22 27 9 12 
9 12
6 13 23 11 18 1 17 12 25 15 29 26 
22 14
6 29 15 0 1 3 16 2 18 11 24 23 27 17 
18 13
20 3 12 19 2 23 22 21 9 15 29 0 13 
16 10
10 8 1 3 22 19 25 13 11 21 
24 7
6 1 8 23 22 20 0 
23 15
26 21 27 7 17 28 12 19 3 18 24 9 22 1 0 
17 14
23 26 19 2 20 10 27 22 0 9 28 25 4 3 
27 12
15 14 22 23 21 11 28 17 12 1 3 5 
25 14
2 6 19 5 3 16 11 20 21 9 28 17 12 13 
29 8
8 18 22 0 13 19 21 9 
19 15
0 10 25 14 21 16 8 11 18 5 29 23 12 17 7 
13 10
28 9 25 6 7 0 29 20 16 18 
5 7
25 3 19 0 11 20 27 
7 11
2 19 13 8 14 20 11 21 3 10 23 
14 11
8 12 27 15 10 7 3 6 26 19 11 
