50
31 5
39 3 4 16 17 
17 3
32 36 31 
16 8
0 30 26 20 1 37 4 31 
4 9
22 36 15 0 31 34 20 41 16 
3 2
31 46 
24 9
7 12 46 8 45 35 48 28 18 
18 11
1 28 46 8 2 41 30 36 23 37 24 
28 5
2 27 0 18 24 
48 7
2 43 39 37 21 24 29 
35 7
2 10 24 9 13 41 40 
8 5
20 14 43 18 24 
46 10
26 27 29 15 34 24 22 30 18 3 
12 6
5 29 9 24 34 47 
32 4
17 22 36 39 
39 6
0 5 31 48 45 32 
36 5
20 17 32 18 4 
26 7
13 46 16 40 49 19 37 
37 7
0 48 14 16 18 26 6 
19 4
9 11 15 26 
49 4
23 27 15 26 
40 6
21 47 2 35 26 29 
6 4
5 13 20 37 
20 11
7 27 5 36 6 0 10 4 8 16 45 
45 7
13 47 27 20 39 24 21 
21 6
40 15 38 7 48 45 
27 8
20 28 49 46 23 2 45 5 
47 6
29 40 45 41 11 12 
30 6
25 18 16 44 46 34 
34 6
4 12 46 30 23 15 
44 4
25 30 23 33 
33 7
7 13 15 2 22 1 44 
23 5
49 27 34 18 44 
14 7
8 9 13 7 42 37 0 
15 8
42 21 19 49 4 46 33 34 
29 5
12 47 48 46 40 
10 4
11 35 2 20 
0 7
16 37 28 4 39 20 14 
42 5
15 38 14 9 43 
7 6
9 33 24 21 20 14 
13 6
26 45 35 6 14 33 
5 6
1 12 6 20 39 27 
41 5
47 4 18 35 11 
2 10
35 40 1 18 33 28 48 27 10 25 
43 3
8 48 42 
1 5
5 18 2 16 33 
38 3
21 42 22 
22 6
32 25 38 4 46 33 
11 4
10 19 41 47 
9 6
14 7 19 35 12 42 
25 4
44 30 22 2 
