100
63 2
22 72 
72 4
38 90 68 63 
22 4
63 81 67 53 
34 5
47 68 1 88 35 
35 3
36 39 34 
88 4
75 97 73 34 
1 4
77 0 47 34 
68 9
73 19 16 52 7 34 72 61 89 
47 5
34 1 99 13 69 
17 3
20 97 33 
33 6
45 29 13 6 24 17 
97 6
17 31 52 88 23 5 
20 2
17 53 
53 6
45 42 20 22 95 56 
67 4
50 6 85 22 
81 7
93 22 8 99 6 9 48 
85 4
31 67 40 12 
12 7
8 39 41 13 74 85 0 
40 6
95 85 69 45 42 79 
31 5
54 85 97 64 18 
79 4
95 91 40 37 
45 4
53 86 40 33 
69 6
40 74 13 32 47 46 
95 3
79 40 53 
24 2
19 33 
6 6
60 62 54 67 81 33 
13 9
27 57 33 49 47 12 73 69 66 
29 5
48 33 10 43 51 
54 3
31 6 65 
62 7
56 87 10 6 25 59 80 
10 6
3 8 62 29 71 4 
4 2
57 10 
71 2
48 10 
8 4
10 81 12 38 
3 3
10 5 94 
44 3
66 96 14 
14 2
51 44 
96 4
15 25 93 44 
66 5
23 76 44 46 13 
27 2
13 11 
11 7
7 55 86 70 25 83 27 
99 7
70 47 86 16 5 25 81 
25 6
78 11 99 96 62 90 
5 6
70 87 99 42 97 3 
16 6
60 99 74 68 41 91 
86 4
28 11 99 45 
70 6
91 5 84 11 99 73 
51 3
14 18 29 
43 2
39 29 
48 3
71 29 81 
80 4
94 58 39 62 
39 6
35 43 65 80 12 32 
58 4
32 80 26 92 
94 3
98 80 3 
83 2
18 11 
18 6
60 83 46 51 75 31 
89 2
90 68 
61 4
30 68 60 98 
7 2
11 68 
52 3
97 68 49 
19 5
24 78 68 57 2 
73 7
90 68 88 13 9 38 70 
75 6
26 42 18 30 88 82 
42 4
40 75 5 53 
32 4
58 69 84 39 
65 3
21 39 54 
38 4
72 41 8 73 
9 4
73 81 26 78 
90 5
72 25 89 59 73 
36 2
35 15 
15 5
96 37 26 74 36 
78 4
25 19 9 46 
26 7
15 75 9 30 82 58 21 
46 4
66 18 69 78 
60 4
6 16 18 61 
0 3
82 1 12 
74 5
84 16 69 12 15 
41 3
12 16 38 
37 2
15 79 
91 3
70 16 79 
2 2
55 19 
55 3
2 11 64 
93 3
81 96 76 
98 2
94 61 
76 2
66 93 
77 2
1 87 
87 3
62 5 77 
84 3
74 70 32 
23 2
66 97 
82 3
0 26 75 
56 2
62 53 
28 2
86 30 
30 4
61 75 28 26 
64 3
59 31 55 
59 3
64 90 62 
92 2
50 58 
50 3
92 67 49 
21 2
65 26 
49 3
13 52 50 
57 3
4 13 19 
