50
18 13
4 36 30 33 16 44 25 21 24 29 0 20 39 
39 17
20 16 18 23 0 9 42 41 40 14 6 25 30 32 46 47 35 
20 15
39 37 18 23 1 22 46 44 49 6 25 45 42 27 15 
0 9
25 13 10 23 17 6 39 1 18 
24 17
22 14 31 48 18 15 29 40 13 36 25 38 46 33 45 35 4 
25 11
23 0 15 18 34 40 20 39 24 26 45 
42 9
36 15 47 39 40 14 20 35 41 
41 9
21 38 23 15 14 39 19 35 42 
35 8
39 16 12 42 15 29 24 41 
49 9
5 20 48 47 37 33 32 30 23 
23 13
32 11 27 41 25 29 0 16 33 20 39 47 49 
32 11
1 13 45 23 22 6 39 49 10 31 48 
33 14
37 18 11 24 19 49 5 30 36 23 17 7 10 16 
37 11
20 2 11 36 4 49 6 44 33 16 28 
28 5
31 38 2 37 7 
16 12
18 6 38 23 12 19 35 39 34 33 44 37 
6 14
46 39 20 0 29 13 5 37 26 2 47 48 32 16 
5 13
11 21 19 45 6 8 33 48 9 14 49 4 47 
47 10
11 39 42 9 43 49 6 5 23 22 
14 8
43 9 29 42 39 24 41 5 
9 11
47 38 46 44 7 19 2 14 39 5 1 
34 4
25 16 17 45 
45 10
32 5 13 10 24 21 25 20 34 46 
17 8
38 12 11 13 34 0 15 33 
2 11
13 37 40 44 6 10 15 29 28 9 3 
3 8
4 43 44 31 22 36 26 2 
46 15
6 45 24 11 9 1 27 31 12 44 39 21 20 15 13 
21 9
41 18 5 38 46 44 30 36 45 
11 13
47 43 40 23 27 17 37 5 1 29 33 46 12 
1 7
0 32 20 11 31 9 46 
27 11
43 11 20 30 22 23 44 8 46 7 13 
12 9
29 43 35 17 48 16 46 36 11 
44 11
20 3 18 2 27 9 30 16 46 37 21 
19 8
9 5 15 29 16 33 4 41 
4 9
38 3 18 5 24 37 40 19 43 
29 12
12 30 23 18 14 8 6 2 19 35 11 24 
7 4
33 27 9 28 
15 12
42 20 24 46 25 36 41 17 2 35 19 26 
13 13
46 0 10 40 30 2 26 45 32 6 24 17 27 
8 6
29 5 27 30 36 38 
10 6
33 13 0 2 45 32 
36 12
48 22 15 37 21 24 33 8 42 12 18 3 
31 6
46 28 32 3 1 24 
22 7
36 27 32 24 3 20 47 
48 7
36 24 5 49 12 6 32 
40 9
25 42 2 13 4 43 39 11 24 
43 8
12 27 11 3 14 40 47 4 
26 6
13 3 25 38 6 15 
38 10
4 41 17 9 28 26 21 24 16 8 
30 10
29 18 27 39 21 49 13 8 44 33 
