50
7 7
6 10 20 47 35 26 27 
27 11
47 4 9 7 33 8 42 26 45 39 14 
26 12
1 2 47 49 4 43 30 22 38 27 13 7 
35 8
22 7 43 48 9 31 16 21 
10 5
7 2 31 48 37 
37 12
46 18 3 1 14 12 4 47 13 22 36 10 
48 13
36 41 46 8 49 19 35 28 18 15 10 11 24 
2 12
1 42 45 26 9 20 10 0 32 30 23 13 
38 5
6 30 26 42 34 
34 5
29 17 23 13 38 
42 7
39 2 0 28 27 3 38 
30 7
28 40 26 2 8 38 25 
6 11
5 9 32 25 38 0 39 20 7 41 24 
11 8
47 8 12 18 1 48 25 20 
20 11
4 7 9 3 2 16 6 12 0 15 11 
25 10
44 8 19 6 11 24 13 18 5 30 
1 12
26 2 24 37 11 15 0 28 9 12 47 4 
12 10
32 11 37 16 46 33 1 39 20 23 
39 9
6 16 42 12 5 18 31 9 27 
9 13
29 6 32 2 35 27 16 44 20 39 1 4 49 
18 9
25 5 37 11 21 28 48 15 39 
5 10
6 23 33 14 39 3 18 19 25 0 
49 7
41 44 29 48 9 4 26 
44 7
25 13 49 14 40 31 9 
16 12
23 12 28 9 47 45 19 35 0 39 20 41 
32 8
12 6 28 9 0 15 2 13 
24 8
36 43 40 1 0 25 48 6 
0 14
20 24 31 17 32 6 2 4 5 1 16 3 14 42 
22 6
37 46 33 45 35 26 
33 9
13 29 3 5 4 27 28 22 12 
46 5
37 22 36 48 12 
36 7
48 14 41 13 24 37 46 
31 6
39 41 10 0 44 35 
41 11
13 49 47 36 8 16 17 31 28 48 6 
28 11
32 30 42 41 48 43 16 33 18 1 14 
4 12
33 9 27 13 20 40 49 0 19 26 1 37 
47 14
1 21 11 19 45 37 26 27 41 17 7 15 16 3 
17 7
21 41 0 15 34 40 47 
21 4
17 18 47 35 
19 7
25 14 16 48 4 47 5 
45 7
2 23 22 16 47 14 27 
13 14
41 2 26 37 34 25 32 4 36 43 40 29 44 33 
40 7
30 24 44 4 17 13 29 
15 11
43 47 8 1 18 48 17 29 14 20 32 
29 7
13 9 33 49 15 34 40 
23 7
16 5 34 14 45 2 12 
14 13
44 36 23 43 15 0 19 45 37 27 28 5 3 
3 8
33 47 5 0 37 20 14 42 
43 7
15 24 13 35 26 14 28 
8 7
25 15 11 41 27 48 30 
