50
19 5
21 22 49 20 17 
17 10
31 8 49 11 24 3 18 1 42 19 
29 2
4 43 
43 7
37 27 48 13 38 25 29 
22 3
34 19 16 
16 5
5 9 39 20 22 
38 2
43 7 
7 5
18 4 6 9 38 
48 4
27 0 35 43 
28 1
44 
44 7
32 25 20 8 5 31 28 
41 4
12 42 26 46 
46 3
0 18 41 
25 2
44 43 
2 2
20 37 
37 6
43 5 0 8 14 2 
47 1
8 
8 9
1 44 15 17 20 37 6 32 47 
20 6
44 8 16 2 19 35 
10 4
35 4 11 14 
14 5
35 3 37 10 23 
9 3
30 16 7 
6 3
32 8 7 
4 5
10 29 45 7 31 
18 6
12 7 3 17 46 39 
35 4
48 10 14 20 
23 2
36 14 
21 4
15 19 26 45 
45 6
31 21 36 26 4 12 
15 3
11 21 8 
31 5
17 44 45 4 40 
1 2
8 17 
36 3
34 23 45 
13 2
5 43 
27 3
48 11 43 
11 4
15 10 17 27 
49 6
19 12 17 5 33 30 
30 2
9 49 
33 5
32 40 3 49 0 
5 5
37 13 49 16 44 
42 2
41 17 
32 4
6 33 44 8 
26 4
41 21 0 45 
34 3
22 36 3 
3 5
33 18 17 14 34 
39 2
16 18 
0 6
48 12 37 26 46 33 
24 1
17 
40 2
33 31 
12 5
18 41 0 49 45 
