50
48 5
29 31 7 22 36 
36 10
11 0 33 25 1 23 40 27 9 48 
43 8
29 33 18 12 45 20 34 47 
47 15
3 43 18 29 40 35 26 1 22 9 27 7 28 6 33 
18 3
3 43 47 
38 4
20 6 29 11 
11 8
36 0 13 39 20 28 31 38 
19 6
32 23 34 35 33 1 
1 11
3 33 32 22 36 40 20 47 9 26 19 
24 8
32 10 12 7 13 41 44 46 
46 8
5 12 13 27 20 22 23 24 
44 9
25 33 3 14 37 21 24 32 6 
6 10
9 7 26 2 20 25 38 47 4 44 
12 7
7 43 31 9 46 24 29 
29 10
48 0 35 26 25 38 43 47 12 16 
13 10
49 7 26 32 24 11 33 46 31 27 
27 9
36 47 46 33 45 0 3 32 13 
16 5
35 49 31 10 29 
37 8
34 44 31 17 41 49 45 35 
35 9
3 15 29 16 33 19 47 37 14 
22 8
1 42 15 48 45 46 4 47 
7 11
30 24 47 12 5 13 10 28 48 6 32 
32 9
24 19 45 4 44 1 27 13 7 
10 7
14 7 23 24 28 16 33 
33 13
44 40 13 1 43 47 36 35 45 19 27 28 10 
39 3
11 17 15 
15 9
22 30 35 45 42 5 8 49 39 
31 9
14 12 48 0 16 8 13 37 11 
20 12
1 0 6 38 25 8 46 21 11 43 4 30 
49 6
13 23 8 16 37 15 
8 9
49 23 31 41 26 0 15 20 34 
5 3
46 7 15 
42 6
22 14 26 9 15 25 
45 12
32 34 3 22 43 33 37 9 27 15 41 2 
30 7
7 9 25 15 4 40 20 
4 8
3 22 30 20 9 17 32 6 
3 10
34 47 4 21 44 35 45 1 18 27 
0 9
36 8 11 20 2 29 25 31 27 
14 6
31 10 44 42 26 35 
40 5
1 33 47 30 36 
9 11
34 6 45 30 36 41 12 42 4 47 1 
28 6
47 23 11 7 10 33 
23 10
17 28 19 21 49 41 10 36 8 46 
41 7
23 9 34 8 37 24 45 
17 4
23 37 39 4 
2 5
0 6 26 45 21 
25 8
44 6 30 36 29 0 20 42 
21 6
3 44 20 23 2 26 
34 8
9 3 37 45 19 41 43 8 
26 10
1 6 47 14 13 29 42 2 8 21 
