100
60 4
10 70 5 65 
65 4
82 64 39 60 
34 3
50 66 21 
21 4
62 41 37 34 
89 3
42 25 1 
1 4
10 86 84 89 
53 2
67 44 
44 3
2 30 53 
71 2
48 88 
88 5
36 48 80 40 71 
80 3
23 88 2 
2 5
93 73 44 94 80 
25 4
43 69 89 39 
39 3
69 65 25 
4 3
91 47 92 
92 4
52 90 40 4 
29 5
95 72 31 74 82 
82 4
65 64 66 29 
99 3
62 86 14 
14 3
27 86 99 
17 1
42 
42 6
89 32 81 45 61 17 
66 5
19 73 34 98 82 
18 4
68 74 6 79 
79 5
90 24 38 83 18 
78 2
16 98 
98 6
7 36 72 62 66 78 
41 2
21 97 
97 2
62 41 
61 3
46 24 42 
57 2
76 63 
63 4
73 36 23 57 
45 2
42 56 
56 5
87 24 37 20 45 
31 2
29 55 
55 7
54 68 8 30 22 85 31 
36 8
98 68 63 88 13 27 43 47 
47 2
4 36 
27 7
51 87 14 28 48 6 36 
73 7
38 72 66 74 48 2 63 
15 3
9 81 22 
22 5
16 52 5 55 15 
94 2
77 2 
62 8
21 99 30 87 93 97 98 12 
48 7
87 88 71 73 27 8 64 
64 6
82 48 16 46 65 35 
8 2
55 48 
38 3
73 37 79 
24 4
67 56 61 79 
40 5
67 90 92 52 88 
0 3
70 10 51 
51 2
27 0 
10 6
60 67 69 35 1 0 
70 4
60 54 0 95 
12 4
62 23 52 16 
16 5
78 64 22 96 12 
52 5
40 92 22 93 12 
9 5
86 15 77 54 69 
69 5
46 10 39 25 9 
54 7
55 83 72 58 28 9 70 
93 8
62 6 77 52 75 86 49 2 
49 1
93 
86 6
9 99 93 14 1 72 
75 6
33 93 26 87 91 85 
76 2
57 26 
26 4
77 75 7 76 
84 3
7 1 77 
28 6
68 27 90 54 58 43 
32 3
42 91 83 
83 4
79 54 32 19 
91 5
13 4 75 11 32 
85 3
55 75 23 
87 8
48 27 75 5 3 56 62 96 
43 5
25 68 36 28 81 
58 3
54 74 28 
90 5
79 28 74 40 92 
68 6
36 55 43 18 5 28 
30 3
55 62 44 
6 3
18 93 27 
11 4
7 81 67 91 
46 5
61 64 69 81 67 
67 6
10 40 53 11 24 46 
37 4
56 21 38 50 
50 2
34 37 
7 5
98 84 11 26 13 
13 3
91 36 7 
59 2
20 33 
33 2
75 59 
20 2
56 59 
96 2
16 87 
3 1
87 
5 4
60 87 68 22 
72 5
73 54 98 29 86 
81 5
42 11 15 46 43 
77 5
94 9 93 26 84 
74 5
18 58 73 29 90 
95 2
29 70 
19 2
66 83 
35 2
10 64 
23 4
63 80 12 85 
