100
18 4
62 55 29 92 
92 8
71 97 30 76 25 12 1 18 
14 5
55 7 47 43 3 
3 13
46 37 34 39 14 19 93 67 45 85 17 28 9 
12 6
1 10 63 0 75 92 
64 8
40 17 49 47 30 1 7 41 
41 3
44 86 64 
73 2
62 28 
28 8
42 44 76 61 1 83 3 73 
0 5
82 2 12 60 34 
34 6
3 6 26 54 61 0 
82 7
16 51 98 52 0 15 87 
87 4
40 56 52 82 
48 2
72 93 
93 10
72 3 5 60 67 65 77 71 89 48 
24 5
60 75 85 43 37 
37 5
67 3 85 89 24 
43 5
14 30 52 53 24 
98 2
82 59 
59 5
77 74 60 98 13 
61 9
28 40 34 36 68 25 62 16 10 
52 8
17 43 57 82 2 70 87 50 
15 6
77 71 49 55 82 38 
38 7
90 85 5 97 42 29 15 
54 4
86 34 46 76 
76 8
6 28 53 23 92 79 21 54 
63 5
12 89 36 22 88 
88 5
79 80 13 91 63 
70 5
51 52 57 66 5 
5 5
93 38 86 84 70 
66 2
70 26 
26 6
44 34 56 30 77 66 
25 5
53 61 75 84 92 
44 5
26 41 31 28 86 
86 8
54 79 47 5 7 41 96 44 
27 8
13 62 29 79 47 58 40 20 
20 5
2 95 57 83 27 
10 8
79 77 12 45 1 61 8 33 
33 3
39 81 10 
42 4
94 28 95 38 
80 5
85 8 88 30 2 
2 8
17 20 67 81 52 0 29 80 
9 4
23 13 7 3 
97 4
51 92 38 22 
22 3
31 63 97 
32 3
19 56 31 
31 4
44 22 85 32 
16 5
82 65 67 61 89 
89 7
7 56 63 71 37 16 93 
96 6
17 78 21 47 86 4 
4 5
94 60 69 75 96 
53 8
99 25 36 75 85 67 76 43 
47 12
23 57 96 14 27 83 64 86 58 69 81 19 
19 5
3 32 79 47 8 
1 10
68 50 12 10 64 58 92 28 85 17 
17 11
64 85 2 96 72 6 52 36 65 3 1 
21 4
78 23 96 76 
79 8
68 88 10 27 86 49 76 19 
23 7
21 30 9 47 39 68 76 
39 6
72 33 60 23 49 3 
49 7
55 74 64 15 79 36 39 
90 4
38 7 11 40 
40 10
95 27 61 46 83 90 64 51 87 56 
11 5
8 90 36 30 35 
35 2
50 11 
30 10
23 92 58 43 64 80 11 6 94 26 
36 9
95 17 6 61 53 49 11 63 91 
29 5
38 74 27 18 2 
81 4
56 33 47 2 
67 6
16 37 3 53 93 2 
85 11
95 80 83 1 3 37 24 53 17 31 38 
75 8
24 62 25 8 12 53 4 74 
65 3
16 93 17 
6 6
76 34 78 36 30 17 
56 7
89 87 81 26 94 32 40 
51 6
58 97 70 40 82 99 
83 5
85 28 47 40 20 
46 5
54 3 45 40 71 
71 7
93 92 77 15 89 46 72 
57 7
69 62 47 52 20 70 91 
91 3
36 88 57 
45 6
10 46 8 68 3 7 
7 9
89 9 8 14 90 86 64 99 45 
60 9
0 39 4 93 8 24 84 59 62 
62 7
18 75 27 57 73 61 60 
68 5
45 1 79 23 61 
78 6
21 72 69 96 6 55 
55 6
14 49 18 15 77 78 
84 4
60 50 25 5 
77 8
10 15 74 71 59 93 26 55 
72 6
39 93 48 17 78 71 
74 7
29 77 75 49 58 69 59 
13 4
9 27 88 59 
69 6
78 47 4 57 95 74 
58 6
30 1 51 47 27 74 
50 4
84 1 35 52 
99 3
7 53 51 
8 8
11 80 7 60 10 75 45 19 
94 5
42 4 56 30 95 
95 7
20 40 36 85 42 69 94 
