30
8 9
17 10 29 5 16 21 13 7 19 
19 14
0 1 8 16 18 11 20 28 15 29 13 25 14 26 
7 9
2 12 4 29 18 3 21 20 8 
21 13
14 28 22 8 4 13 7 0 10 29 15 18 25 
13 15
8 16 19 2 14 26 25 20 21 18 27 28 4 9 22 
20 12
19 23 12 24 11 18 5 9 17 7 13 25 
16 9
17 12 8 13 25 19 23 22 3 
29 8
23 28 4 5 8 7 21 19 
15 8
25 6 11 21 28 1 19 26 
26 11
13 25 14 19 2 1 5 27 28 17 15 
1 6
26 19 5 22 10 15 
28 12
13 18 29 10 15 2 19 26 21 24 11 6 
25 13
15 6 4 18 26 19 13 16 20 21 9 27 17 
17 11
16 8 4 6 23 26 14 20 27 9 25 
5 10
6 8 12 1 2 26 29 0 20 11 
11 11
24 15 0 19 2 14 20 9 28 27 5 
24 6
10 28 11 3 20 22 
3 8
4 18 24 7 6 16 0 10 
22 12
13 4 14 6 0 18 1 16 2 21 24 23 
23 7
29 16 20 9 17 22 12 
2 9
28 7 13 5 18 26 4 11 22 
18 11
3 7 13 25 20 28 9 21 22 2 19 
0 9
10 19 12 21 11 3 5 22 4 
6 9
12 25 15 22 17 28 14 5 3 
9 8
13 25 20 23 12 17 18 11 
12 11
6 7 16 5 10 0 20 27 9 23 4 
10 10
0 12 8 14 24 21 27 28 1 3 
14 10
13 17 21 11 10 22 4 26 19 6 
27 7
13 26 12 10 25 17 11 
4 12
3 17 25 13 7 22 14 2 21 12 29 0 
