100
18 1
92 
92 5
76 25 12 1 18 
14 1
3 
3 5
39 14 45 28 9 
12 1
92 
64 1
41 
41 2
86 64 
73 1
28 
28 2
3 73 
0 1
34 
34 2
61 0 
82 1
87 
87 2
52 82 
48 1
93 
93 2
89 48 
24 2
43 37 
37 1
24 
43 2
53 24 
98 1
59 
59 3
74 98 13 
61 7
40 34 36 68 62 16 10 
52 3
2 87 50 
15 1
38 
38 5
85 5 97 42 15 
54 1
76 
76 6
53 23 92 79 21 54 
63 1
88 
88 2
91 63 
70 1
5 
5 4
38 86 84 70 
66 1
26 
26 3
30 77 66 
25 1
92 
44 1
86 
86 3
5 41 44 
27 1
20 
20 2
83 27 
10 2
61 33 
33 1
10 
42 1
38 
80 1
2 
2 5
67 81 52 29 80 
9 1
3 
97 2
38 22 
22 1
97 
32 1
31 
31 2
85 32 
16 2
61 89 
89 2
16 93 
96 1
4 
4 2
75 96 
53 6
36 75 85 67 76 43 
47 1
19 
19 3
79 47 8 
1 2
92 17 
17 3
6 65 1 
21 1
76 
79 2
76 19 
23 1
76 
39 2
49 3 
49 2
36 39 
90 1
40 
40 6
61 46 83 90 51 56 
11 3
36 30 35 
35 1
11 
30 4
11 6 94 26 
36 5
61 53 49 11 91 
29 1
2 
81 1
2 
67 2
53 2 
85 3
53 31 38 
75 3
53 4 74 
65 1
17 
6 2
30 17 
56 1
40 
51 2
40 99 
83 2
40 20 
46 2
40 71 
71 2
46 72 
57 1
91 
91 3
36 88 57 
45 2
3 7 
7 1
45 
60 1
62 
62 2
61 60 
68 1
61 
78 1
55 
55 2
77 78 
84 1
5 
77 2
26 55 
72 1
71 
74 4
75 58 69 59 
13 1
59 
69 1
74 
58 1
74 
50 1
52 
99 1
51 
8 1
19 
94 2
30 95 
95 1
94 
