20
7 8
18 17 10 15 13 19 16 14 
14 7
3 4 12 0 15 9 7 
16 7
19 2 5 18 15 7 8 
19 13
16 4 12 13 7 2 3 5 18 6 0 15 9 
13 11
0 8 12 19 3 18 1 5 17 7 11 
15 8
7 14 1 2 19 8 16 0 
10 6
17 7 2 11 8 5 
17 5
10 7 13 1 5 
5 11
18 2 19 8 16 4 13 12 11 17 10 
9 4
2 19 6 14 
0 7
13 6 14 15 19 2 4 
8 7
13 5 12 15 10 4 16 
4 6
14 11 5 19 8 0 
11 9
12 4 10 3 5 18 6 2 13 
12 9
11 13 8 14 2 19 5 3 6 
2 12
12 9 16 19 5 3 18 15 10 0 6 11 
6 8
0 3 1 2 19 9 11 12 
18 9
7 13 16 19 2 5 1 3 11 
3 8
11 14 13 6 19 2 18 12 
1 5
17 15 18 13 6 
