30
13 7
8 12 19 3 1 24 0 
0 6
19 25 20 11 22 13 
24 5
23 18 10 11 13 
1 6
25 14 17 6 13 26 
19 7
11 0 28 16 23 13 14 
12 5
13 21 14 6 2 
8 6
20 4 13 7 26 18 
16 8
19 25 9 17 27 10 14 18 
18 8
23 24 28 27 14 8 16 7 
14 10
20 16 25 1 18 12 21 11 2 19 
10 12
22 26 20 24 11 7 16 27 29 5 3 25 
27 6
7 2 6 10 18 16 
17 4
22 11 1 16 
9 7
25 23 16 28 11 21 3 
25 13
26 6 4 16 1 23 9 28 0 10 14 20 11 
28 5
18 20 19 9 25 
3 7
13 11 21 10 9 22 5 
21 9
26 4 29 12 11 9 6 14 3 
23 8
18 4 24 25 9 20 19 2 
11 13
22 3 6 9 17 25 19 2 10 0 21 24 14 
22 5
17 11 10 0 3 
20 9
28 14 15 0 10 23 8 6 25 
26 6
25 21 8 10 15 1 
6 8
25 5 1 27 11 21 12 20 
15 3
20 26 7 
2 7
27 11 5 14 4 12 23 
7 6
27 10 15 29 8 18 
29 3
21 10 7 
4 6
5 23 25 21 8 2 
5 5
4 10 6 2 3 
