30
14 10
4 2 1 18 12 24 22 23 15 6 
6 7
7 11 16 4 14 3 29 
15 6
27 22 1 4 14 0 
23 7
27 5 1 13 4 14 21 
22 7
15 25 14 11 21 3 26 
24 7
25 14 13 1 18 11 28 
12 7
8 19 14 10 29 13 27 
26 8
3 10 27 9 13 4 22 8 
8 8
12 11 17 0 29 10 26 19 
4 11
1 14 9 6 21 0 10 15 19 26 23 
13 9
25 23 1 24 11 16 26 12 0 
9 8
4 18 1 7 29 0 26 17 
27 11
23 15 29 1 26 19 2 7 20 17 12 
10 8
2 26 4 3 1 8 12 0 
21 7
20 18 22 23 4 29 2 
29 12
25 8 16 11 21 3 5 27 9 28 12 6 
28 6
7 29 0 24 18 25 
5 3
23 29 11 
3 7
26 20 6 10 29 22 1 
16 5
17 6 7 13 29 
0 11
8 4 2 25 11 7 13 9 28 10 15 
1 13
4 20 14 24 23 7 13 27 9 10 15 2 3 
11 11
6 8 2 29 0 22 24 13 7 20 5 
25 8
29 0 24 17 28 13 22 2 
19 4
4 12 27 8 
20 7
2 18 1 3 27 21 11 
18 6
20 14 9 28 21 24 
2 11
7 20 14 0 10 1 11 21 25 17 27 
7 9
16 6 2 1 28 9 27 0 11 
17 6
2 16 8 25 27 9 
