50
33 3
40 0 21 
21 5
40 26 3 44 33 
0 7
31 33 46 32 13 7 41 
40 3
21 33 5 
44 7
21 32 7 3 34 35 49 
49 6
37 19 12 27 8 44 
35 3
34 44 47 
34 6
29 35 2 44 30 22 
3 5
2 44 16 21 1 
7 4
37 11 44 0 
32 9
44 12 42 41 0 10 23 14 37 
12 7
49 32 9 19 11 42 29 
29 2
34 12 
42 6
9 30 13 32 12 8 
11 5
41 7 43 12 2 
19 11
49 24 12 36 14 39 20 27 9 10 26 
26 7
25 18 46 21 15 10 19 
10 4
26 19 32 36 
9 7
42 12 23 25 38 19 4 
27 6
49 22 28 16 19 13 
20 4
23 48 45 19 
39 4
38 25 43 19 
36 3
19 2 10 
24 4
37 15 19 31 
23 8
20 9 6 32 16 43 5 45 
45 3
20 18 23 
5 4
47 23 17 40 
43 6
8 1 11 23 39 15 
16 5
30 23 27 41 3 
6 3
25 23 13 
4 3
8 46 9 
46 5
28 4 0 26 2 
2 9
8 46 25 3 36 34 41 11 31 
22 2
27 34 
18 7
14 26 45 37 1 13 28 
28 3
46 27 18 
13 7
15 0 42 27 48 6 18 
1 5
31 18 3 43 47 
37 5
49 24 7 18 32 
14 3
19 18 32 
31 4
1 0 2 24 
15 4
13 26 24 43 
48 2
20 13 
8 6
43 4 49 30 2 42 
30 5
34 42 16 8 38 
38 3
39 9 30 
25 6
6 39 9 17 26 2 
17 3
47 5 25 
41 6
11 47 16 2 32 0 
47 5
17 5 1 41 35 
