50
42 11
44 4 12 48 9 29 15 23 26 35 41 
41 13
22 10 7 6 43 16 46 1 3 5 27 28 42 
35 8
14 9 46 16 38 23 36 42 
23 10
1 6 17 27 42 44 25 14 35 37 
49 13
12 29 2 9 48 32 46 44 20 14 34 24 37 
37 14
8 23 20 46 28 7 29 13 2 49 30 25 11 18 
34 8
44 31 27 3 38 15 2 49 
14 18
39 12 38 44 0 9 7 17 43 23 30 32 15 21 47 35 49 2 
44 18
42 34 12 24 43 36 23 7 17 3 16 49 0 1 14 15 40 20 
32 12
24 2 45 10 49 22 36 18 5 39 14 25 
20 17
21 33 19 36 27 47 2 49 37 25 16 44 11 48 18 5 40 
19 10
48 47 43 40 20 39 22 15 0 12 
36 13
25 15 47 27 11 21 33 44 20 6 32 30 35 
27 12
33 5 0 29 22 36 23 41 34 20 43 4 
47 16
29 38 8 33 16 3 21 20 14 17 36 9 22 45 19 2 
25 15
36 33 3 1 45 32 6 20 23 12 40 13 37 7 17 
16 15
3 2 6 20 47 35 44 46 24 18 12 41 0 9 22 
38 12
47 21 14 34 12 2 35 3 18 48 31 9 
9 18
49 45 5 22 17 31 38 8 16 14 13 40 29 18 47 35 10 42 
18 12
12 37 24 32 46 16 20 28 9 1 5 38 
3 14
16 25 38 44 47 4 41 0 34 15 40 46 17 5 
12 17
49 42 18 48 25 4 29 0 19 14 26 44 16 38 8 46 21 
5 13
29 10 20 46 32 9 27 17 11 3 18 22 41 
22 13
16 11 47 9 27 15 45 19 2 32 41 7 5 
11 8
20 45 22 36 37 17 5 8 
17 14
47 4 5 3 44 33 14 11 23 6 45 1 9 25 
46 11
35 33 16 12 49 4 41 18 5 3 37 
28 6
18 8 15 41 37 43 
2 15
16 34 20 14 37 7 33 1 22 32 30 8 38 49 47 
7 12
41 13 25 14 10 29 22 26 2 44 8 37 
29 13
37 5 47 49 0 6 31 9 27 42 12 13 7 
6 7
41 17 25 29 16 23 36 
8 13
47 12 33 2 48 28 9 31 7 0 10 37 11 
39 5
14 32 13 30 19 
30 7
37 13 15 2 14 39 36 
13 13
1 30 25 7 10 15 29 4 43 9 37 21 39 
31 8
38 34 29 15 21 24 9 8 
40 10
25 3 4 20 10 19 26 9 48 44 
10 11
26 21 5 40 15 32 9 41 13 7 8 
0 11
14 3 29 12 27 8 16 44 45 19 24 
43 8
44 24 19 14 27 28 41 13 
15 20
19 21 4 30 24 36 45 3 34 26 14 48 28 31 44 10 42 13 1 22 
45 10
4 47 9 17 11 22 32 0 15 25 
1 12
17 18 23 24 21 26 2 13 41 44 25 15 
48 12
38 19 49 4 21 15 42 12 8 33 20 40 
21 13
10 15 12 38 36 31 48 20 14 13 26 47 1 
4 11
45 15 40 46 13 42 12 3 17 48 27 
26 8
1 10 15 7 42 12 21 40 
24 10
32 49 43 31 16 44 18 1 15 0 
33 10
47 20 46 8 36 2 27 17 48 25 
