30
12 11
10 14 18 1 8 19 9 17 28 21 25 
25 7
27 28 18 8 13 7 12 
21 6
29 28 2 6 12 20 
28 7
20 11 21 25 8 23 12 
17 12
9 22 2 26 3 1 13 7 12 24 29 10 
19 6
10 27 2 22 12 14 
8 8
20 22 7 28 25 29 0 12 
1 7
10 29 24 17 3 6 12 
18 4
25 20 12 26 
14 6
7 12 2 19 24 5 
4 4
16 29 23 22 
22 11
29 17 27 24 26 2 19 8 16 23 4 
23 10
16 6 27 28 26 2 4 11 22 15 
29 10
22 4 1 0 2 21 11 24 8 17 
2 13
24 21 19 17 9 27 5 14 10 15 29 22 23 
27 7
25 20 19 2 22 23 0 
9 9
17 12 20 0 6 7 13 11 2 
11 10
26 24 10 29 13 7 6 23 28 9 
13 7
26 11 25 6 17 9 15 
7 10
26 8 17 9 6 14 20 25 11 3 
6 8
9 23 13 7 26 21 11 1 
3 5
17 16 1 24 7 
24 9
11 2 16 22 1 3 14 29 17 
16 9
4 15 10 24 3 5 23 22 26 
15 7
16 26 2 0 23 13 5 
5 5
16 26 2 14 15 
0 6
9 27 29 10 15 8 
10 8
11 1 12 16 19 2 0 17 
26 11
11 13 7 23 22 15 5 18 6 17 16 
20 7
8 28 9 27 7 18 21 
