100
40 6
39 48 18 84 21 97 
97 3
18 43 40 
92 3
0 34 9 
9 7
73 2 29 0 75 53 92 
94 6
61 35 59 70 15 32 
32 6
88 41 71 69 99 94 
43 7
80 15 6 73 69 45 97 
34 7
68 69 92 24 84 17 27 
27 6
63 85 30 69 73 34 
84 7
12 61 41 49 64 40 34 
51 4
68 30 96 37 
37 6
19 26 2 51 11 79 
83 3
82 73 95 
95 7
25 91 29 45 35 4 83 
25 7
95 63 46 5 53 64 67 
67 3
47 62 25 
64 6
30 16 63 73 84 25 
63 5
65 25 64 27 31 
31 5
50 33 91 15 63 
46 5
17 30 60 25 16 
16 6
90 64 52 73 55 46 
79 3
19 2 37 
11 4
49 74 98 37 
2 11
79 19 47 86 30 88 85 9 17 21 37 
42 6
71 88 96 90 73 28 
28 5
60 39 86 62 42 
12 7
18 76 19 81 84 78 85 
85 13
76 41 27 75 65 5 2 19 35 58 86 54 12 
53 8
23 30 87 96 9 25 38 61 
56 4
90 5 66 89 
89 7
78 55 18 69 98 60 56 
39 6
66 55 40 28 75 19 
19 11
58 80 12 79 65 82 37 85 69 2 39 
75 6
69 76 85 9 62 39 
14 5
61 78 15 26 45 
45 6
78 95 30 72 43 14 
18 9
12 81 97 40 89 55 80 7 1 
1 2
71 18 
7 7
20 57 5 18 8 76 74 
99 5
86 4 32 76 72 
72 4
65 45 41 99 
29 7
9 10 95 35 73 59 6 
6 6
20 47 43 0 29 13 
62 7
70 88 65 67 35 28 75 
36 3
22 78 86 
86 12
78 80 13 3 28 85 35 2 99 82 15 36 
61 7
94 76 14 88 84 71 53 
38 5
58 47 53 66 73 
73 12
42 16 9 27 83 5 43 64 38 29 91 10 
96 4
42 87 51 53 
87 5
96 23 88 53 59 
4 6
26 48 55 99 65 95 
81 7
8 68 18 24 55 12 49 
49 7
80 11 84 78 0 81 3 
69 9
75 27 34 43 19 5 32 59 89 
5 9
56 76 25 85 73 69 78 7 47 
68 8
81 51 82 91 3 66 34 90 
90 8
35 56 42 21 24 16 44 68 
66 9
82 39 38 35 93 26 68 56 91 
74 4
11 59 7 44 
44 4
71 22 90 74 
13 4
86 91 6 21 
21 5
2 90 40 17 13 
93 2
0 66 
88 8
42 62 61 32 2 87 48 52 
52 3
76 16 88 
48 5
71 4 40 88 23 
15 7
23 94 24 14 43 86 31 
57 2
7 58 
58 6
19 70 38 85 55 57 
30 8
46 64 53 51 65 27 2 45 
78 8
89 36 14 86 49 12 5 45 
33 3
31 55 82 
82 9
71 70 19 55 66 83 68 86 33 
0 7
92 9 93 65 6 49 77 
3 4
59 68 86 49 
80 7
19 18 86 49 43 65 71 
71 10
48 20 42 44 54 61 82 32 1 80 
65 10
19 72 62 30 22 85 80 63 0 4 
17 4
34 46 21 2 
23 5
53 15 87 48 98 
98 3
11 89 23 
41 5
85 84 32 72 50 
59 7
69 3 94 74 47 29 87 
20 4
6 71 7 60 
60 4
28 46 89 20 
47 9
6 50 38 67 2 5 59 24 70 
70 6
62 10 94 82 58 47 
91 6
31 95 13 73 68 66 
26 4
4 14 37 66 
35 8
90 94 29 95 86 85 66 62 
10 4
29 70 8 73 
55 10
81 39 89 82 18 22 4 58 33 16 
22 5
54 44 36 65 55 
76 8
61 52 12 85 75 99 5 7 
54 4
22 71 85 8 
77 1
0 
50 3
31 47 41 
8 4
81 10 7 54 
24 5
81 15 34 90 47 
