50
33 8
45 48 31 17 40 29 0 21 
21 7
25 28 40 26 3 44 33 
0 13
43 12 26 10 17 31 16 33 46 32 13 7 41 
40 9
36 41 13 39 27 21 8 33 5 
44 13
27 28 46 22 23 21 32 7 1 3 34 35 49 
49 10
3 37 19 42 12 27 46 16 8 44 
35 7
29 17 27 34 44 43 47 
34 12
25 5 43 47 29 45 35 2 8 44 30 22 
3 9
49 17 22 19 2 44 16 21 1 
7 7
23 42 38 37 11 44 0 
32 13
26 46 44 12 42 41 15 0 10 23 14 24 37 
12 12
20 36 43 47 49 32 9 19 11 42 0 29 
29 10
36 18 35 38 27 24 16 33 34 12 
42 14
11 8 12 32 30 36 9 7 17 28 13 15 14 49 
11 9
36 17 25 41 7 43 42 12 2 
19 15
3 45 9 10 27 20 39 26 14 12 24 49 36 43 38 
26 13
32 48 28 25 18 16 46 37 21 0 15 10 19 
10 7
15 0 26 19 32 23 36 
9 9
20 8 42 12 23 25 38 19 4 
27 11
29 40 47 49 22 28 44 16 35 19 13 
20 8
37 12 22 23 9 48 45 19 
39 6
40 38 25 47 43 19 
36 11
11 5 14 40 42 12 19 2 29 15 10 
24 9
8 32 23 37 29 15 2 19 31 
23 16
10 45 2 5 43 16 44 25 32 6 1 9 20 24 7 15 
45 8
33 43 19 37 34 20 18 23 
5 10
6 37 4 47 36 23 48 17 34 40 
43 13
12 45 35 19 8 1 11 30 23 34 39 0 15 
16 13
29 0 25 26 2 49 30 23 31 27 41 1 3 
6 8
28 31 14 5 46 25 23 13 
4 6
5 18 8 46 28 9 
46 9
44 32 6 28 49 4 0 26 2 
2 14
31 11 24 41 34 36 23 25 28 17 46 8 3 16 
22 7
8 44 47 3 27 20 34 
18 9
29 4 14 26 45 37 1 13 28 
28 14
18 46 44 21 25 13 2 37 26 14 27 42 6 4 
13 10
14 40 15 0 42 28 27 48 6 18 
1 9
23 44 8 16 31 18 3 43 47 
37 13
30 28 31 20 26 45 47 49 24 7 5 18 32 
14 8
36 42 28 13 19 18 6 32 
31 9
25 6 16 33 1 0 2 37 24 
15 9
32 10 36 23 42 13 26 24 43 
48 6
5 38 33 26 20 13 
8 12
24 1 34 40 9 43 4 49 22 30 2 42 
30 7
37 43 34 42 16 8 38 
38 7
19 29 7 39 48 9 30 
25 13
23 16 11 21 6 34 39 31 28 9 17 26 2 
17 10
35 2 11 0 42 33 47 3 5 25 
41 7
40 11 47 16 2 32 0 
47 11
37 12 39 34 22 27 17 5 1 41 35 
