50
15 6
32 33 23 19 26 29 
29 8
9 34 42 1 38 2 7 15 
8 7
7 12 21 30 26 31 38 
38 9
5 29 23 46 8 12 40 39 20 
13 8
30 18 1 31 0 26 2 32 
32 7
6 15 36 46 41 13 35 
24 6
44 37 23 26 19 1 
1 14
25 24 37 23 28 31 36 43 9 0 27 41 29 13 
26 13
25 35 19 27 13 7 15 10 18 24 11 8 16 
16 4
17 27 2 26 
35 7
26 19 42 25 0 10 32 
41 5
1 36 30 37 32 
18 7
13 11 49 45 26 36 12 
12 9
22 8 21 19 25 38 14 34 18 
48 7
10 49 31 11 36 22 19 
19 10
47 35 26 15 3 12 24 34 22 48 
7 10
8 20 6 45 26 27 31 23 0 29 
14 5
33 25 43 12 34 
34 10
29 36 17 3 25 33 19 12 20 14 
11 7
23 48 39 18 47 26 42 
42 7
29 2 35 27 22 37 11 
39 7
36 44 11 38 25 40 20 
20 7
10 30 7 46 38 34 39 
33 7
5 47 15 14 34 21 25 
25 13
1 37 49 0 26 35 12 14 34 39 36 46 33 
4 3
21 0 10 
10 7
20 48 31 35 26 37 4 
22 8
40 6 12 42 48 30 49 19 
49 9
48 6 25 44 46 23 22 18 3 
9 5
29 1 47 43 44 
44 6
39 49 43 24 37 9 
46 10
45 32 17 25 38 49 47 0 20 40 
40 5
47 22 38 39 46 
0 9
35 25 4 1 3 31 46 13 7 
47 8
23 9 40 19 45 11 33 46 
17 7
34 3 45 31 16 46 23 
23 9
47 49 1 11 24 15 38 7 17 
31 12
43 10 0 1 5 8 13 7 36 37 48 17 
37 10
25 24 1 28 31 30 41 44 10 42 
30 10
5 20 13 41 8 22 21 37 27 28 
6 6
32 49 22 7 5 3 
3 8
19 34 0 5 17 21 49 6 
45 10
7 46 47 43 28 17 27 18 5 21 
21 8
4 30 28 12 3 8 33 45 
5 8
6 38 33 30 36 3 31 45 
27 10
28 7 42 1 30 36 26 45 16 43 
28 6
27 45 37 21 1 30 
2 6
42 16 43 29 13 36 
36 12
32 39 34 41 48 27 31 2 5 18 1 25 
43 8
14 1 2 45 44 31 9 27 
