100
41 1
42 
42 3
3 86 41 
14 1
28 
28 2
71 14 
94 1
53 
53 2
84 94 
93 1
92 
92 2
89 93 
2 1
40 
40 4
37 35 2 33 
64 1
15 
15 4
47 64 5 65 
75 1
69 
69 4
12 68 82 75 
87 1
54 
54 4
33 85 97 87 
51 1
73 
73 3
13 4 51 
82 1
69 
0 1
60 
60 3
24 29 0 
89 3
70 25 92 
90 2
59 65 
65 3
15 59 90 
11 1
77 
77 3
78 11 39 
97 1
54 
25 1
89 
91 1
96 
96 2
12 91 
71 3
67 72 28 
23 1
49 
49 3
33 9 23 
34 1
3 
3 4
1 42 34 43 
83 2
22 32 
32 1
83 
22 3
12 83 10 
9 1
49 
98 1
36 
36 2
99 98 
85 1
54 
10 1
22 
12 9
47 37 67 81 69 31 52 22 96 
48 1
6 
6 2
1 48 
70 2
35 89 
78 3
35 77 46 
46 1
78 
35 4
40 70 78 74 
99 2
62 36 
17 2
5 57 
57 2
17 7 
5 5
15 17 30 61 1 
33 3
40 49 54 
37 2
12 40 
7 1
57 
59 2
90 65 
72 1
71 
4 1
73 
13 5
81 73 19 58 88 
18 1
68 
68 2
69 18 
56 3
24 8 55 
55 1
56 
8 1
56 
24 3
62 56 60 
79 2
67 76 
76 1
79 
67 3
12 79 71 
29 1
60 
62 4
81 26 24 99 
52 1
12 
31 1
12 
81 6
12 62 50 63 13 20 
47 4
12 15 84 66 
27 1
61 
61 2
5 27 
44 2
30 38 
38 1
44 
30 2
5 44 
63 1
81 
43 1
3 
66 1
47 
84 3
47 53 16 
16 1
84 
39 2
77 45 
21 1
58 
58 2
13 21 
26 2
62 80 
80 1
26 
86 2
42 95 
95 1
86 
20 1
81 
74 1
35 
88 1
13 
19 1
13 
1 3
5 3 6 
45 1
39 
50 1
81 
