30
5 6
0 27 28 12 2 6 
6 8
15 10 14 25 12 11 27 5 
2 7
25 16 23 10 5 11 27 
22 4
4 10 0 11 
11 15
3 17 25 2 6 19 10 1 22 0 29 15 21 24 12 
0 8
5 8 29 22 21 11 20 25 
9 8
3 20 10 21 28 16 23 25 
25 11
6 2 11 14 10 0 17 9 23 1 16 
23 11
1 8 29 24 4 2 19 20 28 9 25 
16 9
12 20 14 29 10 9 25 2 19 
28 6
4 23 18 5 9 19 
21 10
1 18 9 11 12 10 0 29 4 26 
1 9
23 21 11 24 27 17 20 14 25 
14 8
6 17 12 18 1 25 16 20 
17 7
25 8 15 14 3 1 11 
20 11
18 1 9 16 8 23 29 10 0 15 14 
19 7
11 4 18 13 23 16 28 
26 6
18 12 10 15 8 21 
4 8
28 19 10 15 23 22 8 21 
29 8
16 12 23 20 0 10 11 21 
12 10
29 5 26 16 27 6 14 11 21 13 
15 6
6 11 17 4 26 20 
10 17
26 6 4 21 20 24 11 7 27 13 29 16 3 2 25 9 22 
8 8
23 17 0 26 7 13 4 20 
7 2
8 10 
24 5
23 11 10 1 18 
27 7
12 1 5 18 10 6 2 
3 4
9 17 10 11 
18 9
20 14 13 26 19 28 27 21 24 
13 5
10 18 19 12 8 
