100
15 5
1 75 81 72 43 
43 9
12 94 25 71 11 64 35 15 56 
72 6
5 3 10 63 15 53 
81 6
3 17 74 15 50 45 
75 9
51 88 52 54 24 15 96 16 39 
1 4
15 73 60 34 
51 4
75 95 13 18 
18 5
40 92 35 57 51 
13 6
17 51 91 32 24 42 
95 11
14 54 38 74 19 69 89 12 77 51 70 
24 5
67 2 75 79 13 
79 3
21 24 38 
2 6
33 46 19 49 64 24 
67 7
37 24 89 60 53 33 62 
41 3
83 53 99 
99 7
9 62 54 46 20 59 41 
53 10
87 66 67 65 38 54 61 72 33 41 
83 5
41 7 0 27 47 
97 3
59 87 93 
93 8
11 74 54 33 16 26 97 5 
87 5
53 8 33 97 37 
59 10
76 34 65 23 97 35 91 99 50 17 
37 6
67 77 96 0 87 89 
33 11
2 93 45 67 14 23 87 86 53 85 17 
8 3
87 98 34 
80 3
65 28 98 
98 8
7 80 30 36 12 8 96 26 
28 10
22 64 25 38 32 92 80 0 29 19 
65 9
80 20 53 56 70 78 59 21 11 
48 5
42 23 3 6 9 
9 6
99 52 25 60 31 48 
6 4
73 4 48 68 
3 7
81 89 96 22 72 70 48 
23 6
82 33 36 62 48 59 
42 6
32 48 36 45 40 13 
47 3
25 27 83 
27 7
89 84 64 47 92 83 36 
0 8
70 91 54 30 83 37 28 92 
7 6
83 44 98 54 10 57 
66 3
53 49 60 
60 10
82 39 67 73 35 9 68 1 66 25 
49 6
16 44 39 69 2 66 
70 6
0 71 74 65 95 3 
74 13
64 93 81 71 11 95 70 91 50 44 90 34 82 
71 11
82 70 43 73 61 54 5 74 17 11 84 
82 5
71 23 60 96 74 
96 8
69 31 75 82 37 11 3 98 
91 8
32 74 0 84 59 13 34 77 
77 5
35 95 37 91 94 
34 6
59 74 16 8 91 1 
32 7
91 10 19 42 28 13 90 
90 4
74 11 55 32 
19 4
32 95 2 28 
10 6
35 72 38 54 32 7 
16 5
49 34 75 25 93 
25 10
40 60 47 43 9 28 16 61 63 12 
38 7
10 53 88 95 28 62 79 
21 5
58 79 46 65 30 
56 5
85 29 65 88 43 
88 5
75 38 56 92 30 
29 4
20 17 28 56 
85 3
56 33 62 
39 4
60 49 4 75 
54 13
84 71 95 94 99 93 75 0 10 7 53 4 76 
52 5
9 31 75 14 69 
4 6
63 54 39 6 11 31 
31 6
9 52 40 64 4 96 
11 11
93 43 4 78 71 63 90 22 65 96 74 
63 6
4 35 11 72 25 76 
69 7
96 95 52 49 58 61 14 
44 6
7 74 22 78 49 40 
5 4
72 93 71 36 
26 3
94 93 98 
57 3
78 18 7 
35 7
77 63 10 43 59 18 60 
92 6
61 28 27 0 18 88 
40 7
18 31 25 61 42 44 20 
12 5
43 95 68 98 25 
61 9
36 14 92 40 71 53 86 69 25 
14 5
61 33 95 52 69 
30 4
98 0 88 21 
17 6
13 81 71 59 29 33 
76 3
59 63 54 
94 8
55 22 54 43 86 26 73 77 
84 4
91 54 27 71 
58 3
21 89 69 
89 6
67 95 27 3 37 58 
73 6
45 1 71 6 94 60 
20 5
29 46 65 99 40 
36 7
98 42 50 61 23 27 5 
64 6
43 27 28 74 31 2 
50 4
36 74 59 81 
78 5
57 65 11 44 46 
46 5
2 21 78 20 99 
45 4
73 81 33 42 
68 4
60 12 6 55 
55 3
94 90 68 
62 5
99 23 38 67 85 
86 3
33 94 61 
22 5
94 28 11 3 44 
