100
78 3
28 32 97 
97 4
23 57 37 78 
5 4
68 82 99 93 
93 4
31 26 77 5 
52 1
91 
91 4
20 67 49 52 
68 5
63 46 5 26 72 
72 3
95 90 68 
15 1
16 
16 3
88 65 15 
41 3
74 37 7 
7 4
23 82 71 41 
71 2
21 7 
82 3
5 88 7 
75 2
86 48 
48 2
49 75 
42 2
58 0 
0 5
99 14 74 59 42 
36 3
6 81 22 
22 6
69 32 37 54 61 36 
57 3
1 97 58 
14 2
0 85 
85 5
73 56 70 14 38 
32 4
20 78 22 45 
45 3
96 66 32 
65 2
92 16 
88 3
82 1 16 
58 3
13 42 57 
30 2
11 18 
18 4
76 60 81 30 
84 2
8 76 
76 5
18 35 11 84 80 
4 1
92 
92 3
65 26 4 
80 1
76 
87 2
47 28 
28 4
78 17 12 87 
66 3
1 90 45 
70 2
74 85 
74 6
41 33 0 70 39 64 
83 3
54 79 51 
51 2
19 83 
24 2
10 94 
94 2
23 24 
9 3
61 90 35 
35 3
76 60 9 
26 5
11 68 93 63 92 
12 2
23 28 
98 1
17 
17 6
96 28 98 34 10 95 
89 7
99 33 31 27 37 53 47 
47 3
87 89 6 
37 4
97 41 89 22 
27 4
40 69 89 50 
31 4
89 93 79 8 
33 5
89 74 44 1 19 
99 5
0 5 89 96 25 
1 5
66 33 57 88 23 
81 2
36 18 
95 3
72 17 73 
73 2
85 95 
19 2
33 51 
69 3
22 27 8 
8 6
31 90 84 11 69 46 
39 1
74 
49 4
10 91 48 21 
67 3
11 91 62 
20 7
25 32 96 53 86 91 3 
46 3
29 68 8 
90 7
66 9 8 54 72 2 55 
53 2
89 20 
50 1
27 
59 2
0 56 
56 2
85 59 
62 1
67 
11 5
30 67 26 8 76 
55 1
90 
2 1
90 
10 3
24 49 17 
34 1
17 
96 6
99 20 40 29 17 45 
40 2
27 96 
60 5
54 44 13 18 35 
13 2
58 60 
44 2
33 60 
6 2
36 47 
23 5
97 12 1 94 7 
29 2
46 96 
25 2
20 99 
79 2
83 31 
77 1
93 
21 2
71 49 
63 2
68 26 
64 1
74 
3 2
20 43 
86 2
75 20 
38 1
85 
61 2
9 22 
54 4
83 90 60 22 
43 1
3 
