100
82 4
3 32 65 96 
96 4
26 4 31 82 
40 3
38 16 42 
42 9
5 16 33 41 62 50 73 45 40 
91 2
32 74 
74 11
73 77 78 84 23 95 70 91 50 44 34 
80 5
37 6 94 70 28 
28 10
46 81 29 3 68 50 25 32 92 80 
48 4
73 67 71 23 
23 7
34 94 33 36 62 74 48 
97 3
94 16 87 
87 5
7 33 26 2 97 
85 2
73 33 
33 11
42 5 93 45 67 14 36 23 87 53 85 
22 3
19 59 11 
11 7
9 13 43 78 63 90 22 
34 8
55 23 65 68 13 75 74 16 
16 11
43 71 42 99 94 55 50 97 2 40 34 
52 4
61 79 39 14 
14 6
69 4 27 54 33 52 
88 4
3 75 43 56 
56 4
35 72 29 88 
18 7
9 15 70 94 54 35 57 
57 8
7 29 90 38 64 1 66 18 
35 6
56 90 44 43 59 18 
83 5
90 6 68 38 0 
0 4
54 65 30 83 
92 3
90 39 28 
32 8
86 53 82 38 63 91 15 28 
29 5
5 57 28 17 56 
79 5
52 49 53 84 24 
24 7
84 6 68 50 54 75 79 
41 5
70 42 67 73 53 
53 5
32 79 8 33 41 
76 4
25 65 15 63 
63 6
32 19 11 72 44 76 
1 7
37 65 57 62 72 49 60 
60 5
4 94 8 9 1 
15 6
18 90 76 32 75 81 
81 5
45 28 71 20 15 
75 9
88 64 34 93 99 54 89 24 15 
4 8
47 96 54 90 14 60 39 6 
6 8
94 80 83 71 59 24 43 4 
39 5
68 30 52 92 4 
54 14
19 4 7 10 0 75 99 94 93 95 24 18 84 14 
13 5
72 99 11 34 51 
51 2
95 13 
44 5
67 35 63 64 74 
50 6
45 24 16 42 28 74 
70 6
43 18 41 80 74 65 
95 12
94 20 54 38 74 26 19 69 89 12 77 51 
5 6
30 29 42 33 93 71 
71 6
6 16 81 5 48 17 
93 6
75 30 54 33 26 5 
65 10
34 64 99 82 1 76 9 0 70 21 
21 3
9 86 65 
7 4
57 55 87 54 
2 6
87 77 16 19 86 49 
49 5
94 79 2 1 66 
19 9
54 99 59 9 63 22 95 67 2 
25 5
76 78 43 9 28 
9 9
11 21 18 19 86 65 25 98 60 
43 9
70 16 88 6 94 25 11 64 35 
10 2
30 54 
27 8
3 98 14 90 89 84 64 47 
47 4
64 4 62 27 
84 8
79 54 24 89 59 94 74 27 
89 6
90 84 95 75 27 3 
26 5
87 96 95 38 93 
30 7
17 5 39 62 93 10 0 
17 5
30 90 94 71 29 
99 9
13 59 19 65 75 54 16 46 20 
94 15
97 95 86 43 49 54 73 23 17 84 18 80 16 60 6 
20 5
95 59 66 81 99 
86 5
9 21 2 32 94 
73 6
42 41 48 74 85 94 
31 4
90 68 64 96 
64 9
72 44 65 57 47 43 75 27 31 
45 5
81 50 8 33 42 
55 5
7 3 16 34 90 
90 12
4 35 15 57 83 92 31 17 27 89 11 55 
62 7
1 59 42 47 72 30 23 
3 6
88 82 55 27 28 89 
36 3
67 33 23 
67 8
41 48 36 66 19 44 8 33 
78 4
74 98 25 11 
72 7
77 13 64 1 62 56 63 
98 5
27 9 78 12 8 
8 5
53 45 67 60 98 
12 3
95 68 98 
61 3
46 52 69 
69 4
14 95 58 61 
38 7
58 32 26 83 40 57 95 
58 2
38 69 
77 5
72 74 2 95 37 
66 4
20 57 67 49 
37 3
80 1 77 
59 8
6 99 62 20 84 22 19 35 
68 7
39 34 83 28 31 24 12 
46 3
61 28 99 
