50
7 11
22 6 10 14 34 20 43 47 35 26 27 
27 12
49 47 4 9 7 33 8 42 26 45 39 14 
26 14
23 7 13 27 38 30 43 4 47 49 2 22 1 24 
35 12
0 32 20 22 7 43 48 9 31 16 37 21 
10 8
6 29 49 7 2 31 48 37 
37 15
39 10 36 29 13 4 12 14 22 1 3 18 46 47 35 
48 14
34 24 15 11 18 35 19 49 8 28 46 10 41 36 
2 13
1 42 45 26 9 14 20 10 0 32 30 23 13 
38 7
16 32 6 30 26 42 34 
34 10
32 0 29 48 28 17 23 7 13 38 
42 13
22 23 36 4 47 39 2 0 9 28 27 3 38 
30 10
5 47 28 40 26 2 33 8 38 25 
6 15
13 24 11 10 41 7 20 39 25 32 0 9 5 38 8 
11 11
6 32 4 47 8 12 18 1 48 25 20 
20 13
4 41 7 9 3 35 2 16 6 12 0 15 11 
25 11
43 44 8 19 6 11 24 13 18 5 30 
1 13
41 26 2 24 37 11 15 0 28 9 12 47 4 
12 11
9 32 11 37 16 46 33 1 39 20 23 
39 11
37 6 16 42 12 3 5 18 31 9 27 
9 17
12 28 4 1 39 20 44 16 42 27 47 35 49 2 32 6 29 
18 11
25 5 24 37 11 21 31 28 48 15 39 
5 11
6 30 23 33 14 39 3 18 19 25 0 
49 12
41 8 44 0 15 10 29 27 48 9 4 26 
44 12
23 19 29 25 41 13 49 14 40 28 31 9 
16 14
38 41 20 39 40 19 45 35 47 0 9 28 12 23 
32 14
14 2 35 13 15 0 9 28 6 12 34 11 38 43 
24 11
26 36 43 40 18 1 0 25 31 48 6 
0 18
35 34 23 20 24 31 17 32 6 49 2 4 5 1 16 3 14 42 
22 8
42 7 37 46 33 45 35 26 
33 12
45 21 13 29 3 5 4 27 28 30 22 12 
46 6
21 37 22 36 48 12 
36 9
42 48 14 41 13 21 24 37 46 
31 11
4 28 24 18 39 41 10 0 44 45 35 
41 16
44 20 19 6 48 31 28 17 16 8 36 47 49 13 14 1 
28 16
31 44 14 34 33 3 16 43 18 48 1 9 41 42 30 32 
4 16
31 11 37 26 19 49 20 40 13 42 27 1 0 9 33 8 
47 18
30 9 1 21 11 19 45 37 26 42 27 41 17 7 13 15 16 3 
17 9
8 21 41 0 15 34 40 43 47 
21 7
36 46 33 17 18 47 35 
19 10
41 25 14 44 16 48 4 47 3 5 
45 9
2 23 22 33 16 47 14 31 27 
13 16
6 47 41 2 26 37 34 25 32 4 36 43 40 29 44 33 
40 8
30 24 16 44 4 17 13 29 
15 13
49 43 47 8 3 1 18 48 17 29 14 20 32 
29 10
37 13 9 44 33 49 10 15 34 40 
23 11
0 44 16 5 34 14 26 45 2 42 12 
14 17
2 32 3 5 7 28 41 27 37 45 19 0 15 23 43 36 44 
3 12
28 19 33 47 5 15 0 37 39 20 14 42 
43 11
32 25 15 24 7 13 35 26 14 17 28 
8 11
4 49 6 25 15 11 41 17 27 48 30 
