30
5 3
24 28 25 
25 6
28 29 10 23 1 5 
28 9
5 1 25 15 10 16 8 9 21 
13 6
22 20 11 21 24 27 
27 5
21 10 14 18 13 
24 4
9 5 29 13 
21 9
10 0 13 2 26 27 17 9 28 
20 4
9 13 4 15 
29 10
24 11 19 6 8 10 0 25 9 17 
17 5
11 21 8 14 29 
9 6
20 24 21 10 29 28 
0 3
21 29 14 
10 7
21 7 9 27 28 29 25 
8 5
3 29 28 17 4 
6 4
23 16 29 4 
19 3
15 29 23 
11 4
13 17 29 4 
15 4
28 19 7 20 
7 5
4 10 15 16 22 
23 6
22 14 6 25 16 19 
22 4
23 2 13 7 
2 3
21 4 22 
1 3
25 14 28 
14 10
18 1 3 4 23 17 27 26 12 0 
4 8
7 14 20 8 26 2 11 6 
18 2
14 27 
12 2
26 14 
26 4
4 12 21 14 
3 2
8 14 
16 4
28 7 6 23 
