100
54 1
31 
31 2
85 54 
91 1
70 
70 5
99 11 84 5 91 
64 1
59 
59 2
90 64 
98 1
94 
94 2
80 98 
89 1
90 
90 4
73 59 89 72 
5 1
70 
28 1
86 
86 2
11 28 
87 1
62 
62 3
6 87 56 
56 1
62 
79 2
22 95 
95 2
40 79 
23 1
66 
66 4
46 44 76 23 
77 1
1 
1 3
47 0 77 
25 1
78 
78 3
9 19 25 
2 1
55 
55 2
11 2 
15 3
26 37 96 
96 1
15 
37 1
15 
26 2
75 15 
92 1
50 
50 2
67 92 
4 1
57 
57 2
13 4 
24 1
19 
19 2
78 24 
49 1
13 
13 7
73 12 47 49 33 57 27 
93 1
81 
81 3
8 22 93 
38 1
72 
72 2
90 38 
61 1
30 
30 2
75 61 
82 1
0 
0 2
1 82 
32 1
58 
58 2
80 32 
16 1
60 
60 2
18 16 
52 1
97 
97 3
88 52 17 
14 1
51 
51 2
18 14 
53 1
45 
45 3
33 40 53 
75 5
88 30 18 42 26 
21 1
65 
65 2
39 21 
41 1
12 
12 4
13 41 39 8 
18 5
75 51 46 83 60 
76 1
66 
47 4
13 99 1 34 
9 2
78 73 
36 1
35 
35 2
39 36 
73 5
9 13 88 68 90 
7 1
11 
11 4
70 86 55 7 
39 5
12 80 65 43 35 
42 1
75 
88 3
73 97 75 
68 1
73 
83 1
18 
46 2
18 66 
43 1
39 
80 3
39 58 94 
48 2
29 71 
71 1
48 
29 2
33 48 
27 1
13 
44 1
66 
10 2
8 3 
3 1
10 
8 3
12 81 10 
6 2
67 62 
67 3
85 6 50 
33 3
13 29 45 
40 4
45 69 85 95 
85 3
40 67 31 
69 1
40 
17 2
97 20 
20 1
17 
74 1
84 
84 2
70 74 
99 2
47 70 
34 1
47 
63 1
22 
22 3
79 81 63 
