100
41 5
63 32 52 64 42 
42 8
29 25 77 79 12 3 86 41 
14 4
50 36 21 28 
28 6
56 44 12 71 40 14 
94 5
46 31 22 95 53 
53 3
49 84 94 
93 4
37 99 83 92 
92 7
27 23 96 77 89 2 93 
2 6
58 12 31 7 92 40 
40 8
28 39 1 24 37 35 2 33 
64 5
41 97 19 60 15 
15 9
50 12 8 13 47 64 5 22 65 
75 4
55 88 21 69 
69 8
11 89 77 12 68 82 85 75 
87 3
96 29 54 
54 4
33 85 97 87 
51 3
9 0 73 
73 7
32 29 1 60 13 4 51 
82 3
84 0 69 
0 6
30 52 51 47 82 60 
60 8
79 73 19 64 11 24 29 0 
89 10
88 26 69 13 9 66 5 70 25 92 
90 6
3 91 50 44 59 65 
65 7
76 35 9 22 15 59 90 
11 5
18 69 60 30 77 
77 7
42 69 71 78 11 92 39 
97 3
18 64 54 
25 5
55 42 86 57 89 
91 4
24 90 39 96 
96 9
74 72 50 92 84 71 12 87 91 
71 8
84 77 80 44 96 67 72 28 
23 4
20 92 3 49 
49 6
26 4 53 33 9 23 
34 4
36 45 56 3 
3 8
23 84 1 42 90 34 58 43 
83 7
80 21 24 48 93 22 32 
32 11
43 85 31 9 73 19 41 7 63 36 83 
22 9
19 94 65 79 12 83 15 63 10 
9 6
65 95 32 89 51 49 
98 5
86 38 27 19 36 
36 5
32 99 14 34 98 
85 6
10 69 33 32 50 54 
10 4
84 31 85 22 
12 17
8 57 2 96 22 52 31 28 69 81 67 26 37 47 42 15 68 
48 7
8 37 17 5 83 47 6 
6 6
62 99 70 18 1 48 
70 7
7 6 79 86 5 35 89 
78 5
13 17 35 77 46 
46 3
94 56 78 
35 8
38 65 43 58 40 70 78 74 
99 5
6 93 38 62 36 
17 5
78 48 1 5 57 
57 7
12 19 30 72 25 17 7 
5 11
39 37 89 70 15 48 17 30 38 61 1 
33 5
85 8 40 49 54 
37 7
5 93 48 38 29 12 40 
7 6
70 2 32 62 72 57 
59 2
90 65 
72 6
96 95 57 19 7 71 
4 2
49 73 
13 11
55 78 89 63 56 15 81 73 19 58 88 
18 8
11 20 6 81 97 80 1 68 
68 4
12 69 1 18 
56 7
13 28 34 24 46 8 55 
55 5
13 75 47 25 56 
8 6
12 21 48 33 15 56 
24 10
88 86 43 83 38 62 91 56 40 60 
79 6
70 42 60 22 67 76 
76 2
65 79 
67 4
88 12 79 71 
29 6
42 73 87 37 20 60 
62 8
95 50 7 81 26 24 6 99 
52 3
41 0 12 
31 5
10 2 94 32 12 
81 8
18 74 12 62 50 63 13 20 
47 7
55 48 12 0 15 84 66 
27 4
92 20 98 61 
61 2
5 27 
44 8
28 1 90 71 84 30 50 38 
38 8
35 98 5 24 21 37 99 44 
30 6
0 57 11 5 16 44 
63 5
13 41 32 22 81 
43 4
35 24 32 3 
66 2
89 47 
84 9
71 10 82 3 47 53 96 44 16 
16 3
30 86 84 
39 6
40 58 91 5 77 45 
21 6
83 8 38 75 14 58 
58 7
39 3 2 45 35 13 21 
26 5
89 12 49 62 80 
80 5
71 88 83 18 26 
86 7
16 98 24 70 25 42 95 
95 6
72 62 9 94 19 86 
20 5
18 27 29 23 81 
74 3
96 81 35 
88 6
75 89 24 67 80 13 
19 9
32 64 72 98 60 57 22 95 13 
1 9
17 40 73 44 68 18 5 3 6 
45 3
58 34 39 
50 8
85 62 44 96 14 90 15 81 
