30
1 7
11 14 19 0 15 28 4 
4 7
16 3 1 13 21 14 10 
28 4
1 11 21 24 
15 7
23 19 5 1 24 21 8 
0 2
1 21 
9 10
2 8 3 5 29 10 21 11 27 22 
22 12
14 23 2 18 7 13 12 29 17 9 16 6 
27 5
21 8 3 9 7 
11 5
18 1 3 28 9 
21 13
7 2 19 12 15 0 18 3 4 27 9 17 28 
10 5
29 17 9 3 4 
29 7
10 12 20 14 22 9 5 
6 5
25 14 5 23 22 
16 4
2 13 4 22 
7 7
12 22 23 21 24 27 5 
3 12
4 12 20 9 27 8 11 21 18 5 10 13 
5 8
20 24 9 6 15 29 7 3 
14 9
23 22 6 29 4 19 26 1 18 
13 7
22 23 26 4 3 16 8 
8 7
2 3 9 27 17 13 15 
26 3
23 13 14 
24 5
5 7 15 28 23 
19 6
14 1 2 17 15 21 
23 10
22 14 20 6 15 18 7 13 26 24 
18 8
11 21 25 22 23 17 3 14 
17 8
10 22 19 20 18 21 12 8 
12 9
7 29 3 22 21 17 20 25 2 
20 6
23 5 3 29 17 12 
2 8
9 22 19 16 8 25 21 12 
25 4
6 18 2 12 
