20
12 10
0 11 8 16 18 5 3 1 13 2 
2 16
14 12 4 8 16 3 5 11 18 17 9 0 6 19 15 13 
13 13
11 7 15 17 9 18 3 5 2 19 8 16 12 
1 7
11 14 0 6 3 12 9 
3 11
0 10 13 14 8 18 1 2 12 9 17 
5 13
6 4 18 10 15 11 19 2 7 13 16 8 12 
16 14
12 0 9 17 7 14 5 10 13 15 11 8 19 2 
8 12
13 11 16 12 18 3 5 19 2 10 17 9 
9 13
6 13 15 10 0 11 18 3 1 16 8 2 19 
10 11
14 7 4 16 8 9 17 3 5 18 11 
19 11
11 6 8 16 2 5 7 13 0 17 9 
15 10
9 13 14 4 16 2 0 11 18 5 
11 18
8 4 19 6 13 15 10 2 5 18 7 17 1 0 9 12 16 14 
0 12
12 4 16 11 9 2 19 15 7 3 1 18 
4 11
11 7 6 0 10 15 17 18 5 2 14 
14 11
2 11 6 10 15 16 1 3 18 17 4 
17 12
13 7 4 19 2 10 11 8 16 18 3 14 
18 16
12 3 6 14 9 0 10 13 15 5 17 7 2 8 4 11 
7 10
17 13 4 19 16 5 18 10 0 11 
6 9
9 14 4 19 2 5 1 18 11 
