30
15 16
6 5 4 8 29 20 14 26 10 27 17 0 22 3 11 18 
4 13
7 11 24 25 20 0 15 19 2 5 1 8 16 
8 12
26 6 4 0 15 10 24 3 5 1 9 27 
29 12
20 7 26 27 17 28 1 5 24 23 10 15 
10 10
14 11 19 9 23 3 29 0 15 8 
20 16
23 24 28 7 21 29 13 15 0 19 2 3 11 18 4 14 
14 14
10 11 24 15 19 25 17 28 7 21 20 22 9 1 
11 11
13 26 4 9 3 10 0 15 14 20 22 
26 13
11 8 13 12 27 17 6 29 15 2 19 18 1 
27 10
5 26 2 6 7 25 29 15 17 8 
13 7
26 11 24 12 3 1 20 
1 14
9 4 8 7 28 17 6 19 13 29 16 3 26 14 
12 8
26 25 18 16 28 9 21 13 
24 16
20 3 18 8 22 9 6 19 28 17 7 29 13 25 4 14 
23 8
9 20 5 10 29 2 21 25 
5 11
25 4 23 8 28 27 17 15 29 18 6 
28 15
5 17 14 29 0 1 16 3 24 20 21 12 19 6 25 
17 15
28 16 27 19 26 14 29 15 5 9 0 1 18 25 24 
9 14
12 17 25 8 16 14 24 10 1 22 23 11 18 2 
25 14
5 3 27 23 0 9 22 17 28 7 14 24 4 12 
6 13
15 28 27 24 21 19 2 26 8 16 22 1 5 
19 12
6 0 10 4 2 26 1 24 14 20 28 17 
22 9
0 15 16 9 25 6 24 11 14 
2 11
6 18 16 9 27 20 23 4 19 26 7 
21 7
0 6 28 20 14 12 23 
0 14
15 25 16 8 7 17 28 4 20 21 11 22 10 19 
3 12
24 11 1 8 16 20 28 13 7 15 10 25 
18 10
15 17 9 12 2 26 20 16 5 24 
16 12
2 22 12 1 18 3 17 9 28 6 0 4 
7 11
4 20 14 27 25 29 0 1 3 24 2 
