20
17 8
0 11 4 3 5 19 16 8 
8 8
14 12 10 0 3 1 9 17 
19 10
6 12 4 18 5 17 10 15 2 14 
7 7
10 15 0 4 1 13 2 
2 10
12 11 1 5 9 0 15 19 13 7 
13 11
14 2 16 11 0 10 6 18 3 5 7 
1 6
2 14 8 7 0 9 
18 10
3 5 13 19 9 4 14 15 0 10 
10 9
0 19 4 9 7 13 8 5 18 
0 17
6 10 13 8 2 16 3 5 12 18 11 1 9 4 14 17 7 
11 8
16 2 13 15 0 17 9 12 
12 9
14 6 19 2 9 8 16 0 11 
9 12
14 12 4 10 0 6 2 18 5 1 8 11 
14 13
13 8 9 12 6 0 15 3 1 18 5 4 19 
4 12
16 19 7 17 9 10 0 15 14 5 18 3 
5 12
18 4 19 2 16 17 9 13 0 10 14 6 
15 9
6 18 16 7 11 4 14 19 2 
6 10
19 15 0 12 16 13 14 3 5 9 
16 10
4 13 6 15 0 11 17 12 3 5 
3 9
18 14 17 16 8 0 13 6 4 
