30
16 16
11 8 19 2 20 21 28 14 13 9 22 23 25 4 12 5 
8 14
19 26 17 28 1 9 12 16 13 25 21 24 10 4 
19 16
14 6 16 8 18 5 10 27 12 9 1 22 24 20 17 7 
2 10
21 4 0 28 14 20 16 18 5 3 
21 10
6 5 3 2 26 4 8 16 14 20 
28 13
25 18 13 7 2 27 16 8 29 15 6 14 20 
14 15
26 2 20 21 7 17 28 16 10 19 6 4 22 1 13 
13 13
14 4 26 8 16 3 28 27 17 23 22 25 0 
22 9
3 23 14 19 4 16 11 7 13 
25 8
28 0 29 8 16 5 1 13 
17 12
19 14 20 7 13 9 8 1 3 5 29 23 
12 10
27 24 19 26 3 18 1 29 16 8 
0 8
9 27 25 3 20 2 26 13 
3 12
17 9 20 21 12 0 1 26 2 13 22 23 
26 15
11 18 14 24 21 4 12 3 0 29 13 7 27 8 23 
15 6
18 5 1 27 28 24 
24 12
7 1 8 12 20 11 10 15 19 26 27 9 
1 14
9 25 20 14 19 6 15 3 12 24 23 17 7 8 
5 9
4 21 16 19 2 25 15 20 17 
29 8
7 25 26 20 12 28 9 17 
20 18
14 11 16 3 19 4 5 29 1 0 10 27 7 28 17 21 24 2 
6 10
7 14 23 21 11 18 1 27 28 19 
27 15
12 4 20 26 7 28 19 6 24 18 11 13 15 0 10 
9 11
19 0 29 8 16 7 4 17 24 3 1 
4 16
5 8 2 23 26 14 18 11 20 21 22 9 13 16 27 10 
11 11
16 26 10 20 27 6 18 24 23 22 4 
23 13
22 7 13 26 10 16 11 6 4 17 18 1 3 
7 15
24 20 18 27 17 28 14 26 29 19 6 1 9 22 23 
18 12
6 4 15 23 26 2 19 12 7 11 28 27 
10 9
19 4 27 23 8 14 20 11 24 
