50
9 3
40 2 13 
13 7
12 14 8 43 10 0 9 
24 6
23 49 48 42 5 18 
18 5
17 0 34 23 24 
20 3
37 38 26 
26 4
38 29 28 20 
19 3
48 8 7 
7 2
32 19 
22 8
12 5 36 6 27 33 29 47 
47 3
1 12 22 
29 9
15 49 2 26 6 30 22 17 27 
46 3
40 34 14 
14 2
13 46 
34 4
18 23 33 46 
16 2
40 4 
4 4
45 41 48 16 
0 4
18 23 42 13 
37 5
20 42 27 38 32 
32 5
12 36 1 37 7 
21 2
15 11 
11 3
45 30 21 
23 9
24 25 38 0 30 36 34 45 18 
45 4
11 4 30 23 
36 5
3 44 32 22 23 
30 8
44 29 15 23 45 2 28 11 
28 5
42 10 5 30 26 
1 6
47 35 10 44 8 32 
2 8
29 10 9 8 30 39 3 5 
5 6
22 28 43 49 24 2 
39 1
2 
25 4
23 6 41 12 
12 7
22 13 32 8 33 47 25 
41 5
17 15 3 4 25 
6 4
22 48 29 25 
44 7
1 40 36 30 43 49 38 
38 5
23 20 26 37 44 
49 5
24 5 29 10 44 
43 7
5 15 13 48 31 8 44 
8 7
12 13 19 2 43 1 33 
33 6
34 3 42 12 22 8 
27 4
37 3 22 29 
17 6
18 48 41 15 29 10 
15 7
35 29 21 41 43 17 30 
48 8
17 19 24 6 43 4 42 3 
31 1
43 
40 5
9 46 16 44 42 
42 7
33 37 24 28 48 0 40 
10 7
1 13 49 28 17 2 35 
3 6
2 36 33 41 27 48 
35 3
1 15 10 
