20
5 8
13 11 9 17 1 3 4 15 
15 6
13 9 8 14 10 5 
4 11
6 17 13 14 2 11 0 10 3 1 5 
3 10
6 4 11 1 5 18 16 8 0 7 
8 7
14 19 1 3 15 9 17 
17 14
12 14 8 10 5 2 6 19 18 11 4 0 1 9 
19 7
17 1 13 2 8 0 6 
9 7
17 5 18 8 2 15 10 
10 6
4 15 2 17 9 16 
0 8
4 13 12 17 1 18 3 19 
12 7
11 13 7 0 16 14 17 
1 10
0 8 17 5 18 3 19 2 11 4 
11 9
12 16 17 14 4 7 5 3 1 
2 7
16 19 4 9 17 10 1 
18 6
13 0 9 17 1 3 
16 6
14 11 2 3 12 10 
7 5
13 12 11 6 3 
14 9
11 16 8 4 6 12 15 17 13 
6 7
4 17 3 13 7 14 19 
13 10
18 5 7 12 4 19 6 0 15 14 
