50
33 5
17 40 29 0 21 
21 7
25 28 40 26 3 44 33 
0 7
31 33 46 32 13 7 41 
40 7
36 13 39 27 21 33 5 
44 8
23 21 32 7 3 34 35 49 
49 6
37 19 12 27 8 44 
35 3
34 44 47 
34 7
47 29 35 2 44 30 22 
3 7
17 22 2 44 16 21 1 
7 5
38 37 11 44 0 
32 9
44 12 42 41 0 10 23 14 37 
12 8
36 49 32 9 19 11 42 29 
29 4
24 33 34 12 
42 6
9 30 13 32 12 8 
11 5
41 7 43 12 2 
19 12
43 49 24 12 36 14 39 20 27 9 10 26 
26 7
25 18 46 21 15 10 19 
10 4
26 19 32 36 
9 8
8 42 12 23 25 38 19 4 
27 8
40 47 49 22 28 16 19 13 
20 4
23 48 45 19 
39 5
40 38 25 43 19 
36 5
40 12 19 2 10 
24 5
37 29 15 19 31 
23 9
20 9 6 32 44 16 43 5 45 
45 3
20 18 23 
5 5
37 47 23 17 40 
43 8
19 8 1 11 30 23 39 15 
16 6
30 23 27 41 1 3 
6 4
46 25 23 13 
4 4
18 8 46 9 
46 6
6 28 4 0 26 2 
2 9
8 46 25 3 36 34 41 11 31 
22 4
47 3 27 34 
18 8
4 14 26 45 37 1 13 28 
28 5
25 21 46 27 18 
13 8
40 15 0 42 27 48 6 18 
1 6
16 31 18 3 43 47 
37 6
49 24 7 5 18 32 
14 3
19 18 32 
31 4
1 0 2 24 
15 4
13 26 24 43 
48 2
20 13 
8 7
9 43 4 49 30 2 42 
30 6
43 34 42 16 8 38 
38 4
7 39 9 30 
25 8
21 6 39 28 9 17 26 2 
17 5
33 47 3 5 25 
41 6
11 47 16 2 32 0 
47 8
34 22 27 17 5 1 41 35 
