50
43 8
41 45 19 31 20 34 1 22 
22 4
18 6 8 43 
1 12
21 35 6 32 43 3 5 12 38 30 39 14 
34 5
13 40 15 43 23 
31 10
43 49 25 5 3 10 32 48 28 21 
21 9
1 47 14 39 42 28 31 36 30 
28 7
5 45 40 21 31 8 16 
48 5
25 14 12 31 30 
32 8
39 40 29 38 31 27 1 12 
10 12
2 42 4 47 11 24 31 17 25 15 0 5 
3 8
4 15 16 12 37 1 9 31 
5 9
16 37 35 28 9 31 1 10 20 
25 7
48 31 2 26 10 11 18 
18 7
42 23 22 46 33 25 49 
11 6
2 47 10 9 25 42 
26 6
15 44 20 25 7 13 
2 8
10 41 45 27 25 38 11 14 
14 8
41 48 21 49 36 20 1 2 
38 8
8 13 32 27 9 1 35 2 
23 5
30 17 18 39 34 
20 6
7 27 43 26 14 5 
30 8
23 47 33 16 17 48 21 1 
17 8
12 41 49 23 30 10 40 46 
45 6
43 24 2 28 0 29 
29 7
41 6 32 45 39 33 37 
0 10
40 4 16 46 10 6 7 19 45 36 
6 5
1 29 0 22 19 
19 5
0 43 41 12 6 
9 8
27 5 3 11 44 33 8 38 
8 6
49 24 38 22 28 9 
33 6
30 42 40 18 9 29 
46 4
18 0 41 17 
41 9
14 43 7 29 17 46 2 19 42 
13 7
34 7 27 37 49 38 26 
49 6
8 14 31 17 13 18 
37 4
13 3 5 29 
39 9
40 4 32 21 24 15 29 1 23 
15 6
3 10 26 34 39 27 
27 9
38 20 13 9 2 42 24 32 15 
42 8
10 18 27 21 11 33 44 41 
44 4
26 9 47 42 
16 7
12 3 5 0 30 36 28 
40 7
0 39 34 32 33 28 17 
7 8
20 41 13 12 0 26 35 4 
4 6
3 39 24 0 10 7 
35 4
1 5 7 38 
12 8
16 7 17 48 19 3 1 32 
24 6
4 45 8 27 39 10 
47 6
44 30 36 21 11 10 
36 5
21 14 16 47 0 
