20
8 14
10 2 19 12 16 3 5 13 14 0 9 17 4 11 
0 11
4 10 15 17 9 13 12 2 19 8 5 
2 10
12 19 3 7 13 4 8 9 0 10 
19 11
11 12 5 1 4 17 2 15 0 8 13 
12 12
19 2 6 14 10 0 15 16 8 4 5 18 
3 6
1 9 2 7 13 8 
13 12
11 14 5 3 0 16 8 2 19 6 9 17 
14 8
6 8 1 11 12 13 10 9 
9 13
8 7 13 10 0 3 18 5 1 6 2 11 14 
10 13
6 8 4 9 17 0 15 12 18 5 14 7 2 
11 11
19 8 4 13 7 14 1 5 18 15 9 
1 10
6 11 19 9 3 18 5 14 4 15 
7 9
2 9 5 3 11 10 15 16 6 
5 12
12 19 16 8 17 9 1 11 10 0 7 13 
18 6
1 9 6 10 11 12 
15 8
6 19 0 10 11 12 7 1 
4 9
0 10 8 11 19 2 1 12 17 
17 8
5 8 6 0 10 19 13 4 
6 11
10 15 14 1 18 16 12 13 7 17 9 
16 6
8 5 6 12 13 7 
