20
8 9
9 4 15 1 5 16 2 6 13 
13 10
10 6 4 11 1 5 17 9 16 8 
4 6
8 16 13 6 10 15 
15 9
8 6 5 1 9 17 19 2 4 
3 5
11 16 12 18 9 
9 12
16 8 19 12 6 14 7 13 15 10 0 3 
16 9
6 12 13 4 3 18 8 9 17 
17 8
1 13 2 14 15 12 6 16 
14 7
11 5 1 6 9 17 12 
12 9
10 16 7 3 1 19 9 17 14 
2 7
6 1 8 17 11 0 15 
5 6
14 8 13 1 18 15 
18 8
11 10 0 6 16 3 5 7 
11 7
14 3 18 1 2 7 13 
7 7
10 0 11 12 9 1 18 
19 5
9 6 12 0 15 
1 11
8 17 11 12 14 2 5 13 7 10 15 
10 8
12 4 18 1 7 13 6 9 
6 12
18 13 2 19 4 10 15 16 8 14 9 17 
0 5
18 7 19 2 9 
