30
29 14
17 28 27 5 1 0 21 3 16 14 26 2 25 12 
14 13
8 7 2 19 26 17 9 27 28 6 23 22 29 
28 11
7 8 5 18 11 9 27 29 14 20 2 
1 11
6 20 9 18 3 23 22 29 2 11 24 
0 13
5 4 23 22 21 9 15 29 13 6 20 25 8 
21 11
6 23 8 17 0 10 29 12 3 5 19 
15 10
13 10 0 24 22 23 19 26 9 17 
17 12
4 12 18 19 13 7 29 15 14 20 21 24 
26 8
3 13 20 14 27 29 15 25 
23 17
14 25 12 15 19 27 5 3 18 11 20 21 0 1 22 4 7 
22 11
27 7 23 1 0 15 25 24 11 20 14 
13 9
6 26 27 17 9 4 15 0 20 
20 13
16 26 2 23 22 1 18 5 9 17 28 0 13 
4 11
17 23 10 0 6 13 18 3 8 16 19 
11 8
16 7 9 28 1 18 23 22 
24 13
12 2 25 9 17 15 10 16 22 6 18 5 1 
25 13
16 24 23 22 29 10 0 18 3 7 19 2 26 
2 14
18 1 28 7 25 27 10 29 24 14 20 19 6 8 
9 17
18 11 28 7 1 0 13 15 10 27 3 5 24 14 20 8 19 
7 11
11 22 23 14 19 2 6 28 17 9 25 
10 10
15 4 2 25 24 21 9 3 18 5 
27 15
19 18 5 23 2 26 14 22 9 28 12 16 8 29 13 
3 12
21 23 1 4 29 10 25 6 26 19 9 16 
5 11
23 20 16 28 27 9 21 24 0 29 10 
8 10
4 2 14 21 6 27 28 9 16 0 
19 14
15 21 4 23 3 18 12 9 27 2 14 25 17 7 
6 13
2 16 8 4 13 7 1 18 3 0 14 21 24 
16 11
25 6 20 29 27 5 3 4 11 24 8 
18 16
2 4 23 11 24 12 25 10 27 28 17 19 6 9 1 20 
12 8
29 24 21 17 27 18 19 23 
