20
10 4
4 16 6 19 
19 10
9 3 6 2 12 4 0 15 10 8 
14 7
5 2 6 16 8 4 15 
15 10
11 0 9 8 16 12 2 19 4 14 
12 9
7 13 15 19 2 3 1 5 9 
9 8
19 15 13 17 16 12 5 18 
5 8
14 1 11 9 12 7 8 16 
1 12
2 17 4 8 16 13 7 5 18 3 6 12 
2 9
14 4 19 15 8 13 1 18 12 
13 9
0 2 9 17 4 12 7 1 3 
3 7
19 16 6 12 1 7 13 
7 8
12 0 4 3 1 5 11 13 
4 8
1 2 19 14 7 13 10 15 
6 9
19 14 17 18 3 1 10 8 16 
16 9
15 10 14 11 9 3 1 5 6 
8 9
11 14 6 1 5 2 19 15 0 
17 5
9 1 6 13 0 
0 7
15 11 19 13 7 8 17 
11 7
15 0 8 16 18 5 7 
18 5
6 11 1 2 9 
