20
5 7
2 15 16 14 7 13 17 
17 9
4 14 11 2 19 10 6 18 5 
13 6
15 4 7 5 16 8 
7 10
14 12 16 0 10 15 13 2 5 18 
14 8
7 0 15 17 16 5 2 11 
16 12
6 13 7 14 0 10 1 3 5 18 8 4 
15 7
14 5 1 11 10 13 7 
11 6
12 15 17 18 1 14 
2 10
6 4 17 9 5 18 19 7 12 14 
12 8
11 7 10 3 18 2 4 6 
19 5
10 3 2 9 17 
18 10
1 0 10 12 2 11 7 17 9 16 
9 8
8 3 18 0 10 19 2 6 
4 8
17 13 6 2 8 16 12 1 
1 6
16 18 0 15 11 4 
8 5
9 0 4 16 13 
6 8
2 16 4 17 9 3 12 0 
10 10
19 12 18 3 17 9 16 7 0 15 
0 10
14 1 18 3 8 16 7 9 10 6 
3 7
16 19 12 9 6 0 10 
