30
4 10
7 22 1 28 9 26 2 21 8 0 
0 6
7 15 18 1 2 4 
8 13
25 15 14 23 22 3 18 9 17 27 4 7 16 
21 7
1 23 6 29 19 4 27 
2 12
12 24 11 1 16 29 0 10 4 28 26 20 
26 7
27 22 11 24 4 2 5 
9 10
14 22 19 8 1 18 24 4 25 6 
28 10
20 29 27 17 13 3 5 4 11 2 
1 12
2 25 4 18 5 13 12 0 9 27 21 11 
22 9
20 3 9 4 26 19 29 16 8 
29 11
19 2 28 21 18 5 3 20 22 6 7 
19 8
9 21 11 18 29 15 22 12 
11 8
24 26 2 19 10 5 1 28 
27 11
26 7 28 20 14 15 8 3 1 24 21 
12 9
16 6 23 10 15 3 1 2 19 
13 6
28 20 1 16 25 15 
5 9
10 29 11 1 16 17 28 20 26 
25 9
8 15 1 18 23 17 9 24 13 
6 6
21 12 10 29 3 9 
24 8
11 2 26 20 27 9 17 25 
18 10
29 0 1 3 16 8 25 19 14 9 
15 8
8 0 25 19 12 27 7 13 
16 11
14 12 23 22 2 3 5 18 10 13 8 
20 10
14 22 24 28 27 13 5 10 29 2 
7 8
27 3 4 23 15 0 29 8 
3 11
7 8 16 12 18 28 27 6 22 23 29 
14 9
20 10 23 16 8 9 17 27 18 
10 8
5 12 6 14 20 11 16 2 
17 6
25 5 14 28 8 24 
23 8
21 14 7 16 8 12 25 3 
