50
29 4
8 21 15 5 
5 5
32 16 25 26 29 
18 3
47 27 17 
17 2
37 18 
35 2
28 44 
44 5
27 25 42 33 35 
27 4
18 44 36 22 
22 4
20 13 3 27 
4 4
32 26 25 47 
47 4
12 18 38 4 
19 2
7 3 
3 3
31 22 19 
31 2
3 43 
43 5
33 12 31 11 21 
48 2
8 9 
9 5
38 6 37 48 7 
26 8
4 41 34 45 42 10 5 30 
14 1
11 
11 5
43 7 37 40 14 
34 4
42 1 26 0 
0 3
30 41 34 
20 3
22 1 42 
42 8
12 23 37 2 26 44 34 20 
36 2
27 46 
46 5
38 37 41 1 36 
1 6
20 34 38 46 16 28 
28 3
24 35 1 
16 4
32 25 5 1 
13 8
7 45 32 12 40 22 23 15 
7 5
13 15 19 11 9 
37 5
46 42 11 9 17 
10 3
26 45 25 
25 7
12 4 49 44 16 5 10 
45 3
13 26 10 
49 2
25 12 
12 7
42 33 25 13 47 43 49 
2 4
42 6 32 8 
41 5
26 46 6 0 24 
40 4
11 13 38 39 
39 3
8 6 40 
38 5
46 9 1 40 47 
15 3
29 7 13 
23 3
24 42 13 
32 5
4 16 5 2 13 
30 2
0 26 
8 5
29 39 33 48 2 
24 3
28 23 41 
6 4
2 9 39 41 
21 2
29 43 
33 4
43 12 8 44 
