100
68 5
28 9 8 96 93 
93 6
17 28 7 68 79 24 
96 4
32 78 68 54 
8 5
2 81 67 18 68 
9 3
76 68 31 
28 6
69 93 46 33 68 38 
75 2
40 20 
20 7
90 81 71 43 86 51 75 
40 6
25 60 34 75 31 30 
5 4
94 83 1 48 
48 8
39 23 30 97 71 78 58 5 
1 3
12 73 5 
83 7
79 25 73 95 57 76 5 
94 6
5 56 7 2 31 34 
46 2
28 26 
26 4
22 33 46 59 
37 4
58 73 15 10 
10 3
29 31 37 
15 3
29 37 12 
73 5
1 83 3 36 37 
58 8
79 21 37 65 30 64 31 48 
92 4
27 11 30 51 
51 3
52 20 92 
30 5
92 40 49 58 48 
11 8
92 18 36 19 0 16 74 41 
27 2
92 0 
87 2
64 71 
71 5
22 20 48 80 87 
64 4
82 87 58 13 
49 4
61 6 30 60 
84 2
6 12 
12 4
62 1 15 84 
6 3
84 49 80 
31 9
42 33 54 14 40 10 94 58 9 
65 4
57 58 56 66 
21 7
24 89 50 25 58 2 85 
79 4
83 67 93 58 
34 4
23 78 40 94 
2 7
47 38 36 8 44 94 21 
7 4
19 93 94 22 
56 4
94 18 65 29 
14 2
31 35 
35 3
99 36 14 
80 6
45 36 70 71 72 6 
33 3
31 28 26 
42 3
31 0 44 
44 5
74 72 2 42 32 
0 5
3 54 11 42 27 
91 2
4 39 
39 3
48 85 91 
4 5
91 97 99 23 88 
88 3
52 98 4 
23 5
34 53 4 48 69 
99 8
16 35 74 18 25 63 4 43 
97 4
77 4 48 50 
54 3
0 31 96 
3 2
0 73 
50 7
18 66 21 78 97 77 61 
77 3
41 97 50 
78 5
96 48 25 50 34 
25 7
95 40 99 83 78 21 13 
36 6
73 2 35 11 90 80 
90 3
59 20 36 
72 2
44 80 
60 5
45 81 76 40 49 
76 5
9 60 83 53 62 
81 4
55 20 60 8 
45 4
80 60 18 82 
85 3
41 21 39 
41 3
85 77 11 
74 3
99 44 11 
16 3
63 99 11 
19 2
7 11 
18 6
50 8 99 11 45 56 
59 4
86 13 90 26 
86 2
59 20 
43 4
98 20 70 99 
98 3
88 43 69 
69 4
28 17 23 98 
89 2
21 70 
70 4
43 22 80 89 
82 3
64 45 55 
55 2
81 82 
53 4
23 76 38 47 
47 2
2 53 
38 3
28 2 53 
62 2
12 76 
29 3
15 10 56 
67 3
79 8 52 
32 2
96 44 
13 3
59 25 64 
95 2
25 83 
22 5
26 70 71 66 7 
24 2
21 93 
52 3
51 88 67 
63 2
16 99 
61 2
49 50 
57 2
65 83 
17 2
93 69 
66 3
50 65 22 
