50
24 3
34 20 33 
33 5
9 41 44 25 24 
20 4
5 12 24 21 
34 14
49 19 24 1 18 10 41 25 17 46 44 38 8 40 
29 3
27 17 1 
1 6
34 48 11 41 18 29 
17 3
29 34 13 
27 3
29 42 6 
6 4
43 27 26 37 
42 8
21 44 2 4 48 27 9 30 
35 2
18 28 
28 4
46 41 19 35 
18 6
43 35 2 30 34 1 
43 3
6 18 19 
19 4
34 40 28 43 
30 5
8 0 3 18 42 
2 6
26 42 11 18 5 44 
39 3
13 49 45 
45 3
15 25 39 
49 5
4 7 37 34 39 
13 5
48 17 39 40 46 
11 3
12 2 1 
12 3
20 11 31 
38 5
10 37 40 34 8 
8 3
30 34 38 
40 7
22 13 38 34 19 16 3 
37 3
49 38 6 
10 2
38 34 
41 4
28 33 34 1 
48 4
13 42 1 32 
36 2
47 15 
15 3
45 21 36 
47 4
36 22 21 31 
0 2
30 14 
14 4
16 22 4 0 
3 2
30 40 
16 3
23 14 40 
22 4
47 14 40 44 
44 5
42 34 33 2 22 
21 4
42 20 15 47 
46 4
28 34 4 13 
5 2
20 2 
32 2
4 48 
4 5
32 49 46 42 14 
7 2
49 26 
26 3
2 6 7 
23 2
16 25 
25 5
31 45 34 33 23 
31 3
25 47 12 
9 2
33 42 
