30
13 13
29 15 0 20 14 9 27 21 11 3 1 2 26 
26 12
21 23 29 18 3 1 9 28 25 13 20 2 
1 8
28 19 26 20 13 3 22 23 
11 6
22 12 3 13 24 14 
21 9
24 26 2 3 18 7 13 28 15 
27 7
29 25 2 19 24 13 4 
9 7
13 2 26 17 14 15 5 
14 8
19 20 4 16 13 9 29 11 
20 7
25 14 13 1 26 29 10 
0 4
6 16 12 13 
15 12
25 23 6 28 17 9 8 19 29 13 21 24 
29 12
27 17 23 25 19 26 13 15 20 14 12 18 
24 7
23 19 21 11 28 27 15 
19 11
25 2 14 6 1 24 8 12 29 15 27 
8 9
4 15 19 16 7 3 5 12 17 
17 7
23 22 9 29 15 10 8 
6 6
0 15 7 22 19 2 
18 6
4 26 22 21 10 29 
12 7
11 7 3 19 0 29 8 
25 8
20 27 15 29 19 26 4 7 
16 10
0 28 8 23 22 14 3 5 4 2 
2 10
13 9 27 23 22 21 19 26 6 16 
4 6
18 14 8 16 27 25 
5 4
22 8 16 9 
3 9
8 16 11 21 26 12 13 7 1 
22 9
11 17 1 18 5 7 16 6 2 
23 8
17 24 29 15 16 26 2 1 
28 7
1 15 10 16 24 21 26 
10 4
18 28 17 20 
7 7
21 12 22 3 6 8 25 
