50
29 6
39 37 6 30 43 45 
45 14
34 29 18 12 4 47 19 26 43 36 21 16 8 31 
43 15
26 12 29 13 48 10 27 17 24 22 36 45 25 32 44 
30 8
24 29 46 20 22 47 49 12 
6 5
47 29 7 28 9 
20 13
5 42 30 36 8 16 35 4 49 39 28 0 10 
10 8
43 18 24 17 28 36 14 20 
28 7
4 6 24 42 10 44 20 
39 8
29 31 47 23 12 46 18 20 
49 12
7 26 9 17 18 5 33 22 30 0 20 37 
35 8
2 17 8 44 34 20 41 11 
16 8
1 47 27 17 20 36 22 45 
8 15
48 35 47 32 37 21 20 17 45 2 15 13 5 1 12 
36 14
16 40 20 45 47 43 7 41 10 25 44 1 31 11 
19 10
38 12 23 32 1 5 47 9 17 45 
17 17
35 38 8 12 10 42 4 43 49 24 16 3 11 18 1 9 19 
47 14
34 5 36 30 44 8 16 7 45 26 9 39 19 6 
48 7
8 41 23 0 4 43 31 
31 11
36 7 1 18 45 26 4 39 40 32 48 
0 14
12 49 7 25 38 33 41 27 48 22 1 13 15 20 
9 10
49 47 25 38 19 2 7 17 1 6 
1 11
19 16 8 36 34 0 31 17 9 41 7 
7 13
0 37 12 36 49 47 4 32 6 31 9 38 1 
2 8
35 5 9 8 37 38 15 4 
22 10
5 34 26 0 30 49 43 44 16 13 
5 12
41 20 22 19 2 24 21 49 47 46 8 44 
44 12
33 14 40 25 35 11 36 22 5 28 43 47 
23 8
19 21 48 3 39 14 38 25 
25 9
34 9 44 36 23 43 0 37 24 
14 8
3 44 46 24 37 10 23 38 
3 5
23 17 14 34 42 
21 8
23 11 37 15 45 5 42 8 
42 11
15 13 20 28 27 17 24 11 21 18 3 
15 8
42 41 34 0 27 21 8 2 
37 11
29 25 7 12 21 24 8 14 34 2 49 
27 9
32 16 12 42 15 0 11 43 13 
32 8
34 19 43 41 7 8 27 31 
40 4
44 11 31 36 
4 10
20 33 45 2 13 7 28 48 17 31 
26 8
49 47 43 22 45 12 18 31 
38 10
23 46 24 7 9 17 14 0 19 2 
46 9
38 14 39 30 5 18 13 41 33 
34 11
32 47 25 22 15 45 35 1 3 24 37 
13 9
42 46 8 4 43 0 41 22 27 
24 13
42 30 34 14 10 41 5 38 25 37 43 28 17 
12 14
33 8 30 43 45 19 17 7 27 41 39 26 37 0 
18 10
49 42 10 11 31 17 46 39 26 45 
33 6
4 49 0 12 44 46 
41 12
36 32 12 0 15 48 5 1 24 46 13 35 
11 9
36 21 42 40 18 44 17 27 35 
