50
8 5
28 49 16 45 19 
19 9
14 38 31 28 2 11 24 7 8 
16 9
6 48 22 2 8 40 34 20 13 
49 13
3 11 8 2 35 23 15 29 0 14 20 28 25 
13 9
26 30 20 40 5 16 21 37 0 
0 14
25 45 48 28 9 13 4 2 49 47 3 42 14 34 
37 7
20 11 31 45 26 18 13 
5 8
18 24 11 17 46 13 35 20 
40 16
47 9 30 32 25 3 16 34 41 46 7 15 29 13 20 21 
20 18
33 37 21 38 22 1 5 36 43 49 44 3 16 7 46 40 13 48 
22 7
23 17 2 16 6 41 20 
36 8
35 47 44 24 34 20 28 12 
1 6
44 46 18 38 20 10 
3 13
49 38 30 0 35 2 31 24 11 40 20 34 44 
43 6
47 15 21 26 33 20 
44 10
36 15 10 42 35 27 4 1 3 20 
46 9
27 9 4 1 5 20 40 33 29 
7 10
17 27 29 20 40 11 21 19 26 23 
24 8
36 14 3 5 9 45 19 32 
2 17
14 15 28 39 19 35 33 10 27 31 0 22 30 49 16 3 21 
28 10
8 0 2 19 6 17 23 36 4 49 
35 9
36 41 12 10 2 44 3 5 49 
17 11
7 26 14 39 31 28 22 23 5 38 25 
11 12
12 25 49 4 7 19 37 33 5 3 9 39 
15 12
23 12 27 2 26 43 49 44 33 34 40 32 
32 6
40 21 24 6 15 42 
33 10
6 20 39 2 11 10 15 4 43 46 
10 11
9 29 35 2 44 33 21 4 47 1 38 
38 12
17 42 19 20 23 4 6 3 18 1 29 10 
18 10
9 41 23 5 1 45 26 37 38 34 
12 7
11 15 27 9 35 45 36 
34 10
31 0 29 15 36 14 40 16 3 18 
14 10
0 2 19 26 34 48 17 49 24 21 
21 9
43 2 32 20 40 14 10 13 7 
45 10
0 47 18 8 24 37 27 12 42 30 
9 13
6 27 18 46 10 0 26 24 11 12 42 40 39 
41 8
42 35 18 27 31 48 22 40 
6 11
16 33 26 22 25 38 9 28 31 48 32 
39 8
2 33 48 17 9 23 47 11 
47 8
43 36 45 0 29 10 40 39 
23 11
15 22 18 42 38 27 28 17 39 49 7 
42 10
41 44 0 38 25 30 23 9 32 45 
26 12
14 6 43 18 17 9 15 29 37 30 13 7 
4 10
11 46 44 33 38 28 31 27 10 0 
27 11
12 9 15 23 7 41 46 44 45 2 4 
31 10
34 19 2 37 6 4 17 3 41 25 
30 8
40 29 13 3 42 2 26 45 
29 12
30 38 25 48 10 26 34 40 47 49 7 46 
48 8
16 39 14 20 29 0 41 6 
25 9
0 29 11 42 6 40 49 17 31 
