30
19 13
25 12 16 2 26 6 4 24 21 15 1 27 9 
9 10
12 5 22 27 11 21 0 10 29 19 
27 13
29 24 6 23 25 8 7 17 9 18 3 26 19 
1 16
12 23 11 2 19 0 13 15 7 17 28 4 20 14 8 25 
15 11
20 6 25 8 21 24 1 5 26 19 7 
21 15
23 2 6 19 12 15 10 3 4 0 9 7 17 28 20 
20 16
25 12 22 1 18 28 17 7 15 29 13 21 23 26 14 16 
25 8
15 27 1 12 19 2 14 20 
26 14
5 23 20 14 0 13 29 15 28 27 3 16 8 19 
29 12
4 13 7 26 5 27 17 9 28 22 14 20 
17 16
24 28 10 27 23 1 3 18 11 20 21 12 8 2 29 13 
12 14
24 11 21 20 25 2 19 16 13 17 7 5 9 1 
11 10
6 12 9 17 1 3 18 0 22 24 
24 14
4 12 15 7 28 17 27 23 0 22 19 11 18 14 
22 12
4 20 14 5 6 16 8 9 0 29 24 11 
0 11
23 22 9 7 26 24 21 11 3 1 6 
18 11
7 6 8 20 14 3 27 28 17 24 11 
3 13
26 13 7 0 10 5 18 21 11 8 16 17 27 
14 13
25 23 22 24 20 1 5 18 26 4 29 28 13 
8 11
26 2 15 13 27 17 5 1 18 3 22 
16 9
19 26 20 13 12 22 4 3 10 
6 11
13 19 11 21 27 23 22 18 5 15 0 
10 6
21 4 3 17 9 16 
7 15
12 4 15 29 24 27 28 3 0 1 5 18 21 20 23 
2 7
19 8 17 12 21 25 1 
28 10
26 7 24 21 18 1 17 29 20 14 
4 12
19 29 10 14 24 21 7 13 1 16 22 23 
5 12
8 22 12 9 14 3 13 7 29 15 6 26 
13 13
6 29 12 17 16 8 1 5 3 4 26 20 14 
23 12
0 6 14 20 1 7 21 24 26 27 17 4 
