50
33 8
16 22 20 10 0 15 4 49 
49 11
10 13 41 37 14 38 4 47 23 48 33 
43 4
20 44 12 1 
1 9
9 21 12 47 43 29 15 0 22 
39 7
45 35 6 18 10 14 44 
44 11
12 45 26 16 43 29 15 24 40 20 39 
11 4
31 37 14 47 
47 11
12 17 22 49 26 19 1 3 13 40 11 
22 11
19 21 42 33 47 30 34 0 48 27 1 
32 8
14 3 48 41 21 35 45 46 
46 8
10 12 14 24 48 6 32 41 
26 9
12 23 47 5 13 44 29 0 10 
10 13
25 49 40 39 6 48 24 21 5 33 46 8 26 
37 8
24 11 12 42 4 49 3 34 
34 8
38 35 23 36 30 22 9 37 
3 7
35 28 32 47 24 37 36 
41 10
28 32 0 7 23 5 49 8 16 46 
28 8
25 17 41 3 21 24 6 29 
29 8
26 1 23 44 14 38 9 28 
0 12
38 33 21 2 26 41 13 27 36 22 18 1 
17 7
36 40 47 28 48 45 7 
7 7
41 30 19 35 18 9 17 
40 8
18 20 10 44 17 48 47 2 
2 5
45 0 15 20 40 
19 8
22 7 8 21 15 35 5 47 
5 7
41 26 19 10 16 25 4 
4 6
33 21 37 49 5 45 
25 6
28 10 16 13 5 35 
16 7
25 21 41 33 44 5 15 
14 10
32 11 13 46 15 29 49 38 39 20 
20 8
27 48 43 2 33 44 40 14 
38 12
23 18 45 6 27 49 21 24 0 29 34 14 
18 7
38 40 39 0 35 23 7 
8 5
19 21 24 41 10 
21 16
4 8 38 45 19 23 16 32 0 22 1 48 28 10 27 42 
24 8
37 3 28 38 10 8 46 44 
35 8
32 39 34 7 3 18 19 25 
27 8
20 21 0 22 38 12 48 31 
31 3
11 6 27 
12 9
26 36 1 37 44 46 47 43 27 
9 7
1 7 13 34 15 29 30 
15 8
1 9 14 2 19 33 44 16 
13 7
25 26 9 14 0 49 47 
42 4
22 21 37 48 
48 12
32 21 20 40 10 27 17 22 23 49 46 42 
23 9
38 26 34 29 41 21 48 49 18 
36 5
12 17 34 0 3 
30 4
7 34 22 9 
45 8
2 39 44 38 17 32 21 4 
6 6
39 10 28 31 38 46 
