20
13 7
4 10 0 15 18 3 5 
5 10
14 11 8 1 18 6 4 7 13 9 
15 11
11 10 12 14 7 13 17 9 16 1 3 
3 6
4 13 6 9 15 19 
1 7
8 16 17 5 18 12 15 
16 8
1 2 8 17 9 0 15 11 
9 13
14 3 5 7 10 0 15 11 8 16 12 6 2 
11 7
19 15 5 7 17 9 16 
18 5
13 5 1 19 14 
14 7
7 9 0 15 12 5 18 
19 6
11 4 7 3 18 12 
2 6
0 4 6 16 8 9 
8 7
1 5 7 16 2 9 0 
7 10
12 14 15 10 8 11 5 19 9 4 
17 7
16 10 15 11 1 12 6 
6 8
2 5 3 9 17 4 0 10 
12 9
7 14 15 10 4 1 17 9 19 
4 9
0 2 19 3 5 12 6 13 7 
10 8
17 9 13 7 15 0 12 6 
0 9
4 13 2 14 10 9 6 16 8 
