30
29 7
16 21 0 5 1 28 14 
14 9
7 19 26 9 27 28 6 22 29 
28 8
8 18 11 27 29 14 20 2 
1 6
3 22 29 2 11 24 
0 9
22 21 9 29 13 6 20 25 8 
21 7
17 0 10 29 12 5 19 
15 4
22 23 26 17 
17 5
7 15 20 21 24 
26 4
14 27 15 25 
23 7
3 5 18 27 19 15 12 
22 7
1 0 15 25 24 11 14 
13 4
9 4 0 20 
20 6
5 9 17 28 0 13 
4 5
6 13 3 16 19 
11 4
28 1 18 22 
24 10
25 9 17 10 16 22 6 18 5 1 
25 9
24 22 10 0 18 3 7 2 26 
2 6
25 19 7 27 28 1 
9 12
19 8 20 14 24 5 3 27 10 0 13 7 
7 6
14 2 6 17 9 25 
10 7
25 24 21 9 3 18 5 
27 10
16 12 28 9 14 2 26 23 5 18 
3 9
23 1 4 10 25 6 19 9 16 
5 9
23 20 16 27 9 21 24 29 10 
8 4
28 9 16 0 
19 8
14 2 9 12 3 23 4 21 
6 7
4 7 18 3 0 14 24 
16 7
29 27 5 3 4 24 8 
18 9
6 28 27 10 25 12 24 11 23 
12 5
21 27 18 19 23 
