50
8 4
49 16 45 19 
19 8
38 31 28 2 11 24 7 8 
16 8
48 22 2 8 40 34 20 13 
49 11
8 2 35 23 15 29 0 14 20 28 25 
13 7
20 40 5 16 21 37 0 
0 8
42 3 49 4 13 28 48 2 
37 6
11 31 45 26 18 13 
5 8
18 24 11 17 46 13 35 20 
40 15
47 9 32 25 3 16 34 41 46 7 15 29 13 20 21 
20 14
38 22 1 5 36 43 49 44 3 16 46 40 13 48 
22 6
17 2 16 6 41 20 
36 4
34 20 28 12 
1 4
18 38 20 10 
3 8
0 2 31 11 40 20 34 44 
43 3
26 33 20 
44 5
35 27 4 3 20 
46 6
4 5 20 40 33 29 
7 8
27 29 40 11 21 19 26 23 
24 5
5 9 45 19 32 
2 12
3 49 30 22 31 27 33 16 10 0 35 19 
28 8
0 19 6 17 23 36 4 49 
35 4
2 44 5 49 
17 9
26 14 39 31 28 22 23 5 25 
11 9
4 7 19 37 33 5 3 9 39 
15 4
49 33 40 32 
32 6
40 21 24 6 15 42 
33 7
2 11 10 15 4 43 46 
10 8
29 2 33 21 4 47 1 38 
38 8
19 20 23 4 6 18 1 10 
18 8
41 23 5 1 26 37 38 34 
12 3
9 45 36 
34 6
36 14 40 16 3 18 
14 4
34 17 49 21 
21 6
32 40 14 10 13 7 
45 7
8 24 37 27 12 42 30 
9 7
26 24 11 12 42 40 39 
41 6
18 27 31 48 22 40 
6 8
26 22 25 38 28 31 48 32 
39 5
17 9 23 47 11 
47 4
29 10 40 39 
23 8
18 42 38 28 17 39 49 7 
42 7
0 25 30 23 9 32 45 
26 9
6 43 18 17 9 29 37 30 7 
4 10
11 46 44 33 38 28 31 27 10 0 
27 6
7 41 44 45 2 4 
31 9
19 2 37 6 4 17 3 41 25 
30 4
42 2 26 45 
29 8
48 10 26 40 47 49 7 46 
48 6
16 20 29 0 41 6 
25 6
42 6 40 49 17 31 
