30
19 7
17 10 14 26 22 6 1 
1 6
4 18 11 7 10 19 
6 8
18 5 3 26 19 14 27 11 
22 6
19 13 7 5 14 27 
26 6
19 21 24 6 15 14 
14 11
12 19 26 2 6 17 18 22 23 29 16 
10 5
8 19 23 18 1 
15 4
11 26 2 12 
24 5
16 21 26 17 28 
21 10
17 24 29 7 2 26 18 3 25 8 
16 5
24 4 0 29 14 
29 5
21 23 16 14 4 
23 8
3 4 28 13 7 29 10 14 
18 5
6 1 21 14 10 
17 6
19 21 24 9 28 14 
2 7
25 11 21 4 5 14 15 
12 3
14 20 15 
13 6
22 23 3 20 28 7 
7 7
0 21 4 1 23 22 13 
28 6
9 17 23 13 24 8 
20 6
9 13 11 5 12 0 
3 6
23 25 13 9 6 21 
4 7
1 0 29 23 7 2 16 
11 8
8 15 27 5 1 2 20 6 
8 4
10 11 21 28 
9 6
20 28 17 3 5 25 
25 4
2 21 3 9 
5 6
11 2 22 9 20 6 
27 3
11 6 22 
0 4
7 4 16 20 
