100
49 4
78 36 74 38 
38 6
73 48 82 32 77 49 
91 4
11 12 44 73 
73 5
38 22 52 59 91 
14 2
29 22 
22 5
73 57 59 34 14 
39 1
16 
16 5
76 50 94 74 39 
77 3
82 4 38 
24 2
69 74 
74 9
32 84 24 50 54 16 96 49 4 
94 7
92 90 35 16 33 28 17 
17 4
9 25 63 94 
0 2
21 53 
53 5
95 44 33 6 0 
63 2
29 17 
55 1
68 
68 4
86 13 99 55 
62 2
8 79 
79 3
58 56 62 
3 3
90 45 29 
29 7
63 14 98 88 2 83 3 
13 7
27 47 98 60 25 83 68 
87 5
83 36 60 40 44 
44 6
69 53 1 31 91 87 
59 7
88 22 48 50 70 73 99 
51 5
41 72 35 2 57 
57 10
1 25 61 67 22 32 85 9 12 51 
72 3
78 51 56 
56 7
32 26 79 85 50 61 72 
4 3
77 10 74 
15 2
71 35 
35 7
27 51 94 26 69 10 15 
41 2
51 7 
7 7
54 34 40 41 93 26 19 
78 3
49 72 84 
84 4
18 61 74 78 
54 3
7 98 74 
46 2
33 76 
76 6
80 26 1 40 16 46 
37 3
61 92 20 
20 3
25 58 37 
80 2
76 58 
58 4
81 79 20 80 
6 5
69 61 65 75 53 
82 3
77 38 2 
2 3
51 29 82 
89 2
36 60 
60 4
87 13 93 89 
93 3
43 7 60 
71 3
15 28 9 
9 5
42 57 17 28 71 
92 3
94 37 36 
36 5
89 49 87 81 92 
32 8
40 74 86 57 56 45 97 38 
97 1
32 
99 3
8 68 59 
88 3
90 59 29 
98 5
54 48 13 29 5 
25 6
65 57 13 20 17 43 
43 2
93 25 
85 4
57 27 83 56 
26 7
7 30 56 64 35 21 76 
12 3
19 91 57 
10 3
83 4 35 
69 6
6 44 65 24 35 90 
8 3
99 62 75 
75 6
6 8 18 11 42 31 
83 7
10 87 29 85 13 45 95 
95 2
53 83 
45 3
32 3 83 
64 2
21 26 
34 2
7 22 
90 5
3 94 69 88 30 
30 2
26 90 
11 5
91 33 31 75 23 
23 2
96 11 
28 4
71 94 9 33 
31 4
11 61 75 44 
42 2
9 75 
18 3
84 86 75 
48 3
38 59 98 
70 2
1 59 
50 7
56 16 59 47 66 74 27 
27 5
13 35 85 5 50 
66 1
50 
47 3
40 13 50 
67 2
96 57 
19 2
12 7 
81 4
58 61 65 36 
61 8
56 31 57 52 37 84 6 81 
52 2
73 61 
5 4
27 21 98 86 
96 4
86 23 67 74 
21 4
0 64 5 26 
33 5
46 11 53 94 28 
65 4
25 81 69 6 
1 4
57 70 44 76 
40 5
47 32 87 76 7 
86 5
96 32 18 68 5 
