50
13 5
29 0 14 44 35 
35 7
11 30 44 40 39 20 13 
44 11
1 31 35 19 8 47 42 41 13 24 21 
14 15
19 4 47 31 48 18 5 29 13 7 33 12 42 39 0 
29 14
11 45 19 32 3 5 47 13 15 9 22 0 38 14 
9 8
19 22 41 12 6 17 16 29 
11 10
42 37 21 22 46 8 35 19 47 29 
45 14
29 8 38 24 37 6 2 42 41 34 36 43 48 18 
32 8
34 22 48 29 0 24 37 42 
15 8
38 25 34 18 2 29 10 23 
23 6
1 7 6 21 42 15 
10 5
39 21 47 15 19 
2 10
21 20 4 47 45 33 18 31 42 15 
18 17
45 12 43 42 5 22 25 30 24 21 15 26 14 34 28 46 2 
8 12
45 19 49 39 21 24 11 44 46 41 27 28 
28 4
36 18 8 33 
41 12
12 26 45 49 0 44 8 1 5 27 9 48 
46 9
11 4 0 18 8 12 22 30 36 
21 19
36 2 26 0 1 44 33 5 24 18 11 48 30 23 40 8 38 10 47 
42 19
24 47 1 3 11 18 5 44 32 7 2 45 14 37 26 27 43 23 40 
47 16
24 21 30 36 17 7 44 42 10 29 0 11 6 14 39 2 
12 7
41 18 27 9 14 16 46 
17 6
16 20 34 27 9 47 
30 9
20 40 31 35 46 21 3 18 47 
7 12
26 23 22 25 38 31 27 42 49 47 14 40 
16 10
12 20 39 25 31 17 9 5 26 19 
19 9
14 9 5 11 29 10 8 44 16 
5 13
48 19 29 36 22 14 21 16 42 1 3 18 41 
25 8
18 39 15 7 27 22 16 24 
39 8
25 35 47 14 8 16 10 0 
26 10
41 7 34 18 1 49 16 42 21 37 
37 8
11 0 45 26 42 6 32 34 
24 15
22 1 48 18 45 32 25 21 38 8 44 36 47 27 42 
0 14
31 39 49 47 41 29 13 32 38 46 14 37 20 21 
20 7
30 17 16 2 35 3 0 
3 11
33 29 38 42 40 20 49 5 36 30 22 
27 13
8 25 40 31 17 24 1 49 4 12 42 41 7 
4 4
2 46 27 14 
38 10
7 31 3 34 29 15 0 21 24 45 
34 10
26 45 15 17 1 18 38 37 32 6 
6 7
37 23 45 43 47 9 34 
22 14
3 5 33 43 18 11 24 46 7 31 9 25 32 29 
33 8
3 21 2 22 48 28 40 14 
43 5
6 45 22 42 18 
48 8
5 14 32 45 24 21 33 41 
49 7
26 27 8 41 7 3 0 
36 8
5 3 28 21 24 47 45 46 
40 9
30 35 21 33 27 3 1 42 7 
31 10
16 44 30 22 38 27 2 7 0 14 
1 11
23 44 26 41 34 40 42 27 5 21 24 
