50
31 2
1 25 
25 5
38 37 6 35 31 
1 14
23 20 39 15 0 37 26 2 10 27 31 28 12 8 
13 2
11 33 
33 5
29 0 48 16 13 
11 9
16 22 47 3 5 48 10 13 42 
23 6
29 12 7 1 6 2 
2 5
35 47 1 23 38 
6 4
36 23 25 10 
7 8
41 38 42 0 9 23 26 32 
21 3
19 8 46 
46 5
4 32 35 37 21 
19 4
35 21 36 43 
10 7
35 6 1 15 11 36 30 
36 8
37 49 16 19 32 6 3 10 
45 2
24 29 
29 5
23 14 33 44 45 
24 4
45 41 48 17 
3 4
44 11 32 36 
32 15
8 12 35 3 27 39 20 15 40 36 43 49 7 17 46 
30 2
14 10 
14 5
5 30 22 29 35 
41 5
7 48 24 43 42 
42 3
7 41 11 
43 6
39 26 19 32 41 22 
28 2
1 18 
18 3
37 22 28 
40 5
5 32 34 39 17 
17 4
27 32 40 24 
39 5
43 40 48 1 32 
0 4
7 1 33 44 
44 5
48 3 16 0 29 
27 4
17 32 1 49 
35 8
10 2 19 32 46 14 25 4 
48 8
41 34 39 44 33 24 11 22 
5 4
14 40 49 11 
15 3
32 10 1 
4 3
46 20 35 
49 4
36 5 32 27 
22 6
11 14 34 43 48 18 
26 5
34 43 7 1 38 
37 5
36 1 18 25 46 
12 3
23 1 32 
20 5
4 32 1 16 8 
38 4
25 7 2 26 
34 7
40 8 26 22 47 48 9 
9 2
7 34 
47 3
11 2 34 
8 5
32 21 1 34 20 
16 5
20 11 44 33 36 
