50
7 12
31 48 40 14 0 36 30 37 35 45 12 46 
46 10
24 37 39 16 33 36 26 19 15 7 
12 16
47 8 19 2 40 15 29 11 25 36 10 27 7 17 16 3 
45 8
35 8 47 48 7 29 30 24 
10 11
6 15 20 31 44 42 12 18 26 36 24 
24 19
26 46 28 17 0 23 31 13 29 10 16 3 18 4 45 49 2 30 32 
36 11
18 41 7 42 12 34 44 46 8 10 2 
26 15
1 19 6 14 40 34 27 10 42 16 46 30 25 24 31 
18 13
47 36 38 5 27 24 39 10 29 15 33 8 44 
44 10
2 48 25 43 4 23 36 10 0 18 
15 15
38 46 16 12 5 18 19 6 10 0 1 9 13 30 25 
29 9
14 30 48 45 12 5 18 37 24 
39 11
20 19 46 22 32 37 4 1 3 18 0 
5 16
48 18 42 27 37 47 4 15 29 0 34 8 16 33 2 25 
48 12
5 44 29 0 32 7 13 17 45 35 34 40 
40 13
20 12 38 32 30 3 37 27 48 35 26 7 41 
35 10
40 7 25 3 43 45 19 48 31 11 
17 11
12 11 24 49 4 48 38 22 2 1 3 
13 13
41 15 2 19 8 33 31 48 24 42 34 23 30 
32 11
19 48 40 14 39 38 37 24 11 30 41 
0 17
15 22 9 39 34 5 23 49 2 44 3 16 8 33 48 24 7 
19 15
32 1 9 27 12 20 39 46 23 15 13 35 26 2 49 
11 11
47 16 14 12 9 31 17 27 25 35 32 
43 8
44 1 35 27 31 21 14 34 
34 13
36 5 26 2 20 48 31 41 13 0 16 33 43 
14 11
29 42 7 38 32 2 26 49 43 11 21 
21 8
6 16 37 2 43 4 14 28 
31 14
7 35 26 24 11 34 43 49 4 10 13 9 16 6 
27 11
33 42 12 26 19 43 40 11 18 5 38 
9 12
42 11 15 0 41 31 1 3 23 4 2 19 
4 12
2 5 44 33 39 24 21 31 17 28 9 38 
23 11
20 13 1 25 9 19 44 16 33 0 24 
3 10
1 12 35 20 39 40 9 17 0 24 
37 14
5 49 29 40 39 16 38 8 21 42 46 7 28 32 
22 9
0 47 49 30 42 20 39 17 8 
25 12
41 38 15 23 5 35 26 12 49 11 44 8 
16 15
34 31 47 0 15 24 11 21 23 37 26 5 12 46 28 
49 11
14 0 22 6 19 25 41 17 31 37 24 
2 14
17 19 36 34 14 9 0 24 21 5 12 13 4 44 
47 9
22 11 12 45 38 33 16 18 5 
8 15
13 45 38 36 25 30 33 37 5 18 22 0 42 12 28 
41 10
13 36 25 38 9 1 49 32 34 40 
38 13
15 25 18 8 41 40 14 47 4 32 17 27 37 
42 12
10 9 27 5 37 20 14 8 36 22 26 13 
33 13
27 18 5 0 6 47 4 8 46 13 23 30 34 
30 14
26 45 6 32 33 8 7 28 22 29 13 15 40 24 
6 9
21 49 33 30 10 15 31 28 26 
1 12
23 3 43 41 39 20 9 17 28 15 19 26 
20 10
42 23 22 10 3 1 40 39 34 19 
28 9
16 8 30 1 4 6 37 24 21 
