100
53 6
34 59 3 97 19 67 
67 8
62 91 99 21 93 81 53 31 
19 8
57 53 6 55 76 96 98 42 
15 3
59 64 94 
94 8
4 92 66 24 59 36 63 15 
64 5
17 15 86 43 45 
45 6
9 62 82 78 86 64 
43 8
38 4 64 5 70 75 65 80 
63 3
94 95 12 
12 5
47 38 36 63 90 
95 6
5 63 21 11 59 54 
6 7
46 44 92 58 69 19 82 
82 8
33 4 87 5 83 2 45 6 
69 5
40 54 37 6 46 
58 4
98 70 6 85 
33 3
82 14 22 
22 7
0 55 44 33 20 11 26 
14 5
71 28 33 62 10 
40 3
69 93 70 
70 9
59 0 56 36 92 40 58 43 5 
93 6
67 48 17 40 24 4 
36 10
66 77 12 73 37 24 34 0 70 94 
34 7
42 13 53 91 36 57 38 
24 6
13 76 47 93 94 36 
73 11
77 31 25 68 5 90 60 44 36 10 2 
77 8
25 78 41 18 83 36 73 0 
83 6
2 42 77 13 82 3 
3 7
92 55 53 62 18 83 23 
13 9
31 34 24 35 1 83 51 55 44 
20 7
49 74 71 50 81 22 46 
46 6
6 48 2 69 98 20 
81 7
38 20 78 85 27 67 66 
86 6
64 45 96 61 90 88 
88 5
23 49 86 41 25 
90 6
44 51 86 73 60 12 
61 2
86 51 
96 6
80 23 86 51 50 19 
30 6
26 44 49 84 28 18 
18 6
3 77 32 57 30 87 
28 5
72 16 92 14 30 
84 4
17 44 11 30 
49 10
20 39 89 38 88 30 75 44 8 32 
44 12
84 6 49 4 90 35 73 30 22 13 7 50 
26 5
50 30 22 98 60 
85 5
87 75 81 8 58 
11 4
84 55 95 22 
80 4
21 96 35 43 
65 5
31 37 91 51 43 
75 5
85 32 71 49 43 
5 6
95 50 82 43 73 70 
4 11
27 82 94 98 92 43 44 76 93 29 91 
38 6
81 12 49 43 34 39 
50 9
26 99 5 59 20 91 16 44 96 
51 7
65 90 54 61 13 96 9 
47 5
12 72 8 24 71 
71 8
20 14 35 2 75 27 8 47 
8 5
47 49 85 72 71 
57 5
19 18 39 60 34 
91 6
67 65 50 34 31 4 
76 4
97 19 24 4 
92 9
3 94 6 10 70 27 28 17 4 
31 5
13 65 91 73 67 
87 4
85 82 39 18 
32 5
75 74 18 49 16 
55 8
3 39 22 19 13 62 11 89 
60 8
57 52 97 26 35 73 59 90 
21 6
80 27 95 54 67 89 
89 6
49 74 98 66 21 55 
54 8
51 69 35 68 95 41 21 79 
59 10
53 9 50 15 70 29 94 95 60 98 
98 7
46 58 4 89 59 26 19 
29 6
68 79 4 37 59 48 
99 6
50 48 52 67 97 42 
79 5
29 7 62 54 97 
41 4
10 77 54 88 
68 3
29 73 54 
35 8
71 13 80 60 44 74 62 54 
66 4
36 89 94 81 
39 6
49 55 10 87 57 38 
42 7
34 74 83 99 25 2 19 
27 7
92 4 81 25 21 71 48 
78 3
77 81 45 
37 5
36 65 69 29 10 
23 3
96 88 3 
62 12
52 17 3 1 67 45 35 14 79 55 0 56 
56 5
52 1 70 97 62 
0 6
70 10 36 22 62 77 
1 3
56 13 62 
74 5
42 20 89 32 35 
16 4
7 50 28 32 
72 3
47 28 8 
9 3
59 45 51 
97 6
76 53 56 60 79 99 
52 4
56 62 99 60 
2 6
83 42 82 46 71 73 
10 7
41 0 39 92 14 73 37 
25 5
27 77 42 73 88 
48 5
46 99 93 27 29 
7 3
79 16 44 
17 5
84 64 62 92 93 
