50
25 4
19 29 46 37 
37 5
1 2 43 4 25 
46 8
42 21 25 9 17 16 36 30 
2 6
14 47 37 41 31 33 
33 2
10 2 
31 6
8 48 49 47 18 2 
41 4
5 2 19 36 
4 4
16 36 39 37 
39 3
45 4 6 
36 10
46 10 26 32 6 4 12 22 41 14 
32 5
34 40 30 36 22 
22 9
18 7 0 47 6 32 36 48 38 
30 8
12 49 46 32 19 35 18 17 
40 3
16 35 32 
34 2
32 21 
26 3
8 36 21 
21 6
46 19 26 13 28 34 
43 6
1 20 9 12 11 37 
1 4
43 27 37 12 
14 4
2 12 5 36 
12 11
10 30 36 19 43 14 20 1 24 9 7 
6 8
42 15 29 5 18 22 36 39 
10 7
11 12 42 27 33 36 18 
38 5
47 17 3 22 15 
48 6
29 24 11 31 22 3 
47 6
38 42 31 22 2 19 
0 3
22 19 27 
7 3
23 22 12 
28 4
3 24 21 42 
42 5
47 46 10 6 28 
3 4
28 48 38 5 
19 8
25 41 15 0 12 30 21 47 
5 6
41 14 20 3 18 6 
11 4
10 43 48 23 
23 4
7 35 27 11 
18 12
29 10 44 8 16 45 35 5 22 30 6 31 
20 4
43 13 12 5 
15 4
19 13 6 38 
27 4
1 10 0 23 
35 4
40 23 30 18 
45 4
39 18 24 44 
16 4
40 4 46 18 
8 3
26 31 18 
44 2
18 45 
29 4
48 25 18 6 
24 5
17 28 48 12 45 
13 4
20 15 21 49 
49 3
31 30 13 
17 4
24 38 30 46 
9 3
43 46 12 
