20
12 13
19 3 5 18 16 8 9 17 7 13 0 15 14 
14 14
12 9 0 10 19 6 15 13 17 7 11 18 5 4 
15 12
14 16 8 13 1 3 9 17 4 0 11 12 
13 15
10 15 12 8 16 18 11 14 19 6 9 0 1 7 17 
17 12
8 7 13 12 19 11 18 5 14 0 15 6 
3 11
9 12 4 16 15 6 18 5 7 2 19 
19 12
14 12 8 2 10 0 17 9 13 18 1 3 
7 13
12 8 17 9 2 5 18 1 3 14 13 10 0 
5 11
12 7 0 14 16 6 11 17 9 1 3 
18 14
4 2 19 0 9 14 17 7 13 12 10 11 3 16 
6 9
13 10 2 3 5 14 9 17 4 
16 8
12 18 5 3 13 15 10 11 
11 12
10 0 15 17 14 13 18 5 1 8 16 2 
10 12
11 4 0 6 14 16 18 1 19 2 7 13 
9 13
13 7 12 4 8 14 3 5 18 15 6 2 19 
0 14
8 10 15 13 14 18 11 4 19 1 5 12 7 17 
2 11
7 19 4 8 9 6 1 3 18 11 10 
4 11
14 8 2 9 10 0 15 6 1 3 18 
1 11
4 2 19 8 5 13 7 15 0 10 11 
8 12
4 1 12 19 2 11 17 9 7 13 15 0 
