30
9 10
21 24 26 6 25 0 10 22 1 3 
3 11
20 23 5 18 28 17 9 0 29 15 6 
22 13
8 16 2 26 14 20 9 24 21 4 0 10 23 
10 11
16 0 6 26 24 11 22 28 9 5 14 
0 14
8 4 29 15 10 9 22 11 21 6 7 25 12 3 
1 7
19 4 8 17 9 29 21 
21 12
9 14 0 6 11 8 2 26 22 12 18 1 
29 8
16 24 20 12 3 1 18 0 
23 9
13 11 19 6 15 3 5 17 22 
4 9
14 1 5 19 22 24 0 13 7 
20 10
3 18 29 25 6 11 22 13 26 19 
26 10
19 9 7 20 5 22 10 25 11 21 
16 11
12 6 10 29 18 11 14 22 17 28 8 
17 10
1 18 3 23 13 15 19 2 11 16 
11 15
23 26 18 17 28 24 10 0 15 21 20 16 8 19 6 
2 9
22 7 13 6 27 28 17 24 21 
19 12
1 18 23 26 24 11 6 28 17 7 4 20 
15 6
11 23 12 0 17 3 
13 8
23 6 2 4 18 17 24 20 
14 8
12 4 24 21 22 16 8 10 
5 7
3 6 4 26 27 23 10 
6 16
13 16 3 5 19 2 25 10 9 0 12 20 21 11 24 23 
7 7
12 0 18 2 26 19 4 
18 12
19 20 3 17 27 16 13 7 21 24 11 29 
28 10
10 27 12 3 24 11 19 2 8 16 
24 13
22 28 9 10 29 14 6 18 19 2 11 4 13 
8 10
0 22 28 27 1 14 12 11 21 16 
25 5
0 20 9 6 26 
12 11
7 14 6 0 15 29 16 8 21 28 27 
27 6
2 8 28 18 5 12 
