50
2 10
28 38 45 35 43 21 39 23 36 8 
8 12
13 25 40 33 16 28 17 27 21 12 43 2 
36 8
9 31 29 15 33 37 13 2 
23 15
16 39 2 15 29 33 44 37 24 28 31 18 1 47 41 
39 8
6 2 12 18 41 7 23 25 
25 10
42 17 27 5 37 24 11 8 19 39 
19 13
6 45 46 7 13 0 22 30 25 42 31 9 11 
11 4
28 25 47 19 
9 9
36 1 31 38 0 24 21 35 19 
42 7
25 18 30 21 45 19 4 
30 12
38 37 24 4 35 19 40 42 12 10 48 46 
0 10
29 15 19 9 33 41 7 18 5 14 
4 7
34 16 32 31 30 7 42 
45 10
2 19 42 7 41 15 29 38 24 40 
21 15
40 15 29 8 46 17 28 3 5 27 42 2 35 9 22 
49 6
3 40 22 24 7 6 
6 8
19 46 41 39 37 31 43 49 
7 14
38 39 20 49 4 31 0 29 15 32 47 35 19 45 
24 14
34 49 38 9 23 25 30 15 18 3 46 45 47 35 
22 11
21 1 16 19 26 47 49 41 34 20 29 
44 6
18 40 26 23 31 10 
10 12
12 5 1 48 31 28 15 26 30 33 44 13 
31 16
34 10 44 19 6 48 7 17 9 5 16 3 4 23 36 14 
12 7
10 39 3 35 8 16 30 
16 9
4 23 22 1 8 15 48 31 12 
35 13
30 7 2 21 24 9 28 27 43 12 40 20 5 
3 11
49 46 13 31 12 37 24 21 15 26 1 
43 6
6 1 13 2 35 8 
13 9
26 19 3 18 43 8 33 36 10 
5 10
25 46 31 10 0 32 37 21 26 35 
20 7
40 7 37 29 22 26 35 
27 9
38 25 1 21 8 35 17 34 14 
28 11
8 32 41 11 21 10 23 2 26 35 17 
14 4
46 0 31 27 
17 8
25 40 21 31 27 28 46 8 
1 11
26 10 43 22 23 9 27 16 37 34 3 
40 10
21 20 49 15 17 44 8 30 35 45 
47 9
7 41 32 22 23 48 24 11 26 
18 9
48 42 44 13 23 0 29 39 24 
29 14
26 45 21 20 41 18 7 46 0 22 23 36 15 32 
32 9
7 47 4 28 48 29 15 5 33 
46 11
17 6 19 14 3 5 21 24 29 15 30 
41 12
39 34 47 6 28 45 23 22 15 0 29 33 
33 10
8 26 13 41 15 0 10 36 23 32 
34 7
31 27 41 4 22 1 24 
26 12
13 20 44 33 28 22 29 10 1 5 3 47 
38 9
30 27 9 24 37 7 15 2 45 
15 18
21 23 33 45 38 3 16 46 7 24 37 32 41 10 40 29 0 36 
48 7
10 18 32 31 16 47 30 
37 11
6 20 15 30 23 36 3 5 1 25 38 
