50
20 8
37 21 28 15 19 38 39 47 
47 11
13 45 26 1 3 46 29 15 31 14 20 
39 8
26 44 29 3 40 20 13 17 
38 18
35 9 31 20 12 8 17 7 46 37 11 40 15 4 2 49 30 32 
19 18
35 5 12 46 17 23 1 22 34 20 42 26 6 25 32 48 11 43 
15 17
34 4 16 26 17 28 11 48 43 35 47 32 29 38 20 27 41 
16 16
49 45 12 15 23 27 41 11 26 37 24 46 33 3 36 43 
26 13
39 7 31 47 19 45 2 33 46 16 15 3 5 
28 11
25 20 17 48 7 32 23 30 15 21 37 
27 14
35 13 15 16 8 44 46 45 43 36 9 48 5 25 
48 15
5 41 27 42 19 2 15 1 0 33 44 23 36 7 28 
43 12
49 7 19 2 35 44 16 17 27 15 11 34 
32 14
38 3 0 45 35 19 15 13 10 41 12 30 28 49 
29 12
6 9 31 47 39 18 3 44 8 41 7 15 
13 12
35 3 47 49 42 0 46 44 32 27 23 39 
23 10
6 10 14 16 31 48 28 17 13 19 
44 15
43 24 35 2 9 27 37 48 11 34 39 12 3 13 29 
24 7
7 44 16 1 0 34 14 
14 13
25 33 49 47 35 9 5 30 22 23 40 34 24 
0 8
2 25 48 46 13 7 32 24 
1 10
19 47 18 5 3 22 36 24 48 12 
25 13
4 3 28 27 14 21 12 0 36 46 33 35 19 
22 12
9 17 21 30 1 3 40 14 46 49 19 6 
34 11
15 9 19 44 8 24 37 12 14 49 43 
7 12
26 43 49 46 28 48 24 11 0 29 41 38 
8 10
46 33 3 17 27 29 34 38 45 36 
3 17
44 26 42 41 29 13 25 32 6 49 35 47 16 8 39 1 22 
18 7
1 33 29 12 45 4 49 
49 17
14 45 34 18 22 43 36 3 16 46 7 41 13 32 2 38 21 
45 14
46 8 16 32 21 18 5 9 26 47 49 27 10 42 
12 12
44 16 19 35 32 11 25 38 34 5 18 1 
36 14
4 25 31 1 9 48 8 16 46 2 49 27 42 6 
4 8
36 18 25 38 9 15 10 33 
33 12
18 14 48 2 26 11 21 8 16 25 41 4 
10 9
5 32 2 45 23 11 37 4 41 
9 11
29 27 34 14 2 45 4 22 36 44 38 
2 12
38 10 0 43 49 33 44 26 48 9 36 42 
42 9
3 13 36 37 11 48 45 19 2 
46 19
45 36 27 16 13 40 47 49 8 38 25 31 17 7 0 22 26 19 6 
6 10
29 41 46 35 19 36 23 22 3 37 
41 12
48 49 16 33 37 6 32 3 7 29 15 10 
21 8
28 49 22 25 33 45 20 40 
11 11
38 19 15 10 7 33 44 16 12 42 43 
17 13
38 43 15 19 5 40 39 28 31 8 46 22 23 
37 13
5 38 20 34 31 28 30 41 16 44 10 42 6 
30 7
38 14 22 32 37 28 35 
31 9
38 29 26 46 23 36 37 17 47 
5 12
12 10 37 1 48 17 27 40 14 19 45 26 
35 15
27 44 14 3 19 6 12 43 40 15 13 30 32 25 38 
40 9
22 38 5 17 39 14 46 35 21 
