30
9 4
20 18 17 12 
12 2
16 9 
17 7
1 9 27 20 2 26 23 
18 5
15 22 11 21 9 
1 7
4 29 16 17 27 21 22 
22 6
14 16 1 18 0 6 
6 1
22 
0 2
8 22 
16 10
24 21 1 15 29 12 22 19 25 13 
15 4
27 18 16 21 
21 9
23 1 18 15 29 7 4 16 8 
29 4
1 16 23 21 
13 2
24 16 
20 5
9 17 3 5 24 
24 4
16 13 14 20 
5 1
20 
26 4
10 27 17 28 
28 3
8 26 10 
14 3
22 24 19 
19 3
16 11 14 
11 3
18 7 19 
23 5
21 4 3 29 17 
27 5
15 26 25 1 17 
10 3
4 26 28 
25 2
27 16 
3 3
20 23 7 
7 3
11 21 3 
4 5
10 1 23 21 2 
2 2
17 4 
8 3
28 0 21 
