50
38 4
32 8 15 21 
21 6
3 15 40 34 30 38 
15 8
18 5 21 37 26 12 38 10 
8 6
14 22 38 43 0 10 
10 4
47 32 15 8 
43 8
24 3 8 23 6 32 40 14 
22 4
28 37 8 12 
46 5
25 37 32 26 1 
1 7
12 26 20 39 46 44 28 
26 9
42 1 39 49 46 15 29 7 31 
32 13
34 14 38 35 10 46 16 31 13 7 4 47 43 
19 3
18 14 12 
12 11
18 1 4 44 0 15 40 36 22 19 27 
14 12
32 8 19 35 13 20 39 17 27 31 43 47 
6 8
36 42 43 47 41 7 5 33 
23 7
9 47 43 49 0 44 16 
3 6
39 28 43 7 21 11 
31 10
47 33 24 5 18 30 29 32 14 26 
7 10
41 30 25 27 9 26 2 3 32 6 
29 10
0 41 13 24 45 26 44 17 31 48 
49 6
33 41 26 45 36 23 
39 6
26 27 34 14 3 1 
16 5
4 13 41 32 23 
35 2
32 14 
48 3
9 11 29 
44 4
23 12 29 1 
45 3
33 29 49 
34 4
25 32 39 21 
47 7
23 31 0 10 32 6 14 
13 7
11 29 16 32 28 14 40 
40 5
43 21 37 12 13 
28 4
22 13 3 1 
27 7
18 17 7 14 39 12 30 
30 5
7 21 24 31 27 
17 5
14 0 29 27 36 
41 8
29 6 7 2 49 11 16 36 
36 5
49 6 12 41 17 
11 5
2 48 13 41 3 
2 5
11 41 7 4 42 
42 4
20 6 26 2 
20 4
14 1 42 0 
9 4
5 23 48 7 
25 4
34 46 7 0 
37 4
46 15 22 40 
5 5
18 9 31 15 6 
0 8
29 17 8 12 47 23 25 20 
4 4
16 32 12 2 
33 5
49 31 45 6 18 
18 7
5 12 19 15 27 31 33 
24 4
43 29 31 30 
