100
68 10
86 39 20 17 28 9 44 8 96 93 
93 9
72 57 17 28 7 68 79 37 24 
96 5
32 78 18 68 54 
8 6
6 2 81 67 18 68 
9 3
76 68 31 
28 7
94 69 93 46 33 68 38 
75 2
40 20 
20 10
68 18 98 90 81 71 43 86 51 75 
40 9
58 45 25 60 34 75 31 52 30 
5 7
14 70 10 94 83 1 48 
48 9
13 39 23 30 97 71 78 58 5 
1 8
99 84 85 42 12 67 73 5 
83 8
79 25 73 52 95 57 76 5 
94 10
65 49 5 15 56 7 2 28 31 34 
46 3
28 19 26 
26 7
67 52 22 33 46 11 59 
37 11
41 3 78 31 76 43 58 93 73 15 10 
10 5
30 5 29 31 37 
15 5
49 94 29 37 12 
73 7
42 1 83 3 36 24 37 
58 10
40 79 24 21 37 65 30 64 31 48 
92 5
38 27 11 30 51 
51 5
81 7 52 20 92 
30 11
52 91 10 41 78 16 92 40 49 58 48 
11 10
92 18 36 45 26 19 0 16 74 41 
27 3
55 92 0 
87 5
50 0 43 64 71 
71 6
50 22 20 48 80 87 
64 6
67 54 82 87 58 13 
49 7
15 61 94 6 30 90 60 
84 4
44 1 6 12 
12 4
62 1 15 84 
6 7
18 52 8 84 49 13 80 
31 10
37 42 33 54 14 40 10 94 58 9 
65 7
17 94 57 58 56 3 66 
21 7
24 89 50 25 58 2 85 
79 4
83 67 93 58 
34 4
23 78 40 94 
2 8
18 47 38 36 8 44 94 21 
7 6
85 51 19 93 94 22 
56 7
53 97 82 94 18 65 29 
14 4
5 61 31 35 
35 3
99 36 14 
80 6
45 36 70 71 72 6 
33 4
76 31 28 26 
42 6
1 73 53 31 0 44 
44 7
84 68 74 72 2 42 32 
0 8
87 95 66 3 54 11 42 27 
91 4
30 29 4 39 
39 5
68 25 48 85 91 
4 5
91 97 99 23 88 
88 3
52 98 4 
23 5
34 53 4 48 69 
99 10
16 35 74 1 18 72 25 63 4 43 
97 7
24 56 13 77 4 48 50 
54 5
64 82 0 31 96 
3 6
65 37 77 0 45 73 
50 9
87 18 66 71 21 78 97 77 61 
77 4
3 41 97 50 
78 7
37 30 96 48 25 50 34 
25 8
95 39 40 99 83 78 21 13 
36 6
73 2 35 11 90 80 
90 4
49 59 20 36 
72 5
93 38 99 44 80 
60 5
45 81 76 40 49 
76 8
33 37 67 9 60 83 53 62 
81 6
51 45 55 20 60 8 
45 9
22 81 11 80 40 60 3 18 82 
85 5
1 7 41 21 39 
41 5
30 85 77 37 11 
74 6
18 43 38 99 44 11 
16 4
30 63 99 11 
19 4
22 46 7 11 
18 11
74 20 50 96 8 6 99 11 2 45 56 
59 4
86 13 90 26 
86 3
68 59 20 
43 9
74 37 22 98 20 87 70 82 99 
98 7
24 20 17 22 88 43 69 
69 4
28 17 23 98 
89 2
21 70 
70 5
5 43 22 80 89 
82 6
56 54 43 64 45 55 
55 4
62 27 81 82 
53 6
56 42 23 76 38 47 
47 2
2 53 
38 8
57 22 72 92 74 28 2 53 
62 4
55 22 12 76 
29 4
91 15 10 56 
67 7
64 26 1 79 76 8 52 
32 2
96 44 
13 6
6 48 97 59 25 64 
95 3
0 25 83 
22 11
98 38 62 43 45 19 26 70 71 66 7 
24 6
98 58 21 97 73 93 
52 8
40 6 83 51 30 88 26 67 
63 2
16 99 
61 3
14 49 50 
57 4
38 93 65 83 
17 5
65 98 68 93 69 
66 4
0 50 65 22 
