30
4 10
7 22 1 28 9 26 2 21 8 0 
0 6
7 15 18 1 2 4 
8 13
25 15 14 23 22 3 18 9 17 27 4 7 16 
21 6
23 6 29 19 4 27 
2 11
24 11 1 16 29 0 10 4 28 26 20 
26 5
22 24 4 2 5 
9 9
22 19 8 1 18 24 4 25 6 
28 10
20 29 27 17 13 3 5 4 11 2 
1 11
2 25 4 18 5 13 12 0 9 27 11 
22 7
9 4 26 19 29 16 8 
29 11
19 2 28 21 18 5 3 20 22 6 7 
19 8
9 21 11 18 29 15 22 12 
11 6
2 19 10 5 1 28 
27 9
7 28 20 14 15 8 3 1 21 
12 7
6 23 10 15 3 1 19 
13 6
28 20 1 16 25 15 
5 9
10 29 11 1 16 17 28 20 26 
25 9
8 15 1 18 23 17 9 24 13 
6 6
21 12 10 29 3 9 
24 6
2 26 20 9 17 25 
18 10
29 0 1 3 16 8 25 19 14 9 
15 7
8 0 25 19 12 27 13 
16 8
22 2 3 5 18 10 13 8 
20 8
24 28 27 13 5 10 29 2 
7 7
27 3 4 23 0 29 8 
3 10
7 8 16 12 18 28 27 6 23 29 
14 5
23 8 17 27 18 
10 7
5 12 6 20 11 16 2 
17 6
25 5 14 28 8 24 
23 7
21 14 7 8 12 25 3 
