30
23 5
3 16 19 4 0 
0 9
2 9 4 22 23 1 18 24 10 
4 8
13 12 24 0 16 8 23 25 
19 7
8 23 1 3 11 25 15 
16 8
26 25 7 4 17 9 22 23 
3 5
23 17 19 2 13 
21 8
14 25 2 5 1 9 24 11 
11 7
8 29 24 21 19 28 27 
24 4
4 11 21 0 
9 5
6 0 21 2 16 
1 5
19 0 12 21 8 
5 6
10 28 7 21 26 18 
2 5
0 21 25 9 3 
25 9
16 29 22 7 21 18 19 2 4 
14 5
26 21 7 22 10 
20 5
7 18 17 10 6 
6 3
9 10 20 
10 6
5 8 6 0 20 14 
17 10
3 18 29 28 7 20 16 8 12 26 
18 7
20 8 25 0 22 5 17 
15 5
26 19 29 22 7 
8 8
18 1 19 11 4 27 17 10 
12 3
4 1 17 
22 7
16 25 15 0 29 14 18 
29 8
15 25 11 17 28 27 22 13 
26 5
16 14 15 5 17 
7 7
20 14 5 16 25 17 15 
13 3
4 3 29 
27 3
8 29 11 
28 4
17 5 29 11 
