50
16 8
30 23 17 14 13 3 37 0 
0 5
37 44 8 16 40 
37 9
38 32 0 20 30 11 24 44 16 
3 8
42 5 20 16 13 7 24 36 
13 7
43 47 49 3 16 23 17 
14 11
28 45 26 32 12 15 10 44 16 36 22 
17 7
5 6 16 45 35 13 7 
23 6
45 13 42 12 16 34 
30 9
38 16 9 37 43 49 47 4 32 
47 7
25 5 30 49 4 13 28 
28 8
21 46 14 20 27 31 47 35 
4 7
5 34 20 24 30 47 10 
5 9
34 42 17 6 4 47 3 19 33 
25 5
44 22 47 21 40 
10 9
27 36 49 4 1 38 41 2 14 
24 9
41 6 36 4 48 37 3 44 19 
20 11
2 45 3 18 37 28 9 48 46 4 15 
34 10
35 27 5 1 32 49 43 4 21 23 
33 6
8 40 41 7 18 5 
19 7
15 39 44 1 5 24 9 
6 7
45 5 32 31 17 24 7 
8 4
33 46 0 42 
42 9
41 12 23 43 5 1 3 18 8 
46 10
11 21 18 28 2 26 45 20 43 8 
18 7
45 46 33 42 12 39 20 
7 5
27 17 3 33 6 
40 7
33 29 15 0 9 31 25 
15 8
40 14 20 27 9 32 19 2 
48 5
44 35 20 24 41 
9 6
40 20 30 15 31 19 
45 9
23 18 17 6 2 46 14 20 39 
2 5
46 20 15 10 45 
38 5
27 37 30 10 32 
32 8
41 14 34 37 15 6 30 38 
44 9
22 25 0 14 37 24 48 27 19 
11 3
46 37 21 
39 4
19 45 29 18 
36 4
10 14 24 3 
41 9
42 33 21 24 32 10 48 31 1 
21 8
41 28 34 25 46 29 11 26 
26 4
14 46 31 21 
29 5
31 39 40 35 21 
12 5
31 42 14 23 18 
31 9
12 49 29 6 40 28 9 26 41 
43 7
13 34 42 46 27 30 22 
1 5
19 42 34 10 41 
49 6
31 47 10 30 34 13 
27 8
10 15 38 7 34 28 44 43 
35 6
22 34 48 17 28 29 
22 5
44 25 35 14 43 
