50
24 7
15 5 41 23 30 31 45 
45 9
41 19 42 4 49 43 29 33 24 
31 10
46 16 26 14 32 29 30 22 18 24 
30 10
4 0 17 27 31 24 21 40 26 35 
18 10
8 33 16 28 31 43 6 29 41 12 
12 16
46 20 23 5 18 4 44 15 40 34 36 19 27 22 9 32 
41 9
36 16 24 11 49 45 2 18 15 
29 10
48 31 27 46 44 26 45 18 4 49 
6 15
1 26 32 20 42 36 43 47 7 5 33 16 18 11 48 
43 17
4 40 45 46 28 18 16 3 8 36 23 6 25 32 14 47 21 
16 13
46 31 43 4 23 6 32 41 18 10 0 14 38 
33 7
23 9 27 18 6 45 44 
44 11
26 49 27 21 1 15 29 12 40 7 33 
4 12
30 43 14 5 46 16 29 10 45 2 12 28 
28 6
48 18 1 13 43 4 
2 9
39 3 5 42 47 4 7 41 32 
5 11
24 4 22 13 7 2 6 10 15 12 46 
46 15
12 32 26 5 9 1 22 23 29 38 4 47 43 16 31 
15 11
36 44 10 38 12 26 24 37 21 5 41 
37 6
32 20 40 22 15 25 
25 6
0 10 7 43 37 1 
22 11
7 49 5 32 12 46 8 37 35 48 31 
40 12
14 43 13 12 37 21 0 30 48 9 44 26 
9 11
46 33 38 10 12 7 17 48 40 49 47 
47 11
46 21 2 19 43 14 6 10 0 48 9 
48 10
22 6 47 40 29 21 11 28 9 3 
7 14
36 44 38 27 26 3 5 25 32 6 2 49 9 22 
20 10
35 37 36 39 0 12 42 3 1 6 
1 9
6 27 28 44 46 14 39 20 25 
42 6
49 45 2 6 20 38 
0 8
20 40 25 30 23 47 16 19 
10 11
9 5 16 8 15 32 4 47 38 25 11 
32 14
38 6 2 35 10 16 31 46 7 13 43 22 37 12 
49 11
9 42 44 39 22 23 45 26 7 41 29 
11 5
6 3 41 48 10 
36 9
15 17 7 41 12 6 43 20 39 
13 7
5 32 39 40 14 28 35 
19 9
38 47 26 45 12 14 0 8 17 
23 10
12 24 33 46 8 16 0 49 43 14 
17 6
38 30 36 9 27 19 
27 10
1 21 44 33 30 12 39 7 17 29 
26 12
6 30 19 31 7 29 15 44 46 49 39 40 
21 11
35 27 48 47 43 44 38 30 34 40 15 
35 7
21 20 14 32 30 22 13 
14 13
4 47 43 31 40 39 13 35 19 16 23 1 3 
8 8
18 39 10 43 38 23 22 19 
39 11
13 8 49 1 20 14 34 27 2 26 36 
3 7
2 11 7 43 20 14 48 
38 13
19 9 17 32 7 21 10 15 46 8 16 42 34 
34 4
12 21 39 38 
