30
27 5
18 0 25 4 14 
14 9
17 28 27 9 20 7 1 5 3 
4 10
7 18 1 10 29 22 27 11 16 6 
25 5
19 2 17 27 24 
0 7
2 26 27 28 13 7 24 
18 7
4 27 3 5 23 22 7 
29 4
8 26 17 4 
17 10
9 25 14 8 10 29 15 26 19 21 
26 10
13 17 12 16 8 29 0 22 23 19 
8 8
17 9 26 2 29 10 3 23 
13 7
24 23 28 26 0 15 16 
16 5
26 13 4 15 12 
15 5
9 17 12 16 13 
28 7
13 14 20 1 22 0 19 
23 5
18 1 13 26 8 
12 6
21 11 20 26 15 16 
9 4
15 17 8 14 
19 4
25 17 28 26 
22 6
5 18 26 28 4 20 
3 4
18 14 21 8 
5 4
22 14 11 18 
1 5
4 14 20 28 23 
7 6
4 14 11 21 18 0 
20 8
24 2 1 12 14 22 10 28 
24 5
13 20 0 11 25 
2 4
0 20 8 25 
21 6
6 12 7 11 17 3 
10 5
17 8 6 4 20 
6 3
21 10 4 
11 6
7 12 5 4 24 21 
