100
72 2
71 35 
35 2
99 72 
36 1
75 
75 7
99 63 39 53 27 8 36 
73 3
78 13 79 
79 6
90 57 23 62 33 73 
13 4
84 14 69 73 
97 3
94 89 96 
96 4
61 0 49 97 
83 4
42 64 71 85 
85 5
59 3 83 99 32 
41 2
26 50 
50 4
17 90 84 41 
25 3
81 30 87 
87 5
92 49 42 33 25 
78 3
73 70 28 
28 2
2 78 
12 5
56 39 47 67 81 
81 11
25 51 1 18 98 34 93 19 11 71 12 
8 3
21 44 75 
99 8
75 85 71 55 68 7 2 35 
5 2
82 71 
71 8
24 72 99 19 81 83 3 5 
24 2
71 17 
17 7
67 82 52 65 24 50 62 
63 3
19 75 56 
56 3
12 19 63 
89 4
51 14 97 26 
26 4
49 41 77 89 
37 1
22 
22 5
43 30 52 94 37 
46 4
44 60 4 57 
57 3
79 93 46 
4 7
58 40 95 30 42 59 46 
70 4
55 66 78 33 
33 6
53 27 79 42 87 70 
66 3
6 70 0 
0 7
14 96 2 11 55 95 66 
27 2
33 75 
53 5
65 33 49 7 75 
60 4
64 20 46 44 
44 3
8 46 60 
20 3
65 30 60 
68 2
99 21 
21 4
8 58 48 68 
62 2
79 17 
65 6
53 29 82 77 20 17 
54 3
64 10 19 
19 7
71 81 7 63 56 61 54 
9 2
49 29 
29 4
42 65 14 9 
32 2
2 85 
3 3
71 49 85 
94 7
34 84 69 97 2 6 22 
48 2
40 21 
40 6
6 14 34 48 4 47 
61 4
96 31 19 42 
42 7
83 55 33 29 87 61 4 
38 2
2 52 
52 4
45 17 22 38 
2 10
49 93 45 32 99 94 74 28 38 0 
7 5
11 19 53 82 99 
77 4
51 34 26 65 
34 4
94 81 40 77 
10 3
31 54 14 
14 9
40 89 1 0 29 10 82 13 67 
49 10
9 82 53 51 26 2 15 87 3 96 
15 3
49 59 84 
51 6
89 77 95 49 43 81 
80 1
39 
39 4
12 75 1 80 
30 4
22 25 4 20 
86 1
18 
18 5
98 81 91 86 31 
6 4
66 94 40 92 
64 4
60 83 54 82 
82 7
65 17 5 7 14 49 64 
67 4
88 17 12 14 
1 4
81 98 14 39 
43 2
22 51 
31 4
10 61 93 18 
91 2
18 58 
74 2
2 23 
45 2
52 2 
93 4
31 57 81 2 
59 3
15 85 4 
95 3
4 51 0 
55 4
42 99 70 0 
11 3
7 81 0 
47 3
12 84 40 
98 5
1 18 81 88 76 
76 1
98 
88 3
98 67 69 
69 5
94 13 90 88 16 
16 1
69 
90 4
79 50 69 84 
84 6
94 47 13 15 50 90 
23 2
79 74 
92 2
87 6 
58 3
4 21 91 
