50
43 2
8 34 
34 6
25 31 36 40 43 46 
8 5
40 43 33 29 2 
4 3
49 31 9 
9 4
1 3 4 24 
31 5
5 3 34 4 28 
49 6
4 42 6 40 39 14 
33 3
8 42 39 
39 3
16 33 49 
42 5
23 33 11 49 20 
37 3
36 6 11 
11 3
42 7 37 
6 7
35 19 16 37 28 1 49 
36 6
14 34 37 12 29 22 
2 5
30 26 32 8 21 
29 9
0 15 22 36 28 27 8 44 19 
40 5
8 34 48 26 49 
24 4
17 9 3 10 
3 6
31 9 32 24 1 38 
1 8
41 10 27 9 3 6 20 30 
10 3
13 1 24 
17 2
24 12 
14 4
36 49 7 16 
20 5
0 12 42 1 18 
47 3
25 38 28 
28 7
47 46 29 6 31 25 13 
38 4
45 46 3 47 
25 3
34 47 28 
16 3
39 14 6 
7 3
41 14 11 
41 4
7 1 48 0 
13 2
10 28 
0 4
20 15 29 41 
48 4
32 40 41 35 
46 3
38 28 34 
5 3
31 26 15 
15 3
0 29 5 
26 5
5 2 45 40 23 
12 4
19 36 20 17 
19 4
12 22 29 6 
44 2
23 29 
23 4
42 44 30 26 
22 3
19 29 36 
45 2
38 26 
27 3
21 1 29 
18 2
30 20 
30 4
23 18 1 2 
21 2
27 2 
32 4
48 2 35 3 
35 3
6 32 48 
