50
22 2
25 28 
28 9
9 31 3 8 35 42 29 36 22 
29 2
48 28 
43 2
4 38 
38 5
34 48 9 21 43 
20 3
33 23 10 
10 5
3 49 0 40 20 
11 2
30 3 
3 7
10 12 34 23 28 33 11 
39 1
4 
4 3
43 27 39 
33 5
20 3 1 23 17 
17 1
33 
23 3
20 3 33 
1 1
33 
5 2
41 26 
26 2
0 5 
19 1
27 
27 8
30 12 16 49 4 25 2 19 
42 3
40 28 47 
47 3
21 44 42 
49 2
10 27 
40 2
42 10 
0 3
25 26 10 
25 6
22 48 27 14 0 13 
9 4
12 38 28 15 
15 4
2 12 9 48 
12 8
3 15 8 36 30 27 9 24 
34 3
38 3 16 
16 2
27 34 
14 2
25 18 
18 1
14 
37 1
2 
2 7
15 27 44 46 37 32 6 
21 2
47 38 
8 2
12 28 
6 2
24 2 
32 2
2 41 
46 3
36 2 7 
13 2
25 45 
41 2
5 32 
7 1
46 
35 1
28 
31 2
28 44 
45 1
13 
30 3
27 11 12 
36 3
28 46 12 
24 2
6 12 
48 4
38 25 29 15 
44 3
2 47 31 
