20
4 6
15 8 16 12 7 3 
3 10
13 14 2 19 11 16 8 0 4 1 
7 7
13 12 10 16 8 19 4 
12 10
14 7 13 16 4 5 1 9 6 11 
16 11
2 14 12 1 3 18 17 9 7 11 4 
8 11
19 4 17 5 18 3 1 10 15 6 7 
10 7
11 6 7 13 8 19 14 
14 8
12 18 3 16 11 15 10 19 
19 9
8 11 9 3 1 10 0 7 14 
13 10
6 7 0 10 12 17 9 2 3 18 
6 8
11 13 1 0 15 10 8 12 
5 5
8 12 18 1 0 
0 7
6 13 3 5 19 2 9 
1 9
15 11 6 12 16 8 19 5 3 
18 7
14 5 9 15 8 16 13 
2 5
3 9 16 13 0 
9 9
2 19 18 16 0 15 12 17 13 
17 5
11 16 8 13 9 
15 7
4 14 1 18 6 8 9 
11 9
6 17 19 10 14 1 3 16 12 
