30
20 3
17 5 29 
29 8
15 28 2 26 20 22 6 7 
5 5
26 16 17 28 20 
27 4
12 24 10 15 
15 5
29 23 19 12 27 
12 7
8 6 27 4 10 15 1 
19 5
23 4 18 0 15 
7 6
23 24 13 1 10 29 
6 6
12 14 4 29 1 3 
22 3
17 14 29 
13 3
7 1 16 
16 4
5 18 10 13 
14 3
6 22 18 
18 7
11 16 8 25 26 19 14 
26 6
18 5 8 0 29 4 
4 9
6 12 9 28 2 19 26 11 21 
3 2
28 6 
21 1
4 
28 5
29 3 5 4 11 
11 6
18 23 4 9 17 28 
10 5
27 12 7 25 16 
25 3
10 18 23 
8 4
12 26 18 17 
17 6
20 22 5 1 11 8 
1 8
23 13 7 6 12 0 17 9 
9 5
4 2 1 11 24 
0 4
1 26 19 2 
2 5
24 9 4 29 0 
24 5
7 23 2 27 9 
23 7
7 1 19 15 24 11 25 
