20
10 9
7 11 15 0 18 3 12 16 2 
2 12
14 16 11 4 19 3 5 18 13 7 12 10 
16 8
4 19 2 12 11 10 7 5 
12 14
14 2 19 17 7 4 8 16 15 10 0 1 11 18 
3 9
14 8 7 10 18 2 19 4 9 
0 6
8 10 11 14 12 13 
7 9
10 18 5 3 13 2 8 16 12 
13 6
1 7 14 19 2 0 
18 10
10 7 12 11 14 5 3 2 6 9 
5 7
7 17 2 18 1 16 14 
19 8
16 6 2 13 3 1 12 11 
4 5
16 2 12 9 3 
6 4
19 14 18 17 
17 7
5 1 11 14 12 15 6 
14 12
2 12 8 3 1 18 5 6 13 17 15 0 
11 9
15 10 0 16 18 12 17 2 19 
1 7
8 13 17 14 19 5 12 
9 5
15 4 3 18 8 
15 6
11 10 9 17 14 12 
8 7
1 3 14 0 12 9 7 
