30
13 6
17 22 14 20 3 18 
18 4
6 4 21 13 
20 10
4 14 8 12 13 0 28 9 22 19 
29 11
25 10 15 7 22 4 17 28 21 1 5 
5 8
12 1 3 2 11 14 29 8 
21 8
12 9 16 23 29 10 1 18 
28 7
20 27 10 29 22 23 12 
15 7
3 9 14 19 29 0 25 
25 9
14 1 8 11 4 9 29 10 15 
0 6
8 3 6 14 20 15 
19 10
7 6 26 2 4 15 20 9 22 11 
14 9
12 25 13 20 0 15 5 23 4 
4 14
16 12 20 27 2 19 14 26 23 22 18 29 25 24 
12 8
21 5 22 14 20 4 28 17 
27 6
16 8 28 17 26 4 
2 7
11 16 17 19 1 5 4 
23 8
6 26 28 14 22 16 4 21 
22 10
12 13 17 28 4 29 10 20 23 19 
11 9
8 24 25 10 5 3 2 19 7 
7 5
1 29 19 16 11 
3 7
8 13 15 0 5 24 11 
8 7
11 0 25 27 20 3 5 
26 8
4 6 19 9 27 23 16 24 
24 6
4 10 11 3 1 26 
16 9
27 4 21 7 23 10 2 26 1 
9 8
15 21 17 25 20 26 19 6 
10 9
29 17 28 25 22 24 11 21 16 
1 9
7 29 5 25 6 21 24 2 16 
17 8
22 13 10 29 9 27 2 12 
6 7
23 1 18 0 26 19 9 
