100
88 7
39 66 68 32 82 63 24 
24 3
72 90 88 
63 8
82 14 90 48 17 80 88 38 
82 4
63 65 88 85 
32 10
29 10 28 54 83 84 88 22 55 4 
68 8
35 88 36 5 12 42 64 40 
66 7
88 36 3 37 84 19 54 
39 5
52 88 61 21 0 
80 9
35 3 77 55 36 63 70 21 37 
37 5
66 95 80 12 98 
21 8
16 96 47 58 3 5 39 80 
70 10
79 74 41 80 53 51 38 23 81 96 
36 9
69 54 80 68 66 57 22 91 78 
55 5
10 11 76 80 32 
77 6
43 20 92 80 72 44 
3 14
61 72 21 71 80 66 1 67 97 47 35 8 76 28 
35 7
80 68 3 89 71 79 69 
79 3
70 35 19 
19 5
95 66 28 75 79 
56 4
18 5 76 54 
54 9
9 32 61 49 91 56 36 66 16 
76 10
84 98 57 47 43 27 56 0 3 55 
5 14
8 34 62 73 56 91 51 31 28 48 68 21 22 95 
18 4
56 95 11 45 
73 3
5 1 8 
8 8
49 97 73 3 5 74 9 30 
1 4
42 69 73 3 
90 9
86 10 63 15 95 25 17 75 24 
72 5
24 12 77 3 58 
40 4
57 65 68 27 
27 5
6 87 41 76 40 
65 5
50 86 40 82 96 
57 6
40 60 2 93 76 36 
22 5
5 32 45 36 46 
46 6
97 98 92 58 48 22 
45 5
60 92 43 22 18 
85 4
11 93 6 82 
6 3
27 85 64 
93 4
49 12 85 57 
11 7
85 48 28 34 55 58 18 
9 8
54 96 8 47 53 26 14 71 
71 7
75 9 41 3 0 62 35 
14 4
63 89 9 97 
26 6
15 74 17 9 50 20 
53 6
64 49 70 10 7 9 
47 7
76 21 89 95 3 64 9 
96 6
21 84 33 9 70 65 
97 5
46 8 51 3 14 
89 6
35 84 95 50 14 47 
95 12
19 33 74 41 90 92 89 37 47 5 18 10 
78 4
58 51 36 29 
91 4
12 5 54 36 
69 5
36 1 60 28 35 
38 3
17 70 63 
17 6
30 38 90 28 26 63 
48 7
84 11 46 63 74 31 5 
4 4
60 86 29 32 
29 5
13 32 4 78 52 
86 5
90 28 65 4 16 
60 6
4 69 45 44 57 83 
83 5
32 50 75 74 60 
44 10
50 28 52 51 49 12 77 15 60 16 
87 3
27 61 58 
58 7
78 21 11 46 72 25 87 
61 7
3 28 41 39 54 62 87 
33 3
95 96 16 
16 7
21 52 54 33 44 74 86 
64 5
53 47 68 6 84 
23 4
10 70 94 25 
25 6
50 62 0 90 58 23 
94 3
2 23 34 
10 7
23 95 7 55 32 90 53 
75 4
71 83 90 19 
15 5
26 44 92 90 28 
34 4
74 11 5 94 
28 13
0 15 32 61 44 81 69 19 11 86 17 3 5 
81 6
49 28 31 67 2 70 
0 7
28 71 59 25 99 76 39 
12 6
72 91 44 68 93 37 
62 4
5 71 25 61 
50 8
25 65 83 44 92 89 13 26 
52 6
39 44 16 59 29 13 
13 3
29 50 52 
99 3
51 0 74 
74 10
34 70 48 26 2 95 8 16 83 99 
51 7
99 97 5 44 78 70 43 
43 4
45 77 76 51 
98 3
46 76 37 
84 8
42 48 66 89 76 96 32 64 
92 7
77 50 95 15 46 45 41 
41 7
27 95 61 70 71 20 92 
2 6
57 94 74 49 81 7 
67 3
3 81 59 
31 3
5 48 81 
49 7
53 8 44 54 93 81 2 
7 4
59 10 53 2 
59 5
7 52 0 42 67 
42 4
84 59 68 1 
20 4
77 41 30 26 
30 3
17 20 8 
