100
49 6
2 58 47 29 90 41 
41 8
52 92 60 76 51 49 56 0 
90 2
22 49 
29 2
50 49 
47 2
7 49 
58 6
96 8 89 49 40 19 
2 4
98 49 61 59 
53 2
61 11 
11 6
85 31 82 51 53 83 
61 7
65 88 3 53 2 85 17 
80 4
50 62 22 9 
9 9
93 87 56 80 7 44 23 17 14 
22 6
52 40 90 80 97 83 
62 2
97 80 
50 6
12 79 29 80 44 33 
40 2
22 58 
99 2
94 32 
32 4
77 71 23 99 
94 6
37 99 56 46 45 54 
39 2
56 66 
66 9
10 15 87 70 48 84 55 39 68 
56 4
39 41 94 9 
79 3
14 50 74 
74 2
84 79 
14 7
79 96 44 26 45 9 52 
52 3
41 22 14 
20 2
81 55 
55 6
67 97 66 59 20 92 
81 4
20 76 64 43 
86 2
33 44 
44 5
14 9 1 50 86 
33 3
86 96 50 
83 3
45 11 22 
51 5
68 41 11 45 35 
82 4
97 87 46 11 
31 3
48 71 11 
85 6
5 11 61 97 45 87 
78 3
15 7 95 
95 3
26 27 78 
7 8
18 16 78 27 9 47 67 26 
15 4
66 34 78 97 
54 3
38 57 94 
45 11
87 70 83 94 72 38 57 14 85 67 51 
46 2
94 82 
37 2
94 60 
60 4
41 63 91 37 
26 4
95 30 14 7 
96 7
58 19 97 21 33 14 87 
43 2
38 81 
38 6
54 43 71 45 69 10 
87 6
45 66 82 9 85 96 
21 5
59 64 42 96 98 
97 8
62 55 82 30 22 85 96 15 
19 2
96 58 
71 6
84 73 31 32 38 57 
57 9
24 71 13 45 69 48 18 77 54 
73 3
35 71 84 
84 6
0 74 71 66 3 73 
35 3
73 51 63 
68 2
51 66 
6 4
72 59 36 65 
65 2
61 6 
36 2
25 6 
59 6
21 55 6 2 72 5 
72 3
6 45 59 
17 4
28 9 64 61 
3 3
61 84 64 
88 2
75 61 
10 2
66 38 
69 3
42 57 38 
42 4
91 69 21 18 
27 3
7 18 95 
64 7
17 89 21 3 81 16 98 
76 3
81 41 25 
30 3
97 26 24 
98 3
2 64 21 
23 4
91 9 32 93 
93 3
9 67 23 
91 4
23 75 42 60 
5 2
85 59 
92 2
41 55 
75 5
88 8 91 18 4 
4 2
63 75 
18 6
7 57 89 27 75 42 
8 2
75 58 
89 4
64 58 18 34 
24 3
1 57 30 
0 2
84 41 
34 2
15 89 
16 2
7 64 
67 6
55 25 93 45 7 1 
1 4
24 44 67 13 
28 3
17 63 25 
25 4
36 67 28 76 
63 5
4 13 35 28 60 
12 2
50 48 
48 4
31 66 57 12 
13 3
63 57 1 
70 2
45 66 
77 2
32 57 
