50
26 9
37 19 28 31 17 7 30 10 43 
43 6
49 6 46 40 35 26 
10 9
34 15 11 37 46 16 1 19 26 
30 6
44 48 27 19 26 24 
7 8
28 0 38 26 6 33 8 44 
17 8
29 13 38 48 21 24 46 26 
31 4
39 26 11 37 
32 9
21 6 0 12 34 39 44 46 3 
3 10
18 42 4 20 34 36 6 32 35 45 
46 9
38 17 47 43 11 32 10 0 16 
39 8
1 31 20 32 19 24 38 41 
20 9
36 3 41 47 39 14 8 33 42 
42 7
24 12 3 27 38 29 20 
33 8
7 19 27 48 18 5 20 34 
14 6
19 11 36 29 28 20 
47 4
46 20 19 25 
37 8
26 10 0 8 16 13 36 31 
11 8
14 41 31 45 2 46 10 29 
34 7
10 32 2 25 3 33 22 
22 4
6 12 8 34 
28 9
18 7 26 45 15 44 14 6 4 
29 8
17 23 42 14 11 2 35 19 
36 12
6 0 3 24 37 8 48 19 2 20 40 14 
19 11
33 26 30 36 10 29 14 39 12 4 47 
12 7
42 4 32 9 22 19 21 
41 4
21 11 20 39 
4 7
38 19 12 3 40 48 28 
6 11
40 32 22 36 43 13 7 3 18 2 28 
44 7
16 35 32 30 25 28 7 
15 6
35 40 27 28 10 0 
45 6
0 11 49 5 3 28 
1 5
39 49 23 10 21 
38 7
4 46 17 42 7 40 39 
0 9
45 32 36 37 8 46 7 5 15 
23 3
29 1 18 
18 7
33 28 6 3 5 35 23 
21 6
41 32 17 2 12 1 
2 7
29 34 6 21 11 24 36 
24 8
42 16 39 36 30 17 9 2 
25 3
34 44 47 
40 7
6 15 4 43 49 36 38 
48 7
33 4 49 30 36 17 9 
8 8
7 0 20 35 37 22 36 16 
5 6
9 27 45 0 33 18 
16 6
10 24 37 44 46 8 
35 7
15 29 43 44 8 3 18 
27 6
42 49 5 33 15 30 
13 3
17 6 37 
9 4
5 12 24 48 
49 6
43 1 45 27 48 40 
