100
5 1
98 
98 2
84 5 
49 1
61 
61 2
97 49 
23 1
86 
86 2
2 23 
39 1
21 
21 2
27 39 
51 1
17 
17 2
27 51 
82 1
10 
10 2
76 82 
41 1
93 
93 2
28 41 
94 1
40 
40 3
38 94 85 
24 1
35 
35 2
6 24 
60 1
70 
70 2
80 60 
28 2
45 93 
91 1
92 
92 2
67 91 
27 5
84 21 67 19 17 
77 1
69 
69 2
1 77 
25 1
76 
76 3
46 25 10 
8 1
45 
45 3
79 28 8 
6 2
96 35 
15 1
11 
11 3
81 89 15 
75 1
63 
63 2
18 75 
53 1
29 
29 3
78 20 53 
12 1
80 
80 4
54 16 70 12 
18 2
48 63 
83 2
55 30 
30 1
83 
55 3
81 83 36 
33 1
57 
57 2
0 33 
96 6
37 84 81 97 6 1 
32 1
26 
26 4
42 13 58 32 
16 1
80 
88 2
78 14 
14 1
88 
78 6
66 68 3 29 42 88 
99 2
73 72 
72 1
99 
73 5
54 4 66 2 99 
20 3
29 52 38 
79 4
1 45 34 47 
47 1
79 
34 1
79 
1 3
96 79 69 
56 1
3 
3 2
78 56 
54 4
73 80 43 9 
9 2
54 59 
43 3
54 0 90 
2 5
73 64 86 46 74 
74 1
2 
46 3
62 2 76 
64 1
2 
4 1
73 
66 3
73 78 37 
48 4
84 18 62 50 
37 3
66 96 71 
68 2
78 87 
87 1
68 
62 2
46 48 
36 1
55 
81 3
96 55 11 
97 2
96 61 
0 2
43 57 
31 1
84 
84 6
96 27 48 31 65 98 
42 3
78 26 44 
58 1
26 
13 1
26 
59 1
9 
90 1
43 
71 1
37 
67 2
27 92 
50 1
48 
95 1
65 
65 2
84 95 
19 1
27 
38 3
20 40 7 
7 1
38 
52 2
20 22 
44 1
42 
85 1
40 
22 1
52 
89 1
11 
