50
31 4
13 15 22 9 
9 8
25 29 34 14 40 13 8 31 
1 3
32 24 25 
25 9
22 9 15 37 24 20 32 45 1 
36 1
44 
44 8
41 42 19 49 16 15 17 36 
18 3
28 39 5 
5 4
27 17 11 18 
11 6
34 30 4 6 41 5 
39 6
15 47 14 18 13 30 
30 4
11 4 12 39 
13 7
33 31 9 21 40 14 39 
46 5
17 4 26 24 3 
3 6
24 19 15 41 4 46 
29 3
9 24 7 
7 8
38 37 14 10 29 22 35 2 
17 4
46 33 44 5 
38 3
7 26 35 
35 7
34 7 16 38 22 23 42 
8 5
43 15 45 23 9 
26 5
4 45 38 46 21 
21 4
24 49 13 26 
32 3
22 1 25 
37 6
12 25 45 23 7 49 
49 5
43 44 14 21 37 
20 4
47 24 16 25 
16 7
47 4 44 35 20 0 6 
23 4
37 14 8 35 
34 5
11 35 9 27 15 
15 9
25 8 44 31 48 14 39 34 3 
14 11
15 39 42 24 23 49 43 47 9 13 7 
47 4
16 39 20 14 
43 4
8 24 49 14 
40 5
45 13 12 42 9 
22 6
25 4 35 32 31 7 
48 3
15 12 33 
33 3
13 17 48 
12 4
40 37 30 48 
0 4
16 45 19 24 
24 11
21 43 27 1 3 25 14 20 46 29 0 
19 4
42 3 44 0 
42 6
4 44 14 40 19 35 
6 2
11 16 
2 1
7 
45 6
40 26 37 0 8 25 
28 2
18 41 
41 5
44 11 3 27 28 
27 4
5 24 34 41 
10 1
7 
4 8
26 42 22 30 46 16 11 3 
