50
42 6
6 27 28 45 34 21 
21 3
46 42 12 
34 3
24 45 42 
45 7
34 35 36 42 10 1 13 
28 6
9 4 43 42 46 6 
27 5
33 42 32 24 26 
6 2
42 28 
49 5
44 33 14 19 43 
43 7
3 22 46 12 38 49 28 
19 4
10 49 4 48 
14 3
49 24 23 
33 5
27 24 11 49 38 
44 3
49 5 32 
23 2
35 14 
35 5
23 37 45 2 17 
12 6
13 26 32 43 21 30 
46 5
21 9 28 5 43 
5 6
18 1 46 44 36 15 
9 5
28 46 10 29 40 
40 2
30 9 
29 3
25 38 9 
10 3
19 45 9 
38 5
1 15 29 43 33 
15 6
8 17 48 38 5 3 
1 6
39 2 45 38 5 47 
25 3
0 29 47 
48 3
7 15 19 
4 8
47 2 19 41 28 24 37 16 
41 3
37 17 4 
17 3
15 41 35 
37 3
41 35 4 
32 5
27 36 30 12 44 
30 3
40 32 12 
36 5
45 32 5 0 22 
26 3
11 12 27 
11 3
26 33 7 
24 5
34 14 4 33 27 
39 3
1 18 20 
20 2
22 39 
18 3
5 16 39 
7 2
48 11 
16 3
3 18 4 
22 4
31 20 43 36 
31 2
22 13 
0 2
25 36 
47 4
4 1 25 8 
2 3
4 1 35 
13 3
12 45 31 
3 3
16 43 15 
8 2
15 47 
