50
38 7
6 23 31 0 39 8 46 
46 6
42 22 27 38 10 15 
39 10
30 40 38 1 16 45 26 21 9 28 
0 9
43 21 25 38 5 1 3 14 44 
44 12
43 45 26 36 17 3 1 7 13 8 0 6 
14 8
40 32 13 41 37 24 0 49 
3 10
30 27 12 35 2 33 44 16 0 41 
17 8
10 1 48 44 2 35 12 7 
7 12
45 2 15 4 47 44 16 36 22 30 28 17 
12 8
33 3 13 31 17 24 47 19 
35 7
23 24 3 5 20 40 17 
40 12
49 21 14 39 32 41 16 27 9 19 2 35 
2 8
17 7 18 3 45 40 34 4 
9 7
31 19 23 6 39 40 10 
27 7
6 36 3 42 40 46 33 
16 11
22 8 32 43 47 41 7 40 39 20 3 
41 6
15 16 40 14 5 3 
13 5
14 44 12 24 37 
37 8
25 23 10 34 14 4 49 13 
24 8
13 12 14 30 36 29 35 26 
28 6
6 23 31 39 7 11 
11 4
20 29 48 28 
31 8
12 5 38 9 28 10 29 34 
34 7
23 37 32 5 18 2 31 
29 8
33 5 49 31 15 11 24 45 
4 5
37 7 8 15 2 
15 11
41 7 48 22 18 4 26 45 29 33 46 
45 12
48 7 43 47 2 18 1 15 29 39 44 8 
25 4
37 0 49 32 
32 8
10 16 14 20 40 34 21 25 
49 5
25 29 40 14 37 
26 6
44 1 15 20 39 24 
36 9
7 47 23 44 27 10 19 24 42 
30 8
47 39 7 6 24 19 3 18 
42 7
47 46 27 5 1 19 36 
19 9
40 10 9 36 30 23 12 42 43 
1 12
17 0 44 33 39 42 26 45 21 18 5 22 
21 7
0 6 32 40 39 1 48 
22 8
48 20 7 33 16 46 15 1 
18 7
2 45 1 23 30 34 15 
48 8
22 45 17 8 47 15 11 21 
5 11
31 42 23 41 34 20 35 0 10 29 1 
23 10
38 36 37 34 28 9 5 18 35 19 
20 7
22 32 5 11 26 35 16 
47 8
36 30 7 48 45 16 42 12 
43 5
0 44 16 45 19 
33 8
12 22 29 15 8 3 1 27 
10 9
19 37 36 32 46 5 17 31 9 
6 7
38 21 28 27 9 30 44 
8 7
38 4 48 16 44 33 45 
