30
26 6
11 27 0 10 19 7 
7 9
13 8 28 17 27 25 24 14 26 
13 4
7 12 18 28 
28 7
12 16 15 29 27 7 13 
18 7
23 11 21 10 9 17 13 
15 8
1 22 29 19 28 9 14 12 
12 6
4 13 16 28 9 15 
14 9
22 4 24 8 10 15 19 20 7 
29 7
15 1 17 9 28 11 19 
19 11
9 6 1 21 24 26 16 20 14 15 29 
20 12
8 19 24 10 0 5 3 4 14 6 22 23 
23 8
11 27 4 18 3 20 0 2 
6 6
16 19 2 17 10 20 
10 10
26 6 21 24 5 18 3 20 14 22 
22 8
1 27 20 14 25 15 10 4 
3 6
4 20 23 10 11 24 
27 10
4 23 22 0 26 25 7 28 17 8 
8 9
1 25 7 20 14 24 11 17 27 
24 9
8 19 20 14 7 10 3 1 25 
16 7
6 1 12 28 19 21 11 
11 10
23 26 29 0 21 3 18 5 8 16 
17 9
2 0 29 6 8 7 4 27 18 
21 5
19 10 16 11 18 
5 7
20 1 4 9 10 0 11 
25 7
2 4 27 8 22 7 24 
1 10
22 19 5 8 16 15 0 29 24 9 
9 8
19 0 29 15 12 18 5 1 
0 9
9 27 17 26 20 11 1 5 23 
4 11
12 25 3 5 2 14 20 27 17 23 22 
2 5
17 25 6 4 23 
