50
35 6
6 29 41 13 37 45 
45 9
15 10 4 6 44 46 41 19 35 
37 10
22 40 7 3 25 32 35 47 49 48 
27 6
17 31 8 46 24 11 
11 5
21 42 48 27 29 
46 6
25 17 27 36 42 45 
42 8
10 11 33 46 12 4 13 26 
36 6
31 22 8 46 43 49 
8 6
36 32 31 27 2 15 
15 9
10 17 48 9 19 26 45 7 8 
2 6
30 8 19 5 39 24 
4 5
49 42 45 10 1 
1 6
5 21 9 47 49 4 
10 11
15 42 20 18 25 4 17 44 33 45 13 
28 5
38 41 17 39 3 
3 7
12 37 7 49 9 28 0 
39 7
29 34 17 28 32 2 41 
17 13
6 24 38 14 39 46 44 15 10 27 28 22 5 
41 6
31 28 5 35 45 39 
5 6
1 44 2 41 17 23 
23 5
25 47 16 6 5 
29 7
25 31 39 35 44 11 21 
21 6
1 9 24 11 0 29 
44 12
5 24 9 17 10 29 45 19 14 20 40 30 
47 8
18 1 37 23 22 31 9 7 
7 4
37 3 47 15 
9 7
44 3 1 21 24 15 47 
22 7
20 37 36 17 47 49 6 
16 4
6 18 23 19 
19 9
15 43 26 45 2 38 25 44 16 
18 6
31 25 10 16 47 43 
13 7
32 35 40 48 10 42 12 
33 5
43 42 12 10 48 
25 9
23 46 20 38 37 18 29 10 19 
24 7
21 17 27 48 9 44 2 
26 4
34 19 15 42 
12 6
3 49 33 42 13 38 
48 14
43 14 37 11 24 33 34 20 30 32 13 40 15 31 
40 4
37 48 13 44 
43 6
33 36 38 19 48 18 
49 12
6 12 4 34 14 3 1 37 30 22 36 31 
38 6
25 19 17 28 43 12 
6 12
17 16 49 32 0 23 30 22 35 45 20 14 
20 7
22 6 25 10 31 48 44 
31 10
8 36 29 18 41 48 27 20 47 49 
34 4
26 49 39 48 
14 5
44 48 17 49 6 
32 6
13 48 6 8 37 39 
30 5
2 49 48 6 44 
0 3
21 6 3 
