30
28 5
15 4 9 17 25 
25 7
8 5 29 12 20 28 11 
17 7
12 26 10 28 22 4 8 
9 9
28 5 3 26 20 14 10 0 15 
4 5
24 7 22 28 17 
15 6
20 28 9 24 6 7 
22 5
10 4 3 17 14 
7 6
24 29 15 4 5 2 
24 9
4 7 11 8 6 10 15 3 1 
1 6
26 8 23 12 24 29 
29 5
3 1 26 7 25 
12 5
17 1 6 25 21 
23 4
16 1 21 27 
8 6
25 26 24 16 1 17 
26 8
19 1 29 17 9 27 8 20 
0 5
13 9 19 18 6 
10 9
22 2 19 27 17 9 24 11 13 
14 6
5 9 27 22 2 13 
20 4
15 9 25 26 
3 6
29 5 2 9 22 24 
5 9
25 14 6 18 3 9 27 13 7 
6 6
5 24 15 0 16 12 
18 3
5 0 16 
19 3
26 0 10 
13 7
0 10 16 11 5 2 14 
11 5
21 24 13 10 25 
27 5
10 26 14 23 5 
2 5
10 7 13 3 14 
16 5
23 13 8 6 18 
21 3
11 23 12 
