30
26 8
20 10 12 7 2 19 5 11 
11 8
25 16 23 19 26 21 24 5 
5 9
0 9 25 24 11 21 18 7 26 
19 9
20 1 4 7 27 28 24 11 26 
2 10
13 18 25 16 10 0 12 22 17 26 
7 12
20 19 26 13 1 5 18 16 21 0 10 6 
14 11
6 4 24 1 10 0 9 28 16 23 22 
22 10
21 8 16 0 3 1 2 20 14 23 
16 13
22 25 11 29 2 3 1 14 20 17 9 7 13 
28 6
29 19 4 14 3 18 
0 7
5 9 7 22 12 14 2 
10 7
8 24 14 26 2 7 13 
18 8
15 29 2 8 5 7 9 28 
4 7
12 1 14 15 19 28 6 
9 9
15 0 20 14 16 21 18 5 1 
1 13
12 4 25 19 14 7 21 27 17 9 15 22 16 
21 9
22 6 8 11 13 7 1 5 9 
15 6
9 4 18 1 12 29 
17 4
8 16 1 2 
23 5
14 6 11 22 27 
20 10
26 19 12 9 24 13 7 8 16 22 
3 4
16 28 22 6 
12 8
4 1 20 0 15 26 2 25 
13 8
2 20 6 7 10 16 21 24 
29 4
28 18 16 15 
6 7
21 14 23 13 7 3 4 
27 5
1 19 24 25 23 
25 8
11 2 27 1 5 12 16 8 
24 8
5 19 27 14 20 10 11 13 
8 7
22 17 10 21 20 18 25 
