20
14 11
19 11 6 3 1 13 7 15 0 10 16 
16 12
6 0 8 12 1 5 13 7 14 9 11 19 
10 8
4 18 3 0 13 7 9 14 
0 10
5 4 9 17 19 7 14 10 16 8 
7 11
4 0 10 5 18 16 8 11 9 14 2 
1 12
13 16 14 9 17 2 19 4 12 6 3 5 
4 9
19 9 6 7 1 18 0 10 15 
15 8
6 14 5 13 8 17 12 4 
18 9
2 12 10 6 8 13 7 5 4 
9 12
4 11 5 1 12 8 16 7 6 2 0 10 
3 9
14 6 13 17 10 8 1 5 2 
11 7
14 9 5 7 13 8 16 
13 11
16 8 10 15 19 14 1 3 18 5 11 
5 14
12 7 17 0 1 9 18 11 3 16 2 19 13 15 
2 8
6 9 7 12 18 1 5 3 
12 10
9 17 18 5 1 19 2 15 16 8 
6 10
16 15 4 14 2 19 9 3 18 1 
19 10
14 4 12 13 6 0 5 1 8 16 
17 7
3 5 1 8 0 15 12 
8 12
19 16 11 18 3 13 7 15 0 9 17 12 
