50
8 7
27 1 20 34 23 2 26 
26 8
38 1 7 47 49 43 34 8 
23 7
30 2 6 1 7 37 8 
34 9
12 21 14 9 47 22 26 8 38 
20 11
39 27 12 24 44 8 1 32 49 4 15 
16 7
24 39 36 33 44 5 13 
13 7
1 10 27 31 33 16 11 
5 6
11 37 49 47 16 48 
44 9
20 28 25 29 0 16 47 36 32 
33 12
35 19 38 39 13 16 48 0 29 36 6 11 
36 11
12 42 25 10 3 6 2 19 16 44 33 
47 12
42 34 26 2 1 5 38 44 31 17 0 29 
29 8
30 18 15 45 44 33 14 47 
0 10
42 44 33 1 7 47 49 31 9 40 
17 7
37 24 40 32 27 28 47 
38 12
30 1 26 2 7 47 4 33 46 11 21 34 
2 7
8 38 36 23 1 47 11 
9 8
43 28 48 34 7 0 18 1 
1 18
35 47 38 8 12 28 31 2 26 27 10 9 0 13 15 39 20 23 
7 9
3 32 26 23 9 0 42 38 49 
21 9
37 46 19 45 25 38 34 14 15 
46 6
21 37 35 32 38 30 
4 6
45 19 35 39 20 38 
15 9
30 48 1 29 10 32 11 21 20 
32 14
6 44 49 43 20 39 27 15 3 35 46 17 7 12 
37 9
6 17 21 46 25 18 5 23 39 
39 10
4 33 16 30 32 1 48 20 40 37 
18 7
9 28 22 37 24 29 10 
25 11
30 36 44 31 45 35 6 21 37 42 43 
22 9
6 3 18 27 48 43 34 14 10 
10 12
13 43 30 36 22 11 15 1 18 6 31 19 
14 10
34 28 35 29 22 30 11 21 3 12 
43 9
10 48 9 22 41 32 19 26 25 
48 12
35 43 15 9 31 22 11 24 33 40 39 5 
35 12
1 48 4 25 14 33 46 32 45 19 12 41 
49 7
20 26 27 32 5 0 7 
11 11
38 14 42 13 15 10 48 5 3 33 2 
24 8
16 30 20 17 48 41 45 18 
41 5
31 42 43 24 35 
12 8
36 31 32 1 34 20 14 35 
19 9
6 33 4 43 36 21 45 35 10 
27 10
42 20 22 8 13 49 1 32 17 45 
45 8
4 25 35 19 29 24 21 27 
6 9
37 19 32 10 25 22 23 36 33 
40 4
48 17 39 0 
3 6
7 22 36 32 11 14 
42 9
47 36 0 11 41 7 27 31 25 
28 6
44 14 18 1 9 17 
30 10
25 38 23 24 29 15 10 39 14 46 
31 10
47 48 13 41 25 1 0 10 12 42 
