20
17 8
0 11 4 3 5 19 16 8 
8 7
12 10 0 3 1 9 17 
19 8
4 18 5 17 10 15 2 14 
7 6
15 0 4 1 13 2 
2 9
12 11 1 5 9 0 15 19 7 
13 8
11 0 10 6 18 3 5 7 
1 6
2 14 8 7 0 9 
18 7
13 19 9 4 14 0 10 
10 7
19 4 9 13 8 5 18 
0 15
13 8 2 16 3 5 12 18 11 1 9 4 14 17 7 
11 8
16 2 13 15 0 17 9 12 
12 7
6 2 9 8 16 0 11 
9 11
12 4 10 0 6 2 18 5 1 8 11 
14 8
6 0 15 1 18 5 4 19 
4 10
19 7 17 9 10 0 15 14 18 3 
5 10
19 2 16 17 9 13 0 10 14 6 
15 6
7 11 4 14 19 2 
6 7
12 16 13 14 3 5 9 
16 6
6 0 11 17 12 5 
3 6
17 8 0 13 6 4 
