50
39 10
16 44 49 6 18 42 31 23 30 11 
11 9
21 44 16 35 34 39 10 4 43 
30 13
32 18 29 35 41 7 39 28 27 17 47 21 16 
43 5
42 26 16 44 11 
10 5
34 7 26 44 11 
35 11
3 47 30 9 27 31 8 44 11 14 34 
16 12
39 3 32 12 2 43 47 4 11 17 27 30 
34 7
10 11 3 18 5 26 35 
44 10
11 32 23 39 14 43 46 10 35 17 
8 7
14 27 28 18 5 35 33 
31 9
39 33 46 15 29 18 35 23 25 
27 9
5 1 17 30 45 35 46 8 16 
33 10
47 29 12 21 17 31 25 38 46 8 
38 8
9 4 12 7 13 41 36 33 
21 4
11 33 22 30 
20 5
6 42 41 45 15 
15 6
2 48 31 42 6 20 
45 9
24 37 27 49 3 20 22 23 42 
41 7
24 46 32 20 30 23 38 
28 5
9 24 8 30 23 
23 12
4 25 39 40 45 44 46 31 28 36 7 41 
32 8
30 22 44 16 25 9 41 12 
36 4
38 17 23 26 
46 10
7 41 27 31 17 23 33 44 0 37 
25 14
23 19 5 18 4 47 31 26 37 24 33 32 29 7 
18 11
34 39 7 49 30 22 25 8 31 9 2 
29 10
33 30 25 4 47 14 9 31 12 1 
37 7
1 19 45 25 14 40 46 
0 3
3 12 46 
17 9
1 27 36 30 33 16 46 44 40 
26 7
34 25 43 6 10 36 13 
7 10
18 46 38 25 10 23 30 47 4 9 
9 9
28 29 35 38 32 5 18 13 7 
4 8
23 22 11 29 7 16 38 25 
1 7
19 37 27 17 5 3 29 
12 9
33 16 38 5 3 29 0 32 24 
14 10
19 35 37 48 8 44 29 49 22 42 
47 10
40 7 35 19 33 16 25 24 29 30 
13 4
9 24 38 26 
6 7
20 39 49 42 26 5 15 
42 10
43 6 22 15 24 5 20 39 14 45 
40 7
47 23 37 2 19 3 17 
5 9
1 27 9 34 12 42 8 25 6 
22 7
45 4 32 21 18 42 14 
49 6
6 18 19 45 39 14 
48 3
15 14 3 
19 7
37 1 49 47 14 40 25 
2 4
15 40 16 18 
24 8
25 41 13 45 28 47 42 12 
3 9
16 0 1 34 40 35 45 12 48 
