50
43 1
15 
15 2
45 43 
8 2
7 27 
27 2
7 8 
9 1
44 
44 3
0 34 9 
48 1
37 
37 4
28 48 25 10 
45 3
28 29 15 
10 1
37 
7 4
8 19 24 27 
24 4
14 4 22 7 
38 2
18 20 
20 2
49 38 
11 1
49 
49 4
18 35 20 11 
39 1
1 
1 2
35 39 
33 1
35 
35 3
49 1 33 
22 1
24 
29 4
6 47 30 45 
30 1
29 
47 5
46 28 31 29 26 
13 2
17 36 
36 5
46 0 13 2 21 
18 3
38 14 49 
14 4
46 18 24 12 
5 1
28 
28 5
45 47 37 5 17 
25 1
37 
26 1
47 
32 2
46 3 
3 2
32 42 
46 4
47 32 36 14 
21 3
36 23 41 
2 3
36 6 16 
0 2
36 44 
40 1
41 
41 2
21 40 
17 2
13 28 
16 1
2 
31 1
47 
12 1
14 
34 2
44 19 
42 1
3 
6 2
29 2 
23 1
21 
4 1
24 
19 2
7 34 
