100
36 3
37 90 56 
56 5
87 42 1 57 36 
90 5
89 15 64 36 75 
37 9
18 84 36 50 4 86 49 76 44 
23 4
12 57 73 18 
18 2
37 23 
73 7
62 75 29 52 23 49 39 
57 5
23 56 40 78 16 
71 3
35 99 68 
68 3
48 71 8 
99 7
51 32 3 81 67 71 27 
35 6
71 39 86 42 55 3 
78 6
50 43 42 98 57 41 
41 5
43 54 24 78 30 
98 3
92 79 78 
42 9
7 56 78 77 40 20 35 28 96 
43 6
41 63 84 78 39 51 
50 6
66 78 37 77 13 45 
63 5
43 26 24 28 10 
10 8
80 72 40 12 48 28 44 63 
28 7
20 63 10 61 42 33 66 
24 4
83 41 63 33 
26 2
63 0 
25 2
84 46 
46 3
72 25 49 
84 5
16 25 37 43 49 
77 4
49 42 19 50 
19 2
97 77 
49 11
55 82 77 73 81 37 84 22 46 74 34 
34 5
22 48 2 76 49 
74 5
79 30 49 1 94 
22 4
34 49 64 9 
81 4
93 12 49 99 
82 2
70 49 
55 3
53 49 35 
52 4
45 67 73 92 
92 4
98 51 70 52 
67 5
27 15 94 99 52 
45 2
52 50 
75 3
8 73 90 
8 2
75 68 
4 2
37 61 
61 5
28 94 80 4 88 
91 6
70 95 94 64 86 38 
38 2
11 91 
86 4
35 97 37 91 
64 8
66 22 21 91 0 80 90 48 
94 6
91 11 61 69 67 74 
95 4
65 91 39 93 
70 3
82 91 92 
76 4
31 34 37 12 
12 5
23 81 10 96 76 
31 4
58 3 76 39 
1 3
13 56 74 
13 3
1 5 50 
5 3
2 13 89 
30 4
74 48 41 65 
79 4
98 74 0 32 
39 7
35 73 43 53 95 31 85 
29 3
59 73 0 
62 2
73 93 
16 2
84 57 
32 2
99 79 
0 5
59 64 79 26 29 
59 4
14 60 0 29 
3 3
99 31 35 
58 3
33 31 2 
40 4
9 57 10 42 
9 5
40 22 7 47 87 
87 3
56 9 6 
47 2
2 9 
7 3
42 9 83 
72 3
46 10 88 
88 3
53 61 72 
97 3
19 11 86 
20 3
44 28 42 
44 3
20 10 37 
2 6
17 85 47 58 5 34 
85 3
53 39 2 
17 2
2 93 
53 6
60 39 85 88 55 15 
48 6
68 96 30 10 34 64 
80 3
10 64 61 
21 3
11 64 14 
66 3
64 50 28 
15 3
90 67 53 
60 3
53 93 59 
93 6
81 95 60 11 62 17 
89 2
90 5 
65 2
95 30 
33 4
58 28 69 24 
96 3
48 42 12 
27 4
6 99 67 54 
54 2
41 27 
6 2
27 87 
69 2
94 33 
51 3
99 43 92 
83 2
24 7 
11 5
97 93 38 21 94 
14 2
59 21 
