100
71 2
92 48 
48 3
55 4 71 
82 1
14 
14 4
17 69 11 82 
24 2
61 89 
89 3
3 9 24 
54 1
85 
85 2
63 54 
4 3
79 94 48 
91 2
15 45 
45 1
91 
15 2
6 91 
97 1
83 
83 2
73 97 
36 1
23 
23 2
67 36 
72 1
17 
17 7
6 93 14 0 47 59 72 
51 2
75 59 
59 5
0 17 49 51 1 
1 1
59 
76 1
64 
64 2
67 76 
87 1
2 
2 3
38 30 87 
52 2
7 37 
37 2
52 65 
7 3
3 38 52 
12 2
61 5 
5 10
31 6 3 73 38 25 43 96 12 95 
53 1
29 
29 4
66 20 58 53 
92 2
71 30 
30 2
2 92 
65 1
37 
46 1
39 
39 3
70 74 46 
94 1
4 
41 1
40 
40 2
10 41 
10 2
60 40 
32 1
80 
80 2
69 32 
16 1
8 
8 2
44 16 
49 2
59 57 
57 1
49 
73 4
5 83 88 61 
9 1
89 
6 6
44 5 42 63 15 17 
79 4
44 70 4 81 
63 4
6 18 66 85 
66 5
96 63 29 77 21 
18 1
63 
77 1
66 
11 1
14 
69 2
14 80 
34 1
42 
42 3
6 34 86 
93 2
17 62 
62 1
93 
38 3
5 2 7 
25 3
5 19 98 
98 1
25 
19 2
25 13 
90 3
44 56 68 
68 2
90 22 
56 1
90 
44 6
78 6 79 90 8 26 
47 2
67 17 
0 2
59 17 
78 1
44 
95 1
5 
96 2
66 5 
43 2
5 60 
3 3
7 5 89 
61 3
12 24 73 
88 1
73 
75 2
51 67 
67 5
20 23 75 47 64 
22 1
68 
70 3
79 39 27 
27 1
70 
21 1
66 
86 2
42 28 
99 2
20 84 
84 2
99 55 
20 4
29 67 99 50 
58 1
29 
81 1
79 
50 1
20 
28 2
86 31 
55 3
13 48 84 
13 3
55 19 35 
74 2
39 33 
60 2
43 10 
26 1
44 
31 2
5 28 
33 1
74 
35 1
13 
