50
48 3
37 27 36 
36 3
0 33 48 
13 3
35 8 4 
4 5
20 46 16 8 13 
24 2
27 9 
9 4
34 25 31 24 
32 4
23 0 8 16 
16 7
31 18 47 4 19 11 32 
26 4
5 42 40 14 
14 5
46 17 23 5 26 
33 1
36 
29 4
45 5 1 21 
21 5
22 30 43 7 29 
10 2
46 17 
17 5
14 2 46 25 10 
7 1
21 
38 4
31 6 20 5 
5 6
29 26 3 41 38 14 
27 5
24 48 49 19 30 
30 4
41 21 12 27 
35 3
46 13 41 
41 7
30 22 20 15 5 19 35 
37 4
39 48 23 8 
8 7
13 6 32 1 4 37 23 
43 2
21 34 
34 5
44 9 28 0 43 
1 4
2 29 8 31 
31 6
38 47 22 16 9 1 
0 8
32 34 46 44 36 45 28 47 
19 4
2 27 41 16 
47 4
31 16 2 0 
11 2
15 16 
18 2
40 16 
46 8
14 6 4 35 10 0 3 17 
3 6
22 5 42 44 46 49 
12 3
23 30 2 
2 5
1 17 19 47 12 
44 3
34 3 0 
22 7
3 42 21 31 6 39 41 
23 5
32 12 14 37 8 
20 3
38 4 41 
49 2
27 3 
42 3
26 22 3 
28 2
34 0 
15 2
11 41 
39 3
37 22 40 
6 4
38 46 8 22 
40 4
18 45 26 39 
25 2
9 17 
45 3
40 29 0 
