50
14 5
11 12 6 49 28 
28 7
32 3 39 14 17 41 16 
49 11
31 17 36 22 30 37 1 3 39 14 12 
6 9
33 14 39 45 22 30 23 0 47 
34 3
48 39 1 
1 6
18 4 49 23 37 34 
39 11
10 49 41 2 32 6 28 17 9 34 36 
48 14
2 3 31 0 9 20 34 13 30 33 11 37 4 43 
31 5
35 25 49 20 48 
20 7
15 38 7 44 16 48 31 
16 7
19 23 18 38 28 20 8 
44 12
30 40 20 19 45 29 0 15 17 24 21 5 
38 8
20 12 43 35 33 16 46 22 
22 7
15 6 49 47 17 36 38 
46 5
45 42 36 27 38 
35 9
40 45 37 11 31 9 12 32 38 
43 6
18 48 19 38 33 10 
12 11
3 24 14 38 13 42 33 35 45 26 49 
10 9
39 13 45 33 17 4 43 25 18 
33 8
6 48 10 12 11 38 25 43 
19 6
16 44 25 2 43 23 
18 7
30 1 43 16 10 25 21 
3 6
12 0 28 48 49 7 
0 6
3 6 48 36 23 44 
9 7
47 15 45 35 48 39 41 
13 7
12 42 10 48 40 37 2 
30 6
18 44 6 48 49 21 
11 8
14 29 27 48 42 21 35 33 
37 8
48 49 47 35 32 1 13 40 
4 6
1 10 45 42 48 7 
32 4
28 39 37 35 
26 4
45 42 12 15 
15 8
20 22 8 44 7 45 26 9 
42 9
40 26 13 4 12 46 11 21 24 
24 5
7 2 44 12 42 
2 8
48 24 39 5 19 8 13 29 
25 5
31 19 10 18 33 
40 6
42 35 36 44 13 37 
21 6
29 11 44 42 18 30 
23 7
5 1 6 16 0 19 27 
41 6
29 39 45 5 28 9 
47 5
7 9 22 37 6 
36 6
0 49 46 22 40 39 
17 9
7 5 22 28 10 8 44 39 49 
7 7
24 17 20 15 47 4 3 
45 11
9 26 35 41 46 44 6 4 10 15 12 
8 4
17 15 2 16 
29 5
41 21 11 44 2 
27 3
11 46 23 
5 5
23 17 41 2 44 
