100
34 2
14 66 
66 3
65 97 34 
14 6
50 34 65 81 26 15 
60 3
22 99 39 
39 2
17 60 
99 4
23 81 87 60 
22 9
60 20 21 13 48 51 81 44 62 
48 4
33 22 30 82 
82 3
59 78 48 
30 6
68 46 96 61 87 48 
33 5
89 70 48 74 61 
0 3
69 27 51 
51 6
65 22 77 0 91 47 
27 6
17 78 56 0 95 81 
69 4
0 35 97 78 
43 2
35 10 
10 4
67 13 84 43 
35 4
71 43 69 40 
96 3
86 30 5 
5 2
2 96 
86 4
96 81 63 85 
47 4
74 76 98 51 
98 5
83 1 47 79 74 
76 3
62 47 80 
74 3
47 33 98 
36 4
38 61 21 12 
12 3
54 55 36 
21 4
15 22 36 41 
61 9
44 33 30 36 77 56 80 11 49 
38 5
88 36 13 40 2 
2 6
32 63 7 5 81 38 
63 4
2 45 25 86 
25 3
16 58 63 
45 2
81 63 
42 4
20 11 81 79 
79 7
18 94 98 81 77 42 9 
81 13
99 49 86 58 97 2 45 42 79 27 22 23 14 
11 4
95 73 42 61 
20 3
24 42 22 
9 6
90 6 24 89 19 79 
19 2
46 9 
89 3
56 33 9 
24 6
20 78 87 73 67 9 
6 3
9 40 50 
90 3
9 84 46 
13 6
10 64 38 22 68 37 
37 2
40 13 
68 4
30 56 17 13 
64 3
78 84 13 
84 6
3 1 50 10 90 64 
78 6
82 64 27 24 97 69 
94 4
91 29 40 79 
40 8
28 37 29 6 94 95 38 35 
29 4
92 40 18 94 
91 3
75 94 51 
46 4
19 58 30 90 
58 6
46 16 81 25 88 71 
77 6
31 61 51 79 55 70 
65 5
66 14 4 51 7 
62 2
76 22 
44 5
52 22 57 61 53 
85 2
67 86 
67 3
85 10 24 
15 2
21 14 
26 4
3 83 55 14 
50 5
14 18 84 75 6 
1 2
98 84 
80 4
97 61 76 28 
70 3
33 18 77 
55 5
72 26 12 77 41 
31 7
41 53 57 77 87 59 92 
17 6
39 27 72 68 93 32 
56 4
89 27 61 68 
18 7
87 70 29 16 79 95 50 
72 3
17 55 41 
41 5
31 21 55 8 72 
7 4
2 87 4 65 
4 3
65 52 7 
87 6
18 24 7 31 99 30 
92 2
29 31 
23 2
99 81 
54 2
12 28 
52 2
44 4 
83 2
98 26 
59 2
82 31 
95 6
8 11 27 18 3 40 
16 3
25 18 58 
73 2
11 24 
71 2
35 58 
75 2
91 50 
97 5
80 69 81 78 66 
49 2
81 61 
88 2
38 58 
53 3
93 31 44 
93 2
53 17 
3 3
84 26 95 
8 2
95 41 
57 2
31 44 
32 2
2 17 
28 3
40 80 54 
