50
9 5
42 35 19 22 30 
30 4
34 46 44 9 
22 7
42 33 4 47 38 25 9 
19 7
26 15 10 11 24 9 5 
35 8
40 41 13 9 24 10 5 2 
42 7
22 43 9 14 38 33 26 
25 4
2 22 46 37 
38 4
45 22 42 17 
47 9
12 11 21 41 45 40 20 23 22 
4 9
16 41 20 31 0 15 36 22 49 
33 9
44 1 3 22 2 15 13 7 42 
17 5
31 36 11 38 15 
43 4
42 48 15 39 
39 5
32 45 48 5 43 
15 8
34 33 46 4 49 43 19 17 
48 8
29 24 21 39 20 43 6 18 
37 6
6 26 18 16 14 25 
46 11
3 30 24 34 15 29 45 41 49 25 27 
2 8
25 10 0 27 33 18 35 12 
12 4
47 34 24 2 
18 9
24 37 23 36 41 2 8 28 48 
27 5
5 45 2 23 46 
0 4
14 4 28 2 
10 4
20 2 35 19 
5 5
27 39 19 35 16 
16 9
31 4 37 1 5 3 20 34 26 
13 3
33 14 35 
14 6
0 37 42 7 13 45 
7 4
14 20 21 33 
21 4
45 48 7 47 
20 8
45 16 4 47 10 6 48 7 
29 4
40 46 48 11 
11 6
47 41 19 45 17 29 
40 6
29 26 35 47 41 31 
49 4
26 15 46 4 
34 7
15 23 30 46 16 44 12 
3 5
46 16 33 31 1 
1 3
33 16 3 
44 4
33 23 30 34 
23 6
44 18 34 27 28 47 
24 11
36 18 28 48 35 45 19 8 46 12 6 
6 6
37 24 20 48 36 32 
8 3
24 18 32 
45 10
38 21 11 24 39 20 14 27 47 46 
28 4
24 18 0 23 
41 7
11 35 18 4 47 46 40 
36 6
24 4 18 32 6 17 
26 6
37 19 49 40 16 42 
31 5
17 16 4 3 40 
32 4
39 36 6 8 
