50
18 12
42 39 14 43 24 11 35 45 44 33 16 9 
9 10
43 34 20 17 8 45 36 30 13 18 
16 14
26 4 34 20 6 45 7 17 33 25 13 29 18 11 
33 14
25 42 49 8 16 18 47 35 6 19 22 28 7 34 
45 12
21 37 13 8 16 18 3 28 48 9 47 34 
11 15
20 44 7 46 16 8 6 18 32 30 36 15 29 13 27 
19 9
38 49 34 5 48 33 35 12 32 
32 13
48 22 26 35 19 39 0 42 21 11 38 47 4 
12 9
41 21 20 35 19 26 31 6 38 
35 14
43 4 33 39 8 38 26 19 32 40 13 29 12 18 
15 10
42 20 17 27 28 23 49 47 4 11 
4 9
47 17 35 26 2 15 1 32 16 
47 7
32 15 4 45 33 8 46 
23 6
38 0 15 44 3 1 
28 9
45 43 41 34 44 33 10 15 17 
27 9
44 38 22 36 15 10 11 37 40 
6 8
2 40 11 16 44 33 48 12 
42 11
18 39 40 48 17 32 33 15 0 13 25 
49 11
5 31 0 15 19 26 25 34 43 33 8 
8 9
35 45 11 1 9 17 47 49 33 
48 13
42 41 43 31 40 22 32 6 19 45 29 10 46 
46 13
11 2 31 17 48 30 22 36 5 3 40 20 47 
10 9
2 13 36 22 28 48 27 21 0 
31 8
48 46 49 2 37 7 12 1 
1 7
29 8 4 13 23 22 31 
7 10
14 11 24 36 31 41 33 16 5 0 
21 9
45 3 37 32 25 12 30 10 0 
0 10
49 23 36 32 42 41 7 29 10 21 
30 8
5 46 44 11 21 24 41 9 
44 14
23 30 27 41 20 6 3 18 11 14 37 29 28 38 
2 6
10 6 46 4 31 17 
26 9
16 13 32 36 3 12 49 4 35 
17 13
15 38 42 4 46 8 16 14 34 9 28 37 2 
20 12
11 15 9 39 22 12 44 16 46 38 25 41 
41 11
3 0 12 48 28 22 30 7 39 20 44 
25 8
21 49 5 33 16 39 20 42 
38 11
44 27 17 23 37 19 35 20 12 32 5 
22 11
41 33 46 27 48 32 10 20 34 36 1 
5 7
30 46 49 19 25 38 7 
37 8
45 38 44 31 27 17 21 24 
14 9
40 18 7 13 43 17 44 36 24 
3 9
23 41 21 29 44 46 26 45 39 
39 8
42 35 20 41 25 32 18 3 
36 12
11 9 27 26 7 13 22 46 10 0 14 40 
34 10
33 16 43 49 9 28 17 22 19 45 
29 8
11 1 3 48 44 16 35 0 
40 8
46 42 14 6 35 36 48 27 
43 10
13 9 48 28 18 24 34 14 49 35 
24 6
18 7 43 37 14 30 
13 12
43 16 11 10 14 26 35 45 36 42 9 1 
