30
15 11
22 17 27 26 11 14 20 10 29 8 4 
4 11
11 24 25 20 0 15 19 2 1 8 16 
8 10
6 4 0 15 10 24 5 1 9 27 
29 10
7 26 27 17 28 1 5 24 23 15 
10 6
19 9 23 3 15 8 
20 13
14 4 18 3 2 19 0 15 21 11 7 13 28 
14 13
1 20 7 25 19 15 28 17 9 22 24 11 21 
11 7
4 9 3 15 14 20 22 
26 8
17 6 29 15 2 19 18 1 
27 7
6 7 25 29 15 17 8 
13 5
24 12 3 1 20 
1 12
14 3 29 19 26 17 28 8 6 7 13 4 
12 6
18 16 28 9 21 13 
24 13
14 4 25 13 7 19 17 9 28 29 8 22 18 
23 5
10 29 2 21 25 
5 5
8 17 29 18 6 
28 12
6 12 19 21 24 3 1 0 29 16 14 20 
17 12
24 25 1 5 15 0 29 14 26 19 27 9 
9 10
22 10 11 24 14 16 8 25 17 12 
25 11
4 24 14 7 22 23 17 27 9 0 3 
6 9
28 27 21 26 8 16 22 1 5 
19 10
10 4 2 26 1 24 14 20 28 17 
22 8
15 16 9 25 6 24 11 14 
2 6
20 23 4 19 26 7 
21 7
0 6 28 20 14 12 23 
0 9
21 4 28 17 7 20 8 16 25 
3 9
11 1 16 20 28 13 7 10 25 
18 6
12 26 20 16 5 24 
16 9
22 12 18 3 9 28 6 0 4 
7 10
20 14 27 25 29 0 1 3 24 2 
