50
37 1
25 
25 5
5 27 4 6 37 
24 1
9 
9 2
26 24 
38 3
10 15 43 
43 2
11 38 
23 2
20 4 
4 3
48 25 23 
21 1
30 
30 6
17 44 16 29 22 21 
31 2
33 36 
36 2
22 31 
33 3
2 31 0 
0 3
10 33 14 
2 2
35 33 
1 3
6 32 17 
17 3
13 30 1 
32 1
1 
6 3
25 1 28 
18 1
8 
8 3
35 18 42 
48 3
27 4 5 
5 3
40 25 48 
26 2
15 9 
42 1
8 
35 5
44 8 2 10 11 
15 3
38 29 26 
28 1
6 
41 3
39 44 45 
45 1
41 
44 4
30 35 41 20 
40 4
16 29 5 49 
20 3
23 44 19 
19 2
20 34 
14 1
0 
49 1
40 
29 4
30 40 15 12 
12 1
29 
13 2
17 10 
10 5
0 38 35 13 3 
27 3
48 25 47 
47 1
27 
11 2
35 43 
46 1
16 
16 3
40 30 46 
3 1
10 
7 1
22 
22 4
36 30 7 39 
39 2
41 22 
34 1
19 
