50
22 3
25 48 28 
28 10
9 31 18 3 8 35 42 29 36 22 
29 4
21 5 48 28 
43 7
9 30 21 19 4 25 38 
38 5
34 48 9 21 43 
20 5
24 1 33 23 10 
10 7
30 1 3 49 0 40 20 
11 3
34 30 3 
3 10
19 10 12 34 23 31 28 33 21 11 
39 1
4 
4 5
25 16 43 27 39 
33 9
35 19 45 20 3 1 23 9 17 
17 3
42 13 33 
23 5
15 13 20 3 33 
1 5
35 49 10 20 33 
5 5
6 48 29 41 26 
26 4
31 45 0 5 
19 5
3 33 43 48 27 
27 9
15 30 12 16 49 4 25 2 19 
42 5
30 40 17 28 47 
47 3
21 44 42 
49 5
46 37 1 10 27 
40 4
2 36 42 10 
0 4
32 25 26 10 
25 9
43 4 22 9 48 27 14 0 13 
9 7
43 33 12 25 38 28 15 
15 7
23 24 2 12 27 9 48 
12 8
3 15 8 36 30 27 9 24 
34 6
30 11 21 38 3 16 
16 3
4 27 34 
14 3
36 25 18 
18 2
28 14 
37 2
49 2 
2 8
40 15 27 44 46 37 32 6 
21 7
32 3 34 29 43 47 38 
8 2
12 28 
6 4
5 13 24 2 
32 4
0 21 2 41 
46 4
49 36 2 7 
13 5
17 6 23 25 45 
41 2
5 32 
7 1
46 
35 3
33 1 28 
31 4
26 3 28 44 
45 4
48 26 33 13 
30 7
34 10 43 27 11 42 12 
36 5
40 14 28 46 12 
24 4
20 15 6 12 
48 9
22 44 5 45 19 38 25 29 15 
44 4
2 47 48 31 
