30
16 8
20 23 13 10 18 5 3 2 
2 7
12 1 6 17 10 0 16 
3 7
15 13 6 28 18 12 16 
5 10
12 14 20 28 8 16 1 11 10 29 
18 13
17 13 21 14 26 19 25 8 16 1 3 15 0 
10 7
5 2 23 12 15 16 11 
13 7
11 16 18 3 1 20 28 
22 6
7 23 15 29 19 26 
26 7
28 29 20 18 4 24 22 
29 7
15 26 7 6 22 20 5 
1 13
2 14 20 23 27 9 0 12 13 18 5 4 25 
25 5
12 23 18 1 15 
4 5
7 21 26 28 1 
12 11
25 2 24 9 5 1 3 10 15 23 6 
0 4
17 2 1 18 
9 4
12 24 1 8 
8 6
6 17 9 5 18 23 
24 7
15 23 12 9 20 19 26 
28 8
26 23 11 4 5 3 13 17 
6 5
8 2 3 29 12 
19 7
22 7 15 18 24 11 21 
21 4
18 14 4 19 
11 5
13 28 5 10 19 
15 10
24 3 18 22 29 10 27 12 19 25 
20 8
16 26 29 1 5 13 27 24 
27 3
1 15 20 
7 5
4 19 29 22 23 
17 6
18 0 2 8 28 14 
14 5
21 5 1 18 17 
23 10
24 10 28 22 1 25 12 16 8 7 
