30
8 3
5 26 0 
0 6
21 17 22 23 3 8 
28 3
1 25 26 
26 12
8 12 3 4 20 14 29 10 24 28 27 6 
4 6
6 7 19 26 23 11 
11 4
13 17 4 21 
23 9
22 24 7 15 0 12 4 5 1 
12 4
26 6 23 16 
16 5
24 25 7 1 12 
19 4
4 14 3 18 
18 5
17 9 25 1 19 
3 10
1 6 14 10 0 13 7 26 19 2 
6 8
4 3 13 27 12 21 24 26 
27 4
13 6 25 26 
24 7
25 23 16 6 15 2 26 
10 6
5 3 22 17 13 26 
14 7
3 1 15 29 19 26 25 
25 9
18 16 24 21 7 22 27 28 14 
29 6
21 13 26 9 14 22 
15 5
13 24 14 20 23 
2 3
17 24 3 
7 6
21 23 16 25 4 3 
21 6
29 0 7 25 6 11 
1 6
28 16 14 3 18 23 
5 6
8 10 22 23 13 17 
17 6
2 0 10 11 18 5 
22 7
5 23 25 0 10 29 9 
9 4
20 18 29 22 
20 4
9 13 26 15 
13 9
27 20 6 11 29 15 10 3 5 
