50
31 3
28 12 33 
33 8
43 9 31 21 23 1 26 35 
12 9
46 24 2 31 48 22 30 23 7 
48 5
49 14 1 12 22 
22 7
3 45 12 38 27 48 20 
1 7
41 37 49 36 48 42 33 
4 6
26 34 13 36 23 15 
15 8
44 9 18 3 32 4 42 36 
23 13
9 32 42 12 36 30 40 4 33 10 25 26 45 
13 7
18 45 28 27 43 4 36 
34 6
6 26 41 43 4 40 
3 7
49 22 36 30 15 44 32 
32 8
43 15 46 44 20 23 30 3 
44 6
15 17 3 6 32 40 
45 4
13 22 23 28 
28 6
49 31 10 13 45 24 
6 5
44 34 14 29 43 
43 8
34 13 32 6 46 33 16 5 
29 7
42 8 5 0 10 6 11 
14 9
19 26 6 48 27 39 38 21 30 
30 8
10 3 11 12 20 14 23 32 
20 4
42 32 30 22 
11 2
30 29 
49 7
16 48 28 27 3 1 19 
19 5
17 40 14 47 49 
42 7
41 23 29 0 15 1 20 
0 6
17 25 47 42 29 10 
24 4
12 2 21 28 
21 9
33 46 5 18 24 37 25 14 39 
2 4
27 12 24 7 
25 4
16 0 21 23 
7 4
9 12 8 2 
40 9
19 41 5 23 37 9 44 34 38 
17 6
0 9 18 19 44 47 
36 7
23 4 16 13 3 1 15 
8 3
29 7 41 
41 5
42 1 40 34 8 
38 3
22 14 40 
35 2
18 33 
9 6
17 23 15 7 33 40 
39 4
27 10 14 21 
10 7
39 30 23 29 0 28 27 
5 5
26 40 29 21 43 
27 7
2 22 49 39 14 10 13 
47 4
0 37 19 17 
37 5
18 1 40 47 21 
46 5
16 43 12 32 21 
16 5
46 25 36 49 43 
18 7
17 13 15 35 26 37 21 
26 7
4 33 23 34 14 5 18 
