50
38 5
8 16 24 30 22 
22 4
47 20 3 38 
30 4
33 44 41 38 
24 12
29 31 18 40 13 36 25 38 46 45 35 2 
16 3
37 44 38 
8 7
38 36 27 31 33 41 29 
43 4
4 40 21 18 
18 6
39 20 0 24 25 43 
21 8
45 36 44 46 14 32 43 15 
40 6
24 39 43 4 19 44 
4 4
43 19 40 25 
48 4
36 32 12 17 
17 7
33 15 0 34 20 48 1 
12 6
11 36 46 48 45 35 
32 7
48 10 49 39 21 2 7 
3 4
2 36 22 41 
20 7
18 23 22 36 9 17 26 
47 5
22 5 6 10 45 
31 3
24 1 8 
1 4
46 9 31 17 
29 4
24 35 19 8 
41 9
42 35 19 39 14 15 8 30 3 
33 12
37 19 49 17 5 30 36 23 13 8 46 6 
27 4
13 46 8 28 
36 10
48 3 12 8 33 24 21 15 0 20 
13 7
27 24 6 34 14 33 10 
10 4
32 45 13 47 
14 6
5 41 13 21 25 23 
34 6
45 17 9 28 13 39 
6 8
39 0 13 37 5 26 47 33 
15 6
26 17 41 23 36 21 
26 3
15 6 20 
45 8
12 46 34 25 21 24 10 47 
7 5
28 9 32 42 11 
11 3
12 46 7 
42 4
41 7 35 5 
9 8
1 5 39 34 20 2 7 37 
28 6
7 37 2 34 27 49 
19 6
41 4 33 29 35 40 
35 7
41 24 29 42 12 2 19 
25 6
45 24 39 14 18 4 
44 5
21 46 16 30 40 
46 9
45 24 21 11 1 27 12 44 33 
0 5
18 39 6 17 36 
23 6
15 49 39 20 14 33 
5 6
47 14 9 33 6 42 
49 5
23 32 33 37 28 
37 6
28 9 16 33 6 49 
2 6
3 9 28 32 35 24 
39 10
18 25 0 23 9 41 40 34 6 32 
