50
9 7
34 25 6 12 46 43 24 
24 7
6 45 35 12 48 9 31 
43 6
25 16 37 21 12 9 
46 10
4 29 19 30 16 17 9 25 21 39 
12 13
7 9 17 21 24 1 40 34 20 43 19 36 30 
13 9
49 47 21 15 20 28 17 30 44 
44 4
45 3 18 13 
30 13
22 37 20 17 18 2 35 19 32 46 49 12 13 
17 10
45 46 36 30 25 38 31 27 12 13 
20 7
23 30 5 12 7 13 0 
15 6
0 38 6 13 19 27 
21 13
12 11 40 34 39 28 13 26 19 46 0 18 43 
47 7
37 3 8 19 22 31 13 
49 6
37 13 30 14 45 19 
31 9
22 2 18 4 47 17 48 8 24 
48 10
38 6 0 42 3 22 31 27 11 24 
35 12
18 5 30 23 22 40 11 37 24 28 0 4 
45 8
22 17 49 44 11 24 18 34 
29 5
46 6 18 5 1 
1 7
22 12 37 0 29 8 32 
5 10
27 25 6 18 3 20 14 35 29 23 
18 13
31 6 30 36 5 35 45 16 8 44 10 29 21 
6 14
24 37 42 15 29 5 36 39 22 9 18 48 19 16 
8 4
47 18 1 31 
4 6
31 46 37 39 36 35 
0 10
1 15 48 27 19 35 22 21 20 40 
28 8
13 42 21 3 35 26 27 34 
37 13
30 25 38 49 47 4 43 2 35 1 32 6 10 
11 6
21 23 48 45 35 2 
40 6
12 21 32 35 0 7 
22 15
45 31 7 35 47 6 36 23 48 38 32 30 25 0 1 
23 7
20 16 22 11 27 35 5 
27 9
5 23 0 10 15 28 17 48 41 
41 6
36 19 2 27 14 3 
10 6
2 18 36 33 27 37 
19 11
6 39 46 47 49 21 30 12 0 15 41 
38 7
15 22 3 48 17 37 25 
16 6
23 6 43 18 46 14 
36 12
25 17 14 41 22 12 4 6 32 26 10 18 
14 6
36 5 41 16 33 49 
3 7
44 47 5 38 48 28 41 
42 4
48 28 6 34 
34 7
21 32 9 28 12 42 45 
7 4
12 22 20 40 
32 7
37 22 36 30 40 34 1 
26 3
21 36 28 
2 7
10 30 33 31 41 37 11 
39 5
19 6 4 21 46 
25 9
5 43 17 9 36 22 37 46 38 
33 3
2 10 14 
