50
5 1
15 
15 5
28 18 5 14 23 
33 1
26 
26 2
29 33 
38 1
24 
24 8
12 11 31 28 17 27 35 38 
48 1
25 
25 2
31 48 
43 2
9 1 
1 2
28 43 
9 3
23 19 43 
16 1
32 
32 5
0 31 8 16 47 
47 1
32 
10 2
35 31 
31 6
24 11 44 25 32 10 
7 2
13 37 
37 4
28 36 22 7 
19 1
9 
22 2
11 37 
20 2
3 35 
35 3
10 24 20 
23 4
15 39 9 2 
2 1
23 
29 3
40 13 26 
8 1
32 
3 2
20 36 
36 4
37 41 40 3 
6 1
13 
13 5
7 28 29 34 6 
45 1
21 
21 2
46 45 
30 1
42 
42 2
28 30 
27 1
24 
40 2
29 36 
0 2
32 44 
44 3
31 41 0 
17 1
24 
41 3
44 49 36 
49 1
41 
28 7
1 39 24 37 42 15 13 
46 2
11 21 
11 4
22 24 46 31 
34 1
13 
14 2
15 12 
12 2
24 14 
18 2
15 4 
4 1
18 
39 2
28 23 
