50
5 5
27 41 6 33 44 
44 5
25 37 49 8 5 
31 4
43 37 2 26 
26 4
39 30 25 31 
43 5
31 15 41 35 39 
39 4
26 7 30 43 
13 2
6 25 
25 7
44 42 28 35 26 41 13 
9 6
17 40 22 36 2 4 
4 7
15 10 11 40 34 9 16 
2 7
6 41 31 9 12 10 0 
0 2
15 2 
29 5
19 24 11 17 40 
40 9
20 9 42 15 29 36 49 4 47 
49 7
1 41 40 46 8 44 47 
47 7
17 15 24 21 35 40 49 
42 4
19 25 40 23 
23 5
6 37 34 3 42 
16 3
8 1 4 
20 2
40 24 
24 8
28 29 47 46 37 1 14 20 
21 5
35 11 18 47 7 
7 4
8 39 37 21 
3 4
28 27 10 23 
19 6
30 6 32 42 29 18 
18 6
21 1 28 30 19 6 
46 6
49 48 27 17 37 24 
17 4
9 47 29 46 
27 6
48 28 46 8 5 3 
28 8
24 34 25 10 15 3 18 27 
15 9
32 43 4 47 40 28 48 41 0 
41 9
25 22 36 5 49 43 32 2 15 
35 5
25 43 47 21 11 
11 6
21 4 29 34 38 35 
8 7
49 7 6 27 16 44 45 
37 6
31 23 46 44 24 7 
10 5
45 2 4 28 3 
6 7
13 23 8 19 2 5 18 
30 4
18 19 26 39 
48 3
27 46 15 
38 4
36 22 11 33 
45 2
10 8 
36 4
41 9 40 38 
14 1
24 
1 5
49 16 18 24 12 
33 3
5 38 32 
22 3
41 9 38 
32 4
15 19 41 33 
34 4
23 11 28 4 
12 2
2 1 
