100
82 1
40 
40 3
94 82 87 
9 1
19 
19 2
44 9 
60 2
75 42 
42 2
78 60 
80 1
16 
16 2
43 80 
87 1
40 
73 2
74 63 
63 5
75 81 69 73 53 
75 3
60 63 4 
4 2
90 75 
68 1
85 
85 2
0 68 
51 1
91 
91 2
99 51 
22 1
20 
20 4
83 89 79 22 
0 3
8 55 85 
99 2
47 91 
55 3
56 0 46 
74 2
73 39 
39 5
1 62 49 12 74 
13 1
61 
61 2
90 13 
2 2
29 11 
11 3
7 52 2 
78 2
44 42 
24 2
27 8 
8 4
0 83 1 24 
44 5
62 43 5 19 78 
23 1
15 
15 4
48 56 25 23 
92 1
62 
62 5
48 44 39 92 83 
29 3
2 41 96 
96 1
29 
41 2
14 29 
47 2
64 99 
53 1
63 
94 3
5 40 70 
25 1
15 
70 1
94 
5 4
44 36 35 94 
72 1
6 
6 4
84 97 81 72 
21 1
56 
56 3
15 55 21 
26 1
1 
1 3
39 8 26 
76 1
97 
97 4
6 66 65 76 
36 2
5 10 
10 2
93 36 
69 3
50 63 64 
81 3
6 63 37 
52 2
57 11 
57 3
84 52 77 
65 1
97 
66 2
97 14 
83 3
62 20 8 
12 1
39 
49 2
39 71 
71 3
33 49 86 
14 2
66 41 
31 1
30 
30 3
89 93 31 
77 1
57 
84 6
48 54 38 3 6 57 
45 2
28 34 
34 1
45 
28 3
43 45 17 
90 4
48 18 4 61 
18 1
90 
48 5
90 84 62 15 7 
17 1
28 
43 3
44 16 28 
89 2
20 30 
98 2
32 58 
58 1
98 
32 4
54 50 98 95 
95 1
32 
64 2
69 47 
37 1
81 
7 2
11 48 
38 1
84 
35 1
5 
46 1
55 
3 2
84 67 
67 1
3 
79 2
20 33 
86 1
71 
54 4
84 88 32 27 
27 2
24 54 
88 1
54 
50 2
69 32 
33 2
71 79 
93 3
10 30 59 
59 1
93 
