50
43 6
28 31 3 5 8 34 
34 7
21 25 31 36 40 43 46 
8 7
20 40 47 43 33 29 2 
4 5
10 16 49 31 9 
9 9
27 36 29 0 46 1 3 4 24 
31 6
5 3 34 43 4 28 
49 8
5 22 4 42 6 40 39 14 
33 9
3 5 26 37 16 8 42 14 39 
39 5
15 42 16 33 49 
42 8
35 10 23 33 11 49 39 20 
37 9
47 28 3 46 44 33 36 6 11 
11 4
2 42 7 37 
6 11
32 35 19 16 37 48 28 5 18 1 49 
36 9
9 28 38 14 34 37 12 29 22 
2 6
30 26 32 8 11 21 
29 11
13 0 15 22 36 9 28 27 8 44 19 
40 10
25 38 23 0 8 20 34 48 26 49 
24 9
7 26 22 20 17 9 1 3 10 
3 13
43 35 33 44 12 20 31 9 32 37 24 1 38 
1 13
16 24 13 41 10 48 27 9 3 32 6 20 30 
10 9
25 46 17 4 42 15 13 1 24 
17 8
45 20 0 10 15 21 24 12 
14 6
35 36 49 7 33 16 
20 16
18 3 12 1 0 40 15 7 28 17 24 30 27 42 41 8 
47 8
37 26 46 8 25 38 27 28 
28 12
36 37 20 43 47 46 29 6 31 25 41 13 
38 6
40 36 45 46 3 47 
25 6
10 12 40 34 47 28 
16 6
1 4 33 39 14 6 
7 7
48 27 41 20 14 24 11 
41 9
35 20 22 7 1 27 28 48 0 
13 6
5 1 46 29 10 28 
0 8
17 9 35 40 20 15 29 41 
48 8
18 1 6 32 40 7 41 35 
46 9
47 10 37 44 13 38 9 28 34 
5 9
33 6 13 49 43 31 19 26 15 
15 8
26 39 20 17 10 0 29 5 
26 10
15 47 33 24 21 5 2 45 40 23 
12 8
32 25 3 35 19 36 20 17 
19 8
27 18 5 12 30 22 29 6 
44 8
35 45 37 3 18 46 23 29 
23 5
40 42 44 30 26 
22 6
24 49 41 19 29 36 
45 4
17 44 38 26 
27 9
9 20 19 47 41 7 21 1 29 
18 7
48 19 44 21 6 30 20 
30 6
20 23 18 1 19 2 
21 6
18 34 17 27 26 2 
32 7
12 6 48 2 35 1 3 
35 10
41 12 42 44 3 14 0 6 32 48 
