20
18 10
7 19 3 6 16 0 10 15 17 9 
9 9
14 12 4 15 10 16 3 1 18 
15 10
12 9 13 2 19 14 8 6 3 18 
16 12
10 4 11 13 7 17 9 1 18 12 14 2 
11 9
12 13 6 19 8 16 1 3 14 
14 13
6 4 2 19 9 17 5 1 0 15 10 11 16 
3 7
9 18 15 0 8 11 19 
19 14
3 0 1 10 4 18 11 8 6 14 17 15 13 2 
8 9
11 19 6 15 10 1 3 17 4 
0 8
19 12 17 14 18 3 13 6 
2 10
12 19 1 4 14 15 10 7 13 16 
12 11
2 15 0 11 9 1 5 4 16 13 7 
7 6
18 2 16 10 12 13 
5 8
17 10 14 6 4 13 1 12 
1 12
11 4 17 9 14 5 2 19 16 8 12 6 
10 10
5 18 9 14 2 19 16 8 7 6 
6 11
14 11 4 19 8 10 15 0 5 18 1 
13 10
11 5 16 19 2 17 12 15 0 7 
17 10
4 19 18 5 1 0 14 13 16 8 
4 11
14 17 9 6 1 5 2 19 12 16 8 
