100
94 3
35 93 34 
34 2
18 94 
93 4
41 32 94 12 
35 4
94 44 78 1 
60 3
55 95 5 
5 3
72 25 60 
95 6
29 56 50 60 79 42 
55 2
60 98 
71 2
83 75 
75 6
44 19 67 71 48 99 
83 8
12 66 3 71 28 85 31 19 
98 4
47 39 28 55 
28 4
84 17 83 98 
39 3
41 61 98 
47 9
23 88 16 98 92 19 72 50 68 
0 2
97 85 
85 5
2 83 46 31 0 
97 11
42 4 51 26 6 32 0 78 89 11 31 
21 3
6 10 59 
59 2
66 21 
10 5
74 78 21 3 58 
6 3
21 97 41 
26 6
58 76 92 19 97 37 
37 5
44 24 79 13 26 
19 9
53 64 47 26 90 91 75 62 83 
92 6
47 52 45 26 73 89 
76 5
65 22 79 67 26 
58 2
26 10 
4 4
97 87 63 24 
24 7
7 80 4 17 27 37 84 
63 4
62 4 11 12 
87 7
20 14 64 4 46 44 45 
42 6
22 95 9 46 97 54 
54 4
9 91 42 20 
46 5
27 85 38 42 87 
9 4
68 54 42 7 
22 6
42 91 8 76 69 65 
89 5
51 44 97 92 74 
73 4
17 61 92 33 
45 2
92 87 
52 6
62 36 92 64 43 77 
31 4
83 97 85 96 
96 3
86 32 31 
57 2
11 25 
25 5
27 78 5 40 57 
11 5
57 30 51 63 97 
12 3
83 63 93 
99 2
81 75 
81 6
1 40 14 70 99 13 
29 2
95 77 
77 3
64 52 29 
74 3
10 3 89 
44 6
75 35 18 37 89 87 
8 2
3 22 
3 4
8 74 83 10 
1 3
49 81 35 
78 7
90 97 35 64 7 10 25 
80 4
91 79 24 86 
86 2
96 80 
79 7
48 95 13 80 76 37 61 
65 2
76 22 
69 2
66 22 
91 5
80 23 22 19 54 
2 3
82 85 20 
32 5
96 15 93 97 67 
41 4
39 93 38 6 
66 6
59 69 43 72 61 83 
30 2
11 72 
72 7
5 66 47 30 36 16 70 
84 2
28 24 
17 3
73 28 24 
68 2
9 47 
62 3
63 52 19 
70 2
81 72 
61 6
16 79 18 66 73 39 
43 2
66 52 
13 4
88 81 79 37 
88 2
13 47 
64 7
77 36 52 19 87 78 38 
14 4
51 87 82 81 
20 4
87 15 54 2 
53 2
19 16 
16 4
61 72 47 53 
36 4
64 33 52 72 
38 3
46 64 41 
27 3
25 46 24 
67 3
76 75 32 
15 3
20 32 82 
18 3
34 44 61 
48 2
79 75 
23 3
91 47 49 
49 3
1 90 23 
82 3
2 14 15 
51 6
14 90 89 11 7 97 
7 5
24 78 51 56 9 
90 4
78 19 51 49 
40 2
81 25 
50 2
95 47 
56 2
95 7 
33 2
36 73 
