50
19 7
37 26 30 6 18 44 46 
46 8
3 18 20 27 17 24 23 19 
18 8
46 28 30 19 35 6 5 39 
6 6
42 19 30 3 18 9 
23 7
11 3 42 41 26 31 46 
24 9
36 31 46 21 37 1 5 14 20 
17 7
36 32 48 1 44 46 41 
27 12
2 32 15 29 28 46 8 44 3 5 47 11 
20 7
12 44 46 15 37 24 38 
47 5
3 40 14 49 27 
49 9
11 37 14 45 41 33 8 16 47 
14 8
45 49 47 24 41 28 32 3 
40 8
25 31 28 15 29 36 4 47 
3 8
46 4 47 6 27 10 23 14 
16 4
35 4 49 1 
1 9
38 17 9 13 15 24 12 4 16 
4 9
41 40 34 9 44 16 29 3 1 
35 5
38 16 13 11 18 
21 5
24 7 25 34 30 
30 9
6 8 29 15 18 19 26 39 21 
34 6
2 41 4 11 21 36 
25 9
40 22 10 5 26 7 13 48 21 
7 7
25 9 48 8 37 21 39 
31 7
40 39 24 42 15 26 23 
26 9
19 11 5 30 23 22 25 28 31 
41 10
38 34 14 4 49 15 12 23 17 45 
42 6
29 11 31 23 6 32 
11 8
49 34 23 42 38 26 35 27 
39 5
31 30 43 18 7 
5 7
25 26 15 44 27 18 24 
28 6
26 15 18 27 14 40 
15 13
43 30 1 5 20 40 27 31 28 48 41 0 32 
44 9
19 4 0 20 8 5 17 27 48 
43 4
15 39 13 2 
2 5
27 34 0 10 43 
13 7
32 35 1 25 29 0 43 
22 3
25 38 26 
38 9
1 41 35 36 22 11 33 8 20 
9 5
7 36 4 1 6 
36 9
24 12 17 9 10 29 40 34 38 
37 6
19 49 20 24 7 48 
45 4
14 49 8 41 
12 5
20 36 1 41 8 
32 7
17 27 13 33 14 42 15 
8 9
7 49 30 27 44 33 45 12 38 
33 4
49 38 32 8 
48 6
7 17 15 44 25 37 
10 4
36 25 3 2 
0 4
44 15 2 13 
29 7
42 36 30 40 27 13 4 
