50
5 5
27 41 6 33 44 
44 5
25 37 49 8 5 
31 1
26 
26 4
39 30 25 31 
43 4
15 41 35 39 
39 4
26 7 30 43 
13 1
25 
25 5
44 42 28 26 13 
9 5
40 22 36 2 4 
4 7
15 10 11 40 34 9 16 
2 5
6 41 9 12 0 
0 2
15 2 
29 4
19 11 17 40 
40 9
20 9 42 15 29 36 49 4 47 
49 4
40 8 44 47 
47 7
17 15 24 21 35 40 49 
42 4
19 25 40 23 
23 3
34 3 42 
16 1
4 
20 2
40 24 
24 6
47 46 37 1 14 20 
21 4
11 18 47 7 
7 4
8 39 37 21 
3 4
28 27 10 23 
19 4
32 42 29 18 
18 6
21 1 28 30 19 6 
46 5
48 27 17 37 24 
17 3
47 29 46 
27 5
28 46 8 5 3 
28 7
34 25 10 15 3 18 27 
15 8
43 4 47 40 28 48 41 0 
41 5
5 43 32 2 15 
35 3
43 47 11 
11 6
21 4 29 34 38 35 
8 6
49 7 6 27 44 45 
37 4
46 44 24 7 
10 3
4 28 3 
6 4
8 2 5 18 
30 3
18 26 39 
48 2
46 15 
38 4
36 22 11 33 
45 1
8 
36 3
9 40 38 
14 1
24 
1 3
18 24 12 
33 3
5 38 32 
22 2
9 38 
32 3
19 41 33 
34 4
23 11 28 4 
12 2
2 1 
