20
4 8
19 14 6 11 9 5 13 8 
8 11
0 10 19 7 17 18 11 14 16 6 4 
13 7
2 14 15 17 1 18 4 
5 8
12 14 0 10 11 19 18 4 
9 8
14 2 17 0 10 4 18 11 
11 9
4 2 17 9 16 8 5 10 15 
6 6
7 4 8 15 3 18 
14 10
9 4 13 7 8 5 18 1 19 0 
0 8
8 10 5 18 1 9 14 12 
19 6
4 8 3 1 5 14 
1 10
16 18 19 17 15 0 12 13 7 14 
18 14
16 3 5 14 6 2 13 17 7 8 1 9 0 10 
7 8
15 8 6 18 1 3 14 2 
10 9
11 0 2 8 16 9 3 18 5 
16 7
11 18 1 10 15 12 8 
12 5
16 17 5 1 0 
17 7
9 11 13 12 8 1 18 
15 6
1 7 13 6 11 16 
3 6
6 10 19 2 7 18 
2 7
9 10 11 3 18 13 7 
