30
22 8
6 2 20 10 4 5 3 9 
9 11
21 14 6 28 12 8 15 18 3 1 22 
3 12
9 28 27 10 24 6 14 23 22 7 2 19 
4 8
12 15 20 7 13 22 2 8 
10 8
12 13 18 3 20 14 22 23 
20 14
2 7 23 14 16 6 19 21 13 15 10 22 0 4 
2 11
20 16 25 3 28 22 23 21 4 29 13 
6 10
27 9 19 7 12 22 20 3 11 21 
1 4
11 24 21 9 
15 9
4 7 13 23 9 0 14 20 12 
8 8
19 23 29 25 11 9 27 4 
21 11
9 28 29 14 20 18 5 1 6 26 2 
24 6
29 18 3 1 25 17 
11 10
6 7 13 1 18 5 8 16 14 26 
19 9
23 8 6 27 20 14 0 29 3 
29 8
7 8 5 25 24 21 19 2 
14 14
12 11 18 3 21 20 19 15 10 9 0 7 17 25 
27 8
6 0 25 19 16 8 3 28 
16 6
2 27 5 18 20 11 
18 12
26 24 11 21 10 9 17 7 13 14 16 25 
5 7
22 29 7 13 16 11 21 
12 8
4 26 6 10 15 14 9 17 
7 12
4 13 29 15 11 6 14 20 26 5 18 3 
23 8
8 20 15 0 10 19 2 3 
28 9
21 25 3 26 2 13 9 27 0 
0 8
19 20 14 15 13 23 27 28 
13 12
7 20 4 11 15 10 0 5 18 17 28 2 
17 5
14 13 18 12 24 
25 8
14 2 8 29 28 27 24 18 
26 6
12 18 28 7 21 11 
