50
18 6
23 21 37 26 35 1 
1 15
33 46 28 9 11 18 48 42 36 49 25 38 37 14 26 
35 5
11 33 18 47 4 
26 6
5 18 1 14 34 49 
37 9
13 48 21 47 40 39 3 1 18 
21 12
22 27 39 14 25 37 24 18 5 46 33 19 
46 3
21 32 1 
32 8
3 30 20 14 44 46 15 27 
39 6
21 37 14 10 48 30 
40 8
38 34 44 9 27 37 23 5 
47 9
16 44 17 9 35 19 24 37 0 
16 5
34 47 43 36 27 
27 7
21 13 10 14 40 32 16 
36 6
38 15 1 13 16 34 
43 7
5 16 6 13 17 23 12 
0 6
41 10 15 42 47 34 
19 7
42 25 49 47 14 17 21 
9 7
40 34 33 41 7 1 47 
17 6
47 4 43 44 24 19 
5 6
26 43 21 29 40 25 
25 8
31 2 19 23 21 3 1 5 
29 8
11 6 10 5 8 4 41 45 
7 9
2 8 44 12 9 11 4 20 14 
33 7
35 1 23 21 31 9 10 
34 10
44 16 40 4 41 26 9 0 10 36 
14 13
30 21 38 39 20 27 6 32 26 19 2 7 1 
10 7
27 0 29 23 39 34 33 
13 8
37 36 4 43 27 28 45 12 
4 10
15 29 23 13 7 34 17 48 42 35 
38 5
40 14 36 22 1 
22 5
21 20 48 38 3 
8 4
41 7 29 15 
15 6
36 42 4 32 0 8 
41 5
9 8 34 0 29 
23 12
28 18 45 25 10 33 4 43 40 30 12 42 
11 6
35 29 30 7 1 3 
12 7
7 13 23 30 48 31 43 
44 8
2 47 34 40 32 3 17 7 
2 6
44 45 25 7 24 14 
24 6
47 28 17 31 21 2 
49 3
19 26 1 
20 6
7 22 30 32 42 14 
30 7
32 23 14 20 39 12 11 
3 7
48 25 32 44 37 11 22 
45 5
2 28 23 13 29 
28 5
23 24 45 13 1 
42 7
19 20 1 15 0 23 4 
6 4
43 29 14 48 
48 8
37 22 12 3 1 4 39 6 
31 4
25 33 12 24 
