50
13 1
12 
12 6
33 23 43 32 26 13 
47 1
4 
4 2
2 47 
16 4
44 6 1 3 
3 3
28 43 16 
31 2
49 22 
22 5
49 43 34 20 31 
24 2
29 34 
34 3
22 45 24 
11 1
26 
26 4
0 49 12 11 
39 1
1 
1 6
16 37 38 35 2 39 
20 1
22 
17 1
15 
15 4
38 48 17 8 
40 3
46 49 30 
30 3
38 32 40 
0 2
26 25 
25 3
46 29 0 
8 1
15 
33 3
12 21 27 
27 3
32 42 33 
18 1
5 
5 3
45 46 18 
48 2
15 7 
7 2
32 48 
43 6
49 38 12 46 22 3 
37 4
46 1 35 41 
41 2
28 37 
35 4
1 45 37 23 
32 5
7 12 30 36 27 
36 2
32 45 
10 1
19 
19 2
49 10 
29 3
24 38 25 
38 5
30 43 29 15 1 
9 3
14 46 28 
28 4
3 42 41 9 
46 7
25 40 43 5 9 37 21 
21 3
49 33 46 
49 9
31 22 21 43 26 19 40 14 44 
2 2
1 4 
45 4
5 36 35 34 
42 3
28 27 6 
6 2
16 42 
44 2
16 49 
14 2
9 49 
23 2
12 35 
