100
24 5
47 19 73 78 77 
77 4
42 0 24 19 
78 7
76 45 5 24 40 82 10 
73 14
54 23 24 33 45 84 18 5 64 99 38 29 70 10 
47 8
54 93 88 39 70 24 5 44 
19 3
24 39 77 
0 8
1 79 77 49 6 65 11 25 
54 7
47 38 73 8 33 85 6 
6 7
75 81 45 13 29 0 54 
85 10
70 12 54 86 35 5 65 59 44 76 
33 8
71 70 82 35 73 80 54 66 
8 6
41 54 38 74 95 51 
51 3
56 37 8 
95 8
70 80 89 83 4 8 39 34 
74 7
56 88 44 8 7 43 4 
38 7
37 54 1 34 73 8 30 
35 5
33 62 66 85 22 
22 8
87 55 65 2 35 31 27 75 
66 6
91 68 26 93 35 33 
62 6
94 98 75 28 35 36 
91 5
70 81 86 66 99 
99 6
55 72 73 41 91 12 
60 4
20 11 89 2 
2 9
37 17 36 88 22 86 43 26 60 
89 7
43 52 95 56 60 69 45 
20 3
93 60 70 
41 6
98 8 50 72 82 99 
72 7
9 12 99 41 45 44 46 
50 4
52 30 41 25 
98 5
41 62 23 40 31 
31 4
22 63 15 98 
40 6
58 49 97 78 1 98 
23 6
55 98 27 48 93 73 
48 6
68 23 88 29 32 17 
17 4
10 2 28 48 
71 5
33 80 45 14 58 
58 8
43 93 40 57 55 11 71 21 
14 2
45 71 
45 9
6 14 43 72 30 78 71 89 73 
80 5
71 11 95 65 33 
65 7
4 0 80 27 85 22 76 
11 7
9 97 58 60 37 80 0 
25 6
39 94 67 64 0 50 
49 5
40 3 81 0 56 
82 6
41 33 86 78 55 52 
52 6
37 89 81 50 88 82 
55 9
21 1 16 58 36 23 22 99 82 
86 7
36 91 15 56 82 2 85 
10 6
17 75 28 73 67 78 
5 8
56 47 7 78 69 73 85 16 
15 4
13 31 86 42 
42 5
77 28 36 15 94 
32 8
12 21 44 63 94 69 9 48 
29 5
68 6 73 64 48 
88 8
61 47 52 74 48 87 2 13 
13 9
92 15 21 6 26 97 83 88 96 
87 8
37 21 59 53 43 22 88 69 
93 7
20 58 47 64 23 66 59 
59 5
44 87 70 85 93 
26 7
66 3 70 63 2 13 7 
7 6
53 74 76 18 5 26 
63 3
32 31 26 
70 10
95 91 85 47 26 73 59 20 33 44 
3 5
49 26 36 56 46 
21 6
32 55 30 87 13 58 
96 3
44 53 13 
83 4
90 95 13 61 
97 4
11 40 43 13 
4 4
95 65 74 39 
43 9
58 89 97 45 2 27 28 74 87 
44 8
32 96 59 72 85 74 70 47 
53 7
7 61 9 76 96 46 87 
46 4
16 3 53 72 
9 6
11 32 72 92 53 81 
61 3
88 53 83 
75 6
6 10 92 39 62 22 
27 5
43 34 65 23 22 
76 9
39 90 78 84 53 64 7 85 65 
12 4
72 85 32 99 
37 8
87 38 52 79 11 51 2 92 
64 8
76 25 84 93 73 56 29 92 
67 4
25 10 16 68 
28 6
17 10 42 62 43 81 
81 6
6 91 52 49 28 9 
68 5
48 29 90 66 67 
16 5
36 46 55 67 5 
1 6
55 38 0 18 40 79 
92 5
13 75 9 64 37 
84 4
76 34 64 73 
34 4
38 27 84 95 
94 5
18 62 25 32 42 
36 8
55 2 16 86 3 42 62 57 
56 10
74 69 89 5 3 90 51 64 86 49 
69 5
89 32 5 56 87 
39 7
76 25 95 19 75 47 4 
30 4
21 45 50 38 
57 2
58 36 
79 3
0 37 1 
90 4
76 83 68 56 
18 4
94 1 7 73 
