30
27 5
17 4 25 29 16 
16 5
2 14 4 17 27 
29 6
25 23 21 10 2 27 
25 5
29 24 11 6 27 
4 5
16 27 18 3 10 
10 7
13 23 29 8 4 24 1 
3 4
4 1 18 0 
9 2
6 18 
18 8
4 12 20 7 9 3 22 23 
6 7
11 22 15 9 1 8 25 
1 6
3 6 21 13 20 10 
20 10
22 23 28 7 14 2 5 18 1 0 
13 5
10 1 8 17 19 
21 5
7 29 1 12 14 
22 7
20 6 11 24 2 18 5 
5 5
11 8 20 22 28 
2 7
16 8 22 29 17 20 11 
24 3
25 22 10 
0 4
26 7 3 20 
7 6
21 0 19 20 17 18 
26 2
0 8 
17 5
27 16 2 13 7 
28 2
20 5 
8 7
5 13 10 12 6 2 26 
15 2
6 19 
19 4
14 7 13 15 
23 4
20 29 10 18 
14 4
16 19 20 21 
11 5
22 6 5 25 2 
12 3
18 8 21 
