50
43 8
25 35 13 1 5 47 39 10 
10 13
30 9 27 48 39 40 20 44 32 4 43 41 3 
39 11
7 14 10 46 16 26 30 43 12 5 28 
47 7
35 43 0 34 20 17 1 
5 11
23 25 16 8 15 2 19 26 39 43 1 
1 7
40 32 49 43 47 25 5 
18 4
14 25 48 24 
24 5
15 19 42 31 18 
48 11
33 45 11 21 37 23 22 10 29 15 18 
25 11
43 26 11 7 8 34 23 5 18 1 38 
14 9
39 15 27 45 12 18 38 11 49 
29 6
22 36 15 34 19 48 
19 6
23 24 8 5 29 17 
34 15
45 41 49 46 7 28 38 30 25 23 22 0 29 47 35 
20 6
40 13 10 0 27 47 
27 6
8 10 14 20 35 28 
0 7
37 36 47 26 34 20 12 
13 7
43 20 22 23 28 17 7 
46 5
9 39 34 41 35 
35 7
43 4 47 42 34 27 46 
41 7
17 8 46 44 10 34 6 
17 7
41 13 37 4 47 49 19 
16 6
5 8 23 22 39 2 
2 6
5 23 30 45 31 16 
22 11
29 7 13 37 40 34 48 28 31 36 16 
8 8
27 37 19 16 25 5 41 49 
49 9
1 34 14 31 17 12 38 44 8 
38 7
42 14 34 31 49 33 25 
33 8
26 11 21 9 48 28 38 4 
31 11
32 45 2 3 7 49 37 24 38 22 42 
7 7
39 34 22 36 25 31 13 
28 13
45 30 36 22 44 33 11 12 34 39 13 9 27 
23 11
16 15 5 19 2 13 30 36 34 48 25 
26 9
25 39 36 33 44 0 37 42 5 
15 8
23 21 24 29 14 45 5 48 
45 9
4 15 31 28 48 34 14 2 32 
11 7
33 25 28 48 14 40 12 
30 10
10 4 3 23 28 34 39 2 37 44 
37 9
0 3 8 31 17 48 22 30 26 
21 4
15 33 48 4 
9 5
10 46 33 40 28 
40 8
1 20 22 12 10 9 6 11 
36 8
29 0 7 6 26 22 23 28 
6 6
12 42 3 36 40 41 
44 7
28 49 32 26 10 41 30 
12 9
28 14 40 39 0 49 11 6 32 
3 6
42 37 6 30 31 10 
4 8
17 45 35 30 32 10 33 21 
32 7
31 44 4 1 10 12 45 
42 7
3 6 38 24 35 26 31 
