30
8 6
17 21 29 25 18 26 
26 11
17 21 11 5 3 19 2 7 4 14 8 
18 8
20 14 6 28 9 7 5 8 
25 11
22 6 21 24 8 12 1 5 27 4 7 
27 9
29 16 22 23 25 4 13 1 19 
19 5
22 26 11 17 27 
1 11
25 20 14 16 22 15 0 9 17 27 11 
13 9
14 12 24 21 16 10 7 27 28 
4 14
29 20 25 24 11 14 26 9 27 17 28 6 3 12 
23 6
15 27 22 11 6 3 
22 11
25 23 14 20 19 2 5 1 3 27 28 
28 7
6 18 14 4 13 10 22 
3 7
11 4 6 22 23 26 5 
2 10
6 26 17 22 12 15 0 10 16 7 
20 7
15 18 1 14 22 16 4 
14 13
13 4 20 18 1 22 16 28 29 0 10 26 6 
9 6
6 1 18 21 16 4 
16 12
6 13 7 27 17 9 20 14 1 2 29 15 
21 9
0 11 25 8 26 9 5 7 13 
11 9
4 3 5 1 21 24 26 19 23 
17 9
4 15 8 16 19 26 2 1 24 
0 6
21 15 2 14 12 1 
15 10
2 20 23 17 0 29 12 1 24 16 
10 7
5 29 13 7 2 14 28 
7 11
6 10 21 16 18 5 13 26 2 25 12 
12 7
4 25 2 15 0 13 7 
5 10
10 22 26 7 18 3 24 21 11 25 
6 12
16 29 28 9 25 2 4 18 3 7 23 14 
24 8
5 25 13 11 4 29 15 17 
29 9
14 27 6 24 10 15 8 16 4 
