50
33 4
3 1 26 46 
46 4
38 5 33 6 
26 9
22 30 23 35 5 33 8 11 43 
1 5
20 41 27 6 33 
3 5
33 36 0 31 11 
34 7
30 39 15 45 19 17 37 
37 6
11 13 42 49 18 34 
17 3
43 22 34 
19 6
40 34 21 12 6 4 
45 6
39 34 41 42 29 21 
15 7
23 8 27 31 34 32 2 
39 8
45 23 21 11 38 34 14 16 
30 11
32 28 34 20 24 21 18 36 10 26 49 
14 3
49 44 39 
44 10
25 13 24 4 43 14 27 10 35 18 
49 9
37 14 20 41 48 27 30 22 29 
31 5
11 40 5 3 15 
5 9
26 2 46 28 27 31 9 42 47 
40 5
19 2 6 12 31 
11 7
9 31 37 10 26 3 39 
12 5
19 20 40 9 28 
6 5
40 41 19 1 46 
2 8
4 41 32 5 15 48 24 40 
0 4
4 3 20 35 
35 5
26 8 44 48 0 
20 7
12 1 30 23 49 0 29 
4 6
27 0 2 19 23 44 
22 4
26 32 17 49 
43 5
17 7 44 26 25 
32 5
2 30 22 36 15 
48 5
24 21 49 35 2 
8 6
23 36 15 26 35 18 
27 7
15 4 49 5 1 44 7 
7 4
43 9 27 21 
21 6
48 30 19 45 39 7 
24 6
48 44 41 13 30 2 
23 7
4 15 8 39 20 42 26 
13 6
47 44 37 24 9 38 
38 5
46 41 13 39 18 
9 7
29 11 7 13 16 5 12 
47 3
13 25 5 
18 7
25 38 36 30 37 44 8 
42 4
37 45 23 5 
28 4
16 30 5 12 
10 5
29 25 11 44 30 
25 6
18 44 41 47 43 10 
16 3
28 9 39 
29 5
10 9 45 49 20 
41 9
6 49 24 38 25 1 2 45 36 
36 6
30 8 18 3 32 41 
