100
83 6
36 59 74 75 50 32 
32 8
82 22 88 84 83 54 28 29 
50 8
13 37 89 92 44 83 65 25 
75 8
97 31 57 4 39 90 83 71 
74 10
66 83 8 95 2 26 48 87 70 34 
92 7
14 46 15 36 95 50 77 
77 6
45 72 80 92 20 43 
95 12
18 5 47 37 89 92 90 41 9 74 33 19 
15 5
24 92 44 93 26 
46 6
48 58 92 98 73 97 
2 6
21 73 49 74 94 57 
57 4
75 76 2 40 
94 5
33 78 71 23 2 
49 8
10 12 2 81 93 54 8 53 
53 6
44 7 10 70 49 64 
8 6
74 5 3 19 97 49 
54 11
26 20 78 36 70 91 51 49 61 32 9 
93 7
15 56 6 17 85 12 49 
81 7
25 22 34 13 67 28 49 
98 4
13 70 76 46 
76 8
44 56 27 43 47 57 98 84 
78 5
52 94 54 51 58 
58 4
35 46 21 78 
51 8
0 54 84 78 44 5 97 99 
97 6
75 85 3 51 8 46 
3 8
8 97 67 66 80 71 21 61 
99 5
28 21 36 0 51 
5 12
40 8 95 22 21 68 31 51 91 56 73 62 
44 9
76 60 15 12 53 51 52 28 50 
26 5
54 82 17 74 15 
42 4
9 1 68 84 
84 13
70 64 51 60 32 16 96 76 37 89 66 48 42 
68 8
21 64 42 12 5 36 88 35 
1 5
90 71 73 69 42 
71 8
94 35 62 0 1 3 41 75 
41 7
20 71 70 61 52 95 27 
0 7
51 39 99 25 21 71 28 
62 4
48 9 71 5 
35 8
17 58 52 79 71 89 68 80 
64 3
84 68 53 
70 9
98 84 23 54 38 53 41 74 79 
10 7
18 49 53 90 55 7 23 
7 3
53 10 59 
27 5
86 76 41 87 6 
61 8
37 47 87 54 39 41 28 3 
20 4
54 30 41 77 
21 11
2 0 99 39 68 5 3 58 47 96 16 
48 9
62 18 31 74 91 63 46 11 84 
66 8
38 74 19 84 37 3 22 88 
89 5
14 50 95 84 35 
96 4
9 33 84 21 
30 2
20 17 
17 9
56 24 35 93 26 28 90 38 30 
52 7
41 35 78 59 16 44 39 
39 6
0 75 21 61 88 52 
16 4
87 52 84 21 
59 5
14 29 83 52 7 
34 4
47 81 11 74 
13 7
98 9 37 81 50 91 29 
29 4
59 4 32 13 
67 3
87 81 3 
25 4
81 90 0 50 
65 6
82 90 40 86 38 50 
12 6
49 93 68 44 91 72 
72 3
77 12 24 
91 6
28 48 13 54 5 12 
28 12
17 86 11 69 81 44 61 99 32 91 87 0 
69 5
38 28 60 1 36 
11 6
6 55 34 28 48 85 
86 6
80 4 65 27 28 90 
23 4
94 63 70 10 
6 5
11 38 93 85 27 
87 6
67 16 61 74 28 27 
55 2
11 10 
90 11
1 60 24 75 17 25 65 95 63 10 86 
60 6
90 84 44 45 69 4 
4 4
75 29 86 60 
45 4
77 22 43 60 
82 4
32 26 65 63 
63 6
23 88 48 90 14 82 
19 4
8 38 66 95 
36 6
92 99 83 68 54 69 
33 3
94 96 95 
37 6
84 13 61 50 95 66 
47 5
34 61 95 21 76 
18 4
48 95 10 56 
14 5
92 88 59 89 63 
43 3
76 77 45 
9 6
95 13 42 96 62 54 
85 5
31 6 97 93 11 
40 4
79 5 65 57 
24 4
15 17 90 72 
73 4
46 2 1 5 
56 5
17 93 76 5 18 
80 4
86 77 3 35 
88 6
63 32 68 66 14 39 
79 3
40 35 70 
38 7
65 66 6 19 69 70 17 
31 4
85 75 48 5 
22 5
81 45 32 66 5 
