30
4 6
13 24 1 19 28 27 
27 8
11 22 7 13 10 4 2 9 
19 10
26 2 22 13 7 4 14 18 5 16 
1 11
14 3 4 9 25 24 21 22 29 15 26 
24 7
7 26 4 1 29 0 15 
25 7
8 11 26 7 13 1 23 
23 9
29 0 11 5 12 28 20 6 25 
13 14
4 19 2 20 3 11 18 5 12 25 27 17 22 9 
7 7
24 27 28 25 19 0 15 
26 12
12 24 19 2 10 22 25 16 8 20 5 1 
11 14
27 23 3 8 12 25 13 29 15 22 9 14 21 20 
2 6
13 26 19 14 9 27 
9 10
13 8 11 1 18 17 27 10 29 2 
14 6
1 3 11 2 19 10 
18 6
6 13 9 5 29 19 
29 8
23 16 24 11 9 15 1 18 
5 8
23 0 21 13 3 18 26 19 
6 5
3 18 15 0 23 
22 10
10 12 27 28 13 19 26 3 1 11 
3 8
14 6 5 1 22 13 11 12 
8 8
25 28 9 17 15 26 20 11 
21 5
5 1 11 0 10 
12 8
26 28 10 13 22 23 11 3 
15 8
6 11 24 1 8 20 29 7 
20 7
11 13 0 15 26 23 8 
10 8
16 22 12 26 9 27 21 14 
17 3
13 9 8 
28 7
4 12 16 8 22 23 7 
16 6
28 10 29 0 26 19 
0 8
20 7 23 5 24 21 16 6 
