30
27 7
25 14 19 2 10 8 21 
21 15
23 27 9 28 25 2 3 5 26 14 19 6 13 29 15 
8 13
6 24 29 15 4 17 27 12 14 20 19 18 13 
10 13
14 23 25 27 17 7 29 0 12 3 18 1 5 
9 12
12 19 4 24 21 5 3 7 25 29 15 0 
0 11
22 4 16 10 25 1 5 3 24 11 9 
15 16
11 29 19 23 8 16 4 25 20 21 9 1 17 28 7 12 
25 15
27 10 21 28 15 29 6 4 11 18 9 0 22 1 12 
7 11
13 12 15 10 9 17 28 16 20 1 11 
1 15
5 20 26 19 18 10 0 13 15 3 16 25 7 17 24 
13 12
4 7 22 2 19 11 21 12 3 1 16 8 
26 10
21 11 6 4 2 19 28 17 3 1 
3 13
2 26 13 12 9 1 11 21 6 10 29 0 20 
22 8
0 12 13 24 18 5 25 16 
16 13
12 2 1 5 24 11 15 0 22 13 7 17 28 
5 10
1 9 20 21 16 0 29 10 22 2 
18 10
1 2 19 25 10 22 8 28 14 24 
29 12
20 25 8 11 21 9 17 3 5 10 15 23 
23 8
6 19 2 21 24 10 15 29 
17 11
1 7 28 6 16 8 11 15 29 10 26 
19 12
20 1 18 23 27 9 13 26 11 21 8 15 
28 13
20 4 25 17 21 11 2 26 6 7 15 18 16 
12 15
22 9 10 24 2 15 13 7 14 20 8 4 16 3 25 
11 13
4 19 26 3 13 7 17 28 16 25 29 15 0 
24 11
0 9 22 23 8 16 6 2 1 18 12 
2 14
18 5 24 12 28 27 26 23 13 3 16 21 20 6 
14 8
10 4 8 27 21 12 18 6 
20 13
15 29 28 19 2 6 12 8 4 7 1 5 3 
4 13
13 11 28 9 0 15 12 26 8 25 14 20 6 
6 13
8 23 2 26 25 21 24 3 17 28 20 14 4 
