20
8 7
2 10 0 15 1 9 17 
17 9
7 4 12 2 3 18 9 16 8 
12 6
15 17 3 5 1 14 
14 9
11 4 6 15 10 0 9 2 12 
5 4
6 12 0 15 
15 6
12 14 2 8 1 5 
2 10
8 15 3 19 13 7 4 17 9 14 
1 7
3 13 8 12 0 10 15 
13 9
2 6 18 1 3 4 16 11 10 
10 8
8 19 14 6 7 13 18 1 
11 6
14 0 18 9 19 13 
16 8
9 17 0 4 13 18 3 6 
4 10
16 14 17 9 13 19 2 0 3 18 
9 11
7 0 4 11 14 16 8 18 3 2 17 
7 7
17 9 0 10 19 2 3 
3 11
4 18 1 2 12 6 17 9 16 13 7 
18 9
3 16 13 11 10 19 9 17 4 
0 9
7 9 16 8 11 14 5 1 4 
6 7
13 5 3 14 10 16 19 
19 7
10 2 7 4 18 11 6 
