100
2 8
46 55 94 6 78 15 56 67 
67 5
33 29 10 97 2 
56 4
86 12 59 2 
15 9
76 52 81 2 0 51 80 14 25 
78 5
52 25 53 2 68 
6 8
2 65 52 57 86 54 32 96 
94 5
5 66 2 57 72 
55 4
2 60 83 79 
46 8
77 74 2 88 98 38 7 64 
34 5
63 87 10 5 22 
22 3
50 92 34 
5 11
94 76 16 25 38 61 9 19 34 65 87 
10 4
67 0 34 92 
87 6
75 12 80 89 34 5 
63 5
34 95 89 64 50 
77 6
46 60 92 48 66 84 
84 7
64 17 13 35 26 77 60 
66 9
91 72 38 86 53 19 77 94 44 
48 9
25 96 89 43 58 12 77 19 52 
92 6
77 30 52 22 32 10 
60 8
90 76 82 55 77 37 84 75 
82 4
3 60 20 16 
16 11
44 5 51 97 61 25 70 28 31 82 14 
20 3
45 14 82 
3 4
82 36 52 59 
75 4
44 87 60 97 
37 8
38 60 36 4 51 91 27 21 
76 10
15 29 5 60 90 17 52 11 71 44 
90 7
76 19 45 60 14 1 28 
97 7
58 12 79 16 99 67 75 
44 6
16 76 75 29 66 98 
42 5
57 88 81 35 93 
93 9
39 4 86 70 29 24 8 19 42 
35 8
7 4 84 59 9 70 42 19 
81 6
42 79 36 38 15 96 
88 4
54 59 46 42 
57 8
42 29 0 6 94 99 39 95 
23 3
69 73 58 
58 5
97 11 27 48 23 
73 4
74 17 23 41 
69 6
26 25 23 95 65 68 
19 13
27 31 48 90 1 5 66 80 95 30 8 93 35 
53 4
71 21 78 66 
86 4
56 6 66 93 
38 9
18 66 5 11 37 81 46 36 95 
72 6
59 66 41 85 94 12 
91 7
66 17 9 30 49 25 37 
70 5
62 93 35 16 68 
68 6
99 27 89 78 70 69 
62 4
98 39 70 96 
14 5
12 90 20 15 16 
12 11
14 40 97 48 50 72 56 87 11 89 33 
83 4
89 55 74 50 
50 9
22 85 12 79 29 63 8 45 83 
74 6
73 13 46 83 79 65 
89 8
48 52 87 63 40 83 68 12 
4 4
93 35 37 1 
1 5
32 19 90 8 4 
40 4
21 89 28 12 
52 11
6 92 98 15 76 78 89 47 3 48 13 
32 4
1 6 65 92 
30 4
92 39 91 19 
98 5
62 45 52 46 44 
45 6
20 98 90 41 50 64 
79 7
9 74 50 41 97 81 55 
59 6
72 29 56 88 35 3 
36 5
17 3 81 37 38 
96 6
48 80 81 65 6 62 
39 6
93 57 95 30 62 85 
85 5
9 50 72 39 49 
95 7
63 69 19 57 80 38 39 
51 3
15 16 37 
65 6
6 32 69 5 96 74 
31 3
19 28 16 
28 5
33 16 40 90 31 
25 9
48 5 18 78 69 8 16 15 91 
61 4
80 16 5 29 
13 3
74 84 52 
9 6
79 35 85 5 21 91 
21 5
40 53 43 9 37 
41 7
24 8 45 73 72 79 7 
33 4
28 67 12 7 
11 6
38 76 58 43 12 18 
49 3
7 91 85 
64 6
84 63 45 43 80 46 
80 7
61 19 87 15 95 96 64 
43 6
8 48 21 11 24 64 
7 8
49 47 35 26 46 33 41 17 
8 8
41 43 19 93 25 50 99 1 
24 3
41 93 43 
26 3
69 84 7 
71 3
53 76 99 
18 4
38 25 99 11 
29 8
57 59 76 44 67 93 50 61 
99 7
68 18 97 8 57 71 54 
17 6
36 76 91 84 73 7 
27 6
54 68 19 58 37 0 
47 3
54 52 7 
0 4
10 15 57 27 
54 5
47 88 27 6 99 
