50
4 2
44 37 
37 10
5 46 11 22 14 2 27 32 41 4 
9 5
33 16 0 18 42 
42 5
12 43 17 31 9 
18 4
39 9 30 36 
36 9
38 41 32 14 34 48 27 17 18 
8 6
33 38 32 5 2 26 
26 6
32 12 45 21 1 8 
5 5
37 7 28 19 8 
31 3
14 24 42 
43 3
2 44 42 
19 2
41 5 
29 6
28 40 2 38 41 12 
12 12
45 26 17 14 34 33 42 49 47 15 0 29 
24 9
31 40 14 0 49 47 45 6 44 
44 8
25 43 4 32 41 28 21 24 
6 3
14 1 24 
45 7
12 17 13 26 35 24 0 
28 9
29 17 11 46 44 30 23 49 5 
38 10
47 3 36 10 29 20 40 16 8 32 
32 10
17 26 1 44 8 37 15 36 22 38 
7 4
25 5 0 34 
34 7
47 36 25 35 12 15 7 
10 3
38 20 48 
48 3
36 21 10 
47 4
38 34 24 12 
33 9
9 0 22 23 14 20 12 8 46 
49 4
1 24 12 28 
11 3
37 28 27 
27 6
3 16 23 36 37 11 
39 6
18 17 21 2 30 25 
25 6
7 41 34 39 44 16 
30 4
28 18 40 39 
2 6
43 29 8 23 37 39 
20 5
38 10 14 33 1 
1 5
49 26 32 6 20 
41 7
19 25 36 22 44 29 37 
21 8
26 44 16 23 48 17 39 40 
23 6
33 2 27 28 21 14 
46 6
28 40 0 37 33 3 
3 5
35 38 27 0 46 
40 7
29 16 46 38 30 24 21 
17 10
0 32 28 39 42 12 45 21 36 13 
14 10
12 31 16 33 6 20 24 37 36 23 
22 5
33 41 37 15 32 
15 4
12 22 32 34 
16 8
40 14 35 9 27 21 38 25 
35 4
3 16 34 45 
13 2
17 45 
0 9
12 17 9 24 46 33 3 7 45 
