20
6 11
14 16 8 19 17 5 1 0 12 13 7 
7 6
13 16 8 19 2 6 
12 11
11 5 1 10 15 4 13 16 8 6 19 
0 9
4 15 10 6 5 18 3 8 2 
1 9
8 16 15 10 13 12 6 5 18 
17 7
14 15 8 16 6 3 18 
19 9
10 7 4 16 6 11 5 3 12 
3 13
13 17 9 14 15 0 10 2 19 4 5 18 11 
11 12
4 12 15 10 16 8 2 19 18 3 5 14 
10 11
19 13 9 16 4 11 12 15 0 1 3 
18 10
11 0 15 8 13 5 3 1 9 17 
9 8
2 4 3 18 5 10 15 13 
13 13
15 10 6 7 14 2 12 9 3 5 1 18 4 
15 12
13 4 11 0 10 1 3 18 17 9 12 2 
2 9
11 9 4 13 7 5 3 0 15 
8 9
17 6 7 1 18 11 12 16 0 
14 6
6 17 3 13 16 11 
16 11
12 7 6 19 1 5 10 17 14 11 8 
4 11
9 11 19 2 15 0 10 12 3 5 13 
5 13
12 6 0 13 16 3 18 1 19 2 9 4 11 
