50
43 3
34 1 22 
22 4
18 6 8 43 
1 10
6 32 43 3 5 12 38 30 39 14 
34 2
43 23 
31 7
5 3 10 32 48 28 21 
21 4
42 28 31 30 
28 5
45 40 21 31 16 
48 3
12 31 30 
32 6
29 38 31 27 1 12 
10 9
4 47 11 24 31 17 25 0 5 
3 2
1 31 
5 6
37 35 31 1 10 20 
25 5
2 26 10 11 18 
18 5
23 22 33 25 49 
11 6
2 47 10 9 25 42 
26 3
20 25 13 
2 4
25 38 11 14 
14 3
20 1 2 
38 7
8 13 32 9 1 35 2 
23 3
18 39 34 
20 3
26 14 5 
30 4
17 48 21 1 
17 4
30 10 40 46 
45 3
28 0 29 
29 5
32 45 39 33 37 
0 6
46 10 6 7 45 36 
6 4
1 0 22 19 
19 3
41 12 6 
9 4
11 33 8 38 
8 3
38 22 9 
33 3
18 9 29 
46 3
0 41 17 
41 3
46 19 42 
13 3
49 38 26 
49 2
13 18 
37 2
5 29 
39 5
24 15 29 1 23 
15 2
39 27 
27 3
24 32 15 
42 4
21 11 44 41 
44 2
47 42 
16 2
36 28 
40 2
28 17 
7 4
12 0 35 4 
4 2
10 7 
35 3
5 7 38 
12 5
7 48 19 1 32 
24 3
27 39 10 
47 4
44 36 11 10 
36 3
16 47 0 
