30
22 5
12 0 25 19 16 
16 9
4 6 24 21 11 10 0 22 7 
1 4
18 14 19 26 
26 4
4 25 28 1 
9 5
13 6 28 25 15 
15 5
25 0 28 9 23 
25 7
22 19 26 15 10 0 9 
19 7
1 25 2 22 20 14 8 
8 10
4 13 23 17 27 12 20 2 19 18 
28 6
15 0 9 11 26 6 
14 5
1 13 2 19 12 
12 8
10 22 21 8 14 7 13 2 
13 6
9 0 24 8 14 12 
23 3
8 24 15 
29 6
21 2 4 17 3 5 
5 3
4 10 29 
17 6
27 20 8 11 0 29 
20 6
24 17 18 19 8 4 
4 6
5 26 8 16 29 20 
21 5
12 3 29 16 2 
2 10
3 19 29 14 8 27 12 11 24 21 
11 5
7 2 17 28 16 
18 6
1 3 10 0 20 8 
7 5
12 3 11 6 16 
0 11
13 22 17 28 27 16 15 10 25 18 3 
6 5
3 7 16 9 28 
3 7
7 2 21 18 6 29 0 
27 4
17 0 2 8 
10 6
12 18 5 25 16 0 
24 5
13 16 20 23 2 
