30
12 4
17 8 26 20 
20 13
2 25 23 22 24 10 8 27 9 28 5 1 12 
26 7
15 10 12 14 11 21 4 
8 7
7 16 9 25 20 12 21 
17 8
13 12 6 27 21 24 4 2 
16 6
1 8 10 15 11 25 
25 9
13 20 1 19 2 21 8 16 23 
11 10
26 2 7 10 0 27 21 24 16 14 
15 7
9 26 19 24 13 6 16 
10 9
1 28 20 16 0 11 21 2 26 
21 8
17 9 2 26 25 11 10 8 
9 7
21 15 29 8 14 20 2 
27 7
20 17 28 11 0 29 1 
1 10
10 16 18 24 25 27 14 20 13 2 
29 6
3 23 7 9 27 2 
0 6
14 27 10 3 6 11 
28 6
10 23 20 27 3 5 
14 8
0 23 9 5 1 11 26 19 
24 6
7 1 20 17 15 11 
7 6
8 24 11 29 2 22 
18 4
1 19 2 4 
4 4
23 17 26 18 
2 13
20 22 11 21 5 18 1 17 9 25 7 10 29 
19 6
15 25 23 5 18 14 
13 6
17 6 25 3 1 15 
22 5
6 3 2 20 7 
3 5
22 29 0 13 28 
5 5
2 19 20 14 28 
23 7
4 14 20 29 19 28 25 
6 5
22 13 17 0 15 
