30
29 7
27 17 12 2 19 13 7 
7 5
28 3 16 29 26 
13 5
5 0 29 15 25 
19 14
9 4 21 24 29 8 11 18 16 3 2 14 10 27 
2 5
3 19 16 29 23 
12 4
28 9 29 23 
17 5
27 20 29 8 1 
27 8
19 29 4 17 9 3 11 25 
28 7
16 12 7 14 4 25 18 
18 5
23 3 14 19 28 
25 5
4 28 27 13 14 
4 7
22 25 11 26 19 27 28 
14 10
15 0 19 26 28 18 1 20 11 25 
26 11
24 8 4 20 14 9 6 15 22 23 7 
23 9
0 18 5 3 26 2 6 9 12 
22 4
1 4 26 11 
15 4
14 26 13 24 
6 3
8 26 23 
9 6
16 27 19 26 12 23 
20 6
26 14 17 10 0 5 
8 5
6 26 19 17 21 
24 3
26 19 15 
11 6
4 14 27 19 10 22 
1 3
22 14 17 
0 6
23 21 14 20 13 3 
21 5
0 5 3 19 8 
10 4
20 19 5 11 
16 5
28 9 2 19 7 
3 8
7 21 18 27 2 19 23 0 
5 5
13 21 10 23 20 
