30
24 7
2 8 21 11 18 1 3 
3 7
12 27 23 0 24 26 5 
11 4
4 12 8 24 
21 10
19 26 18 5 10 0 24 4 17 25 
8 10
25 19 11 24 0 16 14 1 18 6 
2 3
24 0 14 
6 4
1 10 0 8 
18 6
4 24 21 8 9 1 
14 7
13 7 25 8 22 23 2 
16 6
4 20 5 8 13 22 
0 9
13 3 2 6 22 23 21 17 8 
12 3
11 3 5 
5 6
22 4 16 21 3 12 
4 8
16 25 29 15 18 5 11 21 
1 4
8 24 6 18 
9 2
27 18 
23 3
3 14 0 
25 4
8 14 4 21 
26 3
21 3 27 
27 5
3 9 17 26 20 
20 2
16 27 
22 6
14 5 19 7 0 16 
7 3
14 22 28 
19 4
21 8 22 17 
17 5
28 27 0 21 19 
13 7
14 0 10 15 29 16 28 
28 3
17 13 7 
29 3
15 4 13 
15 3
29 4 13 
10 3
21 6 13 
