100
92 2
69 42 
42 3
10 19 92 
89 3
40 73 6 
6 4
44 80 74 89 
60 2
30 14 
14 3
61 46 60 
78 2
45 57 
57 3
50 84 78 
45 5
26 51 70 78 16 
88 2
93 69 
69 8
56 92 37 96 44 54 5 88 
82 3
75 2 77 
77 4
29 49 71 82 
49 4
25 77 63 90 
90 4
40 54 51 49 
63 4
54 79 4 49 
40 4
90 56 89 21 
21 4
75 67 53 40 
20 3
30 75 55 
55 5
19 71 76 53 20 
86 2
52 27 
27 7
50 99 67 76 8 5 86 
91 1
1 
1 5
34 68 80 73 91 
19 9
55 97 33 64 58 50 25 66 42 
24 3
17 36 51 
51 8
22 18 70 38 90 96 45 24 
79 5
75 52 83 66 63 
71 7
85 99 55 80 84 98 77 
29 3
77 50 10 
10 7
83 32 42 54 11 37 29 
99 5
70 27 71 58 4 
4 6
93 46 80 63 87 99 
0 1
83 
83 5
84 79 2 10 0 
28 2
39 67 
67 10
61 21 44 46 43 27 28 23 52 65 
97 3
19 37 31 
31 5
96 47 54 3 97 
37 7
84 48 65 44 69 97 10 
54 7
90 84 31 63 10 69 73 
73 6
89 44 26 35 54 1 
68 5
1 9 32 87 56 
56 4
69 40 68 22 
87 4
4 72 48 68 
2 7
22 48 82 16 80 83 81 
96 6
69 31 34 51 47 3 
9 2
68 7 
7 5
84 80 85 9 12 
93 4
4 88 48 59 
59 1
93 
48 6
37 87 2 93 8 33 
94 3
85 38 61 
61 4
14 67 35 94 
38 3
11 51 94 
85 4
71 7 13 94 
34 3
1 41 96 
41 3
44 75 34 
46 7
66 67 47 4 58 44 14 
53 3
30 55 21 
26 4
84 45 73 17 
17 3
24 26 50 
16 2
2 45 
32 4
10 68 44 76 
76 5
43 27 55 32 15 
5 2
27 69 
72 1
87 
50 5
57 29 19 27 17 
65 3
67 37 11 
43 4
76 67 64 30 
11 4
10 25 38 65 
12 1
7 
80 6
1 4 71 7 6 2 
44 8
6 32 46 67 69 73 41 37 
58 4
99 46 52 19 
22 4
2 51 64 56 
66 3
46 19 79 
15 2
18 76 
13 2
85 39 
23 3
67 33 47 
47 5
31 46 96 36 23 
39 2
28 13 
33 3
19 23 48 
98 3
52 3 71 
84 8
83 7 62 54 26 57 37 71 
52 5
98 79 67 86 58 
75 6
21 79 20 82 41 18 
18 5
15 51 75 30 95 
35 2
61 73 
95 1
18 
8 2
48 27 
70 4
99 25 51 45 
3 4
98 31 96 62 
30 6
18 20 60 64 53 43 
64 4
19 22 30 43 
36 2
24 47 
74 1
6 
25 4
70 49 11 19 
81 1
2 
62 2
84 3 
