20
12 10
19 16 14 7 6 0 5 18 1 4 
4 4
8 6 2 12 
1 12
11 0 15 13 14 3 6 8 16 12 2 19 
18 9
3 0 10 15 13 2 11 12 17 
5 8
8 15 10 11 6 12 2 3 
0 11
8 19 7 13 1 3 18 9 11 12 6 
6 11
12 4 17 10 15 0 5 1 7 13 2 
3 10
2 0 15 13 8 17 9 18 1 5 
2 12
19 9 17 7 4 10 15 6 3 1 18 5 
11 9
9 1 5 18 0 15 19 7 16 
13 10
19 7 0 15 9 6 1 3 18 14 
14 7
1 12 17 10 8 16 13 
9 9
11 2 13 7 0 10 3 16 8 
15 11
5 1 3 18 7 13 16 6 2 11 10 
10 8
7 6 2 5 18 9 14 15 
16 9
8 19 9 12 15 7 1 11 14 
8 8
14 4 16 0 5 1 3 9 
7 10
13 0 10 15 12 6 9 16 2 11 
17 5
14 2 6 3 18 
19 7
13 16 12 0 2 11 1 
