100
14 1
23 
23 3
52 79 14 
49 1
47 
47 2
33 49 
91 1
64 
64 2
78 91 
79 1
23 
52 5
78 94 7 28 23 
72 1
65 
65 2
56 72 
60 2
87 13 
13 5
9 35 67 7 60 
34 2
7 25 
25 2
4 34 
89 1
18 
18 2
38 89 
4 8
99 56 38 25 44 83 19 51 
77 2
88 53 
53 4
20 1 80 77 
5 1
33 
33 4
56 98 47 5 
82 2
92 87 
87 4
60 39 99 82 
40 1
76 
76 4
46 56 66 40 
42 1
41 
41 3
55 50 42 
2 2
71 8 
8 2
69 2 
48 2
3 38 
38 3
4 18 48 
51 1
4 
28 3
83 52 29 
80 3
67 19 53 
29 1
28 
99 3
4 87 0 
0 5
55 99 62 81 96 
45 1
39 
39 3
20 87 45 
57 1
93 
93 3
12 57 30 
31 2
55 3 
3 3
56 48 31 
55 5
56 0 32 41 31 
17 1
26 
26 4
15 85 74 17 
63 1
12 
12 3
81 93 63 
92 2
82 78 
78 5
52 94 69 64 92 
94 3
78 52 58 
58 2
11 94 
71 4
24 2 97 90 
90 1
71 
97 1
71 
24 6
73 56 20 71 86 27 
81 3
0 12 37 
20 6
24 22 88 69 39 53 
11 2
69 58 
69 9
20 9 74 22 78 11 21 15 8 
73 1
24 
83 3
4 28 54 
54 1
83 
27 1
24 
86 1
24 
56 8
3 24 33 76 55 4 10 65 
10 2
56 84 
85 2
26 88 
88 5
77 20 61 16 85 
22 4
62 20 69 70 
70 1
22 
9 3
69 13 43 
43 1
9 
30 1
93 
96 1
0 
62 3
0 22 95 
50 1
41 
44 2
4 46 
46 2
76 44 
84 1
10 
6 1
16 
16 2
88 6 
98 1
33 
1 1
53 
66 2
76 68 
36 1
67 
67 3
80 13 36 
95 1
62 
32 2
55 59 
19 3
21 80 4 
61 1
88 
7 3
34 52 13 
74 2
26 69 
35 1
13 
59 1
32 
15 2
69 26 
21 2
19 69 
37 2
81 75 
68 1
66 
75 1
37 
