50
5 9
38 19 35 20 27 41 6 33 44 
44 8
39 40 35 25 37 49 8 5 
31 5
29 43 37 2 26 
26 12
45 16 46 49 11 14 40 39 30 25 48 31 
43 5
31 15 41 35 39 
39 6
44 48 26 7 30 43 
13 6
42 35 48 14 6 25 
25 10
14 49 8 44 42 28 35 26 41 13 
9 8
7 11 17 40 22 36 2 4 
4 8
2 15 10 11 40 34 9 16 
2 13
46 4 38 6 7 41 17 28 31 9 12 10 0 
0 5
40 21 15 45 2 
29 8
6 19 21 24 11 31 17 40 
40 14
38 47 4 49 36 29 15 42 12 0 9 20 26 44 
49 10
35 26 25 1 41 40 46 8 44 47 
47 9
38 6 17 15 24 21 35 40 49 
42 8
13 48 45 35 19 25 40 23 
23 8
7 6 37 14 34 18 3 42 
16 5
26 8 3 1 4 
20 4
5 22 40 24 
24 11
38 22 17 28 29 47 46 37 1 14 20 
21 9
46 12 29 0 35 11 18 47 7 
7 10
17 9 2 23 30 22 8 39 37 21 
3 7
38 16 35 28 27 10 23 
19 10
45 33 17 30 6 32 42 29 5 18 
18 8
12 21 1 28 23 30 19 6 
46 10
12 2 26 49 48 27 17 21 37 24 
17 10
7 19 2 11 24 28 9 47 29 46 
27 6
48 28 46 8 5 3 
28 12
35 2 32 24 34 25 10 15 3 18 17 27 
15 9
32 43 4 47 40 28 48 41 0 
41 10
25 30 22 36 5 49 43 32 2 15 
35 12
28 13 42 44 5 3 25 49 43 47 21 11 
11 11
6 30 17 9 21 4 29 34 38 26 35 
8 8
25 49 7 6 27 16 44 45 
37 6
31 23 46 44 24 7 
10 5
45 2 4 28 3 
6 10
11 47 29 13 23 8 19 2 5 18 
30 7
7 41 11 18 19 26 39 
48 8
26 13 32 39 42 27 46 15 
38 10
47 40 3 5 2 36 22 24 11 33 
45 6
19 26 42 0 10 8 
36 5
1 41 9 40 38 
14 5
23 26 13 25 24 
1 6
36 49 16 18 24 12 
33 5
19 34 5 38 32 
22 6
24 20 7 41 9 38 
32 6
48 28 15 19 41 33 
34 5
33 23 11 28 4 
12 6
21 46 40 2 18 1 
