20
10 7
6 8 1 7 9 17 14 
14 8
3 1 18 17 9 12 0 10 
17 8
1 5 11 16 4 10 14 6 
9 10
4 10 6 2 1 3 18 7 16 14 
7 11
13 19 8 4 18 1 5 0 10 9 12 
8 10
7 10 15 18 3 1 5 2 19 16 
16 9
17 9 15 0 3 8 19 2 4 
19 8
7 2 16 8 1 18 11 6 
5 6
4 13 7 18 17 8 
1 12
17 9 19 2 14 4 8 10 0 6 18 7 
3 8
6 12 14 8 16 0 9 13 
15 4
0 16 8 18 
13 4
7 5 3 0 
0 10
14 2 15 1 3 18 16 11 7 13 
18 11
8 14 12 5 1 2 19 7 9 0 15 
4 9
12 7 5 1 9 17 2 6 16 
2 9
0 11 19 9 4 1 18 8 16 
6 7
10 9 17 3 1 4 19 
12 5
4 3 18 14 7 
11 4
17 0 2 19 
