100
34 4
73 8 76 77 
77 4
96 76 83 34 
5 2
25 49 
49 5
41 20 89 71 5 
99 4
74 70 68 26 
26 3
69 21 99 
29 4
43 47 35 88 
88 2
66 29 
75 3
57 97 69 
69 4
16 26 3 75 
72 2
6 47 
47 4
29 66 98 72 
36 2
79 33 
33 4
44 58 43 36 
94 2
80 83 
83 9
96 56 42 77 24 18 1 4 94 
28 2
8 91 
91 4
60 27 28 55 
73 2
34 17 
17 5
84 53 22 57 73 
64 3
93 12 51 
51 8
21 70 98 55 68 44 86 64 
41 4
49 15 84 24 
24 4
63 83 78 41 
0 1
53 
53 5
2 3 17 10 0 
79 4
89 36 13 7 
7 2
21 79 
13 5
84 3 63 74 79 
56 4
68 83 67 19 
19 10
42 40 18 68 4 58 21 65 87 56 
82 2
31 81 
81 3
60 10 82 
31 4
37 1 40 82 
98 6
45 70 15 58 51 47 
96 4
63 77 83 25 
25 6
5 3 48 8 96 87 
43 3
29 84 33 
60 3
91 81 1 
1 7
16 44 67 31 22 83 60 
15 2
41 98 
65 4
87 22 38 19 
86 1
51 
44 7
39 1 9 58 51 33 62 
14 3
30 90 40 
40 5
19 57 27 31 14 
12 2
64 54 
54 4
45 16 11 12 
45 4
54 18 92 98 
21 5
7 51 50 19 26 
71 2
10 49 
20 4
67 95 49 84 
42 6
38 19 67 23 52 83 
52 2
8 42 
23 2
42 59 
67 10
1 3 66 9 20 90 56 70 42 6 
80 3
9 94 89 
89 4
49 79 27 80 
68 8
56 19 51 99 9 18 50 39 
39 4
44 87 38 68 
50 3
8 21 68 
18 5
30 83 68 19 45 
9 6
80 67 97 44 68 37 
27 7
93 4 3 40 89 30 91 
48 4
95 32 25 11 
11 5
6 48 54 97 93 
38 6
58 42 39 63 65 30 
30 4
14 18 27 38 
61 3
37 55 6 
6 5
11 67 72 61 16 
78 1
24 
4 5
27 83 32 19 35 
87 4
65 39 19 25 
8 6
52 34 16 28 50 25 
3 9
70 13 67 69 58 53 85 27 25 
2 3
53 46 76 
76 4
34 77 97 2 
95 2
48 20 
58 8
38 98 92 3 16 33 44 19 
84 5
17 43 41 13 20 
59 1
23 
22 4
65 17 1 92 
92 3
58 45 22 
85 2
90 3 
97 4
11 75 9 76 
57 3
40 75 17 
62 1
44 
55 3
51 61 91 
37 3
61 31 9 
93 4
64 27 11 10 
10 4
53 71 81 93 
35 2
29 4 
63 5
96 24 38 66 13 
66 5
47 67 63 46 88 
90 3
85 14 67 
46 2
2 66 
70 5
51 3 98 99 67 
74 2
99 13 
32 2
48 4 
16 6
1 58 8 69 54 6 
